Index SegId NVoxels Volume_mm3 StructName normMean normStdDev normMin normMax normRange
1 4 11053 11435.1 Left-Lateral-Ventricle 32.0932 11.3315 13.0000 99.0000 86.0000
2 5 212 253.2 Left-Inf-Lat-Vent 48.2736 12.4082 19.0000 78.0000 59.0000
3 7 22779 23345.1 Left-Cerebellum-White-Matter 87.8370 7.2939 39.0000 110.0000 71.0000
4 8 65521 64963.9 Left-Cerebellum-Cortex 64.8445 11.6429 10.0000 106.0000 96.0000
5 10 9057 8769.6 Left-Thalamus 92.0378 9.7849 37.0000 112.0000 75.0000
6 11 3409 3403.2 Left-Caudate 77.7818 7.8473 47.0000 101.0000 54.0000
7 12 4693 4723.7 Left-Putamen 88.2960 6.3463 63.0000 108.0000 45.0000
8 13 2096 2052.9 Left-Pallidum 103.0439 5.0401 43.0000 122.0000 79.0000
9 14 2096 2182.4 3rd-Ventricle 35.5339 10.8830 17.0000 80.0000 63.0000
10 15 3250 3453.5 4th-Ventricle 33.4277 9.6204 13.0000 81.0000 68.0000
11 16 25757 25425.6 Brain-Stem 86.3440 10.2192 25.0000 112.0000 87.0000
12 17 4681 4540.4 Left-Hippocampus 70.0983 7.4631 37.0000 100.0000 63.0000
13 18 1510 1541.0 Left-Amygdala 73.0457 6.1628 44.0000 89.0000 45.0000
14 24 1508 1414.7 CSF 50.0179 13.5033 21.0000 109.0000 88.0000
15 26 445 449.7 Left-Accumbens-area 73.1101 4.9923 45.0000 87.0000 42.0000
16 28 4904 4744.6 Left-VentralDC 93.6124 10.7545 36.0000 114.0000 78.0000
17 30 15 28.5 Left-vessel 63.6000 5.5908 53.0000 73.0000 20.0000
18 31 828 769.5 Left-choroid-plexus 52.6063 11.1581 25.0000 82.0000 57.0000
19 43 11140 11362.2 Right-Lateral-Ventricle 33.1492 11.8535 16.0000 89.0000 73.0000
20 44 290 387.0 Right-Inf-Lat-Vent 50.2724 9.4484 26.0000 72.0000 46.0000
21 46 21157 22163.9 Right-Cerebellum-White-Matter 86.7826 6.7425 31.0000 109.0000 78.0000
22 47 68134 67348.4 Right-Cerebellum-Cortex 66.5270 11.8616 17.0000 102.0000 85.0000
23 49 8457 8114.2 Right-Thalamus 90.4661 9.3502 38.0000 110.0000 72.0000
24 50 3629 3556.4 Right-Caudate 77.4431 7.7935 46.0000 101.0000 55.0000
25 51 4809 4788.3 Right-Putamen 86.0385 7.2290 45.0000 103.0000 58.0000
26 52 2109 2053.3 Right-Pallidum 101.4917 4.3909 79.0000 113.0000 34.0000
27 53 4772 4560.8 Right-Hippocampus 71.8887 7.5036 27.0000 98.0000 71.0000
28 54 1749 1772.1 Right-Amygdala 70.8542 6.4830 34.0000 88.0000 54.0000
29 58 674 659.3 Right-Accumbens-area 73.1009 5.6109 50.0000 92.0000 42.0000
30 60 5065 4814.1 Right-VentralDC 92.6630 11.8149 27.0000 114.0000 87.0000
31 62 24 35.0 Right-vessel 60.8750 7.9799 44.0000 73.0000 29.0000
32 63 846 795.8 Right-choroid-plexus 53.6915 11.1263 24.0000 81.0000 57.0000
33 72 0 0.0 5th-Ventricle 0.0000 0.0000 0.0000 0.0000 0.0000
34 77 1530 1411.3 WM-hypointensities 68.9000 12.3459 18.0000 106.0000 88.0000
35 78 0 0.0 Left-WM-hypointensities 0.0000 0.0000 0.0000 0.0000 0.0000
36 79 0 0.0 Right-WM-hypointensities 0.0000 0.0000 0.0000 0.0000 0.0000
37 80 0 0.0 non-WM-hypointensities 0.0000 0.0000 0.0000 0.0000 0.0000
38 81 0 0.0 Left-non-WM-hypointensities 0.0000 0.0000 0.0000 0.0000 0.0000
39 82 0 0.0 Right-non-WM-hypointensities 0.0000 0.0000 0.0000 0.0000 0.0000
40 85 241 233.7 Optic-Chiasm 75.6141 14.6883 37.0000 103.0000 66.0000
41 251 937 850.2 CC_Posterior 94.6190 16.4143 34.0000 112.0000 78.0000
42 252 614 534.8 CC_Mid_Posterior 89.4919 19.9384 25.0000 115.0000 90.0000
43 253 639 531.2 CC_Central 87.3490 18.7722 37.0000 110.0000 73.0000
44 254 476 428.6 CC_Mid_Anterior 94.9244 15.0939 46.0000 111.0000 65.0000
45 255 1025 945.9 CC_Anterior 97.3990 13.2883 44.0000 111.0000 67.0000
