Index SegId NVoxels Volume_mm3 StructName normMean normStdDev normMin normMax normRange
1 4 10806 11099.7 Left-Lateral-Ventricle 32.2535 11.5519 13.0000 91.0000 78.0000
2 5 252 317.0 Left-Inf-Lat-Vent 51.5317 12.5363 22.0000 76.0000 54.0000
3 7 21024 21764.8 Left-Cerebellum-White-Matter 87.2602 6.8916 29.0000 112.0000 83.0000
4 8 66529 65796.9 Left-Cerebellum-Cortex 64.8655 11.6198 9.0000 105.0000 96.0000
5 10 9397 9143.1 Left-Thalamus 91.8316 9.3181 34.0000 111.0000 77.0000
6 11 3562 3518.4 Left-Caudate 79.0722 7.8309 40.0000 103.0000 63.0000
7 12 4866 4835.1 Left-Putamen 86.3208 6.1540 63.0000 104.0000 41.0000
8 13 2069 2036.3 Left-Pallidum 100.0561 3.9038 58.0000 112.0000 54.0000
9 14 2000 2108.7 3rd-Ventricle 35.5410 10.5944 21.0000 71.0000 50.0000
10 15 3047 3261.2 4th-Ventricle 32.5038 9.8141 12.0000 75.0000 63.0000
11 16 25875 25531.2 Brain-Stem 84.8742 10.1811 19.0000 125.0000 106.0000
12 17 4698 4543.3 Left-Hippocampus 70.6980 8.1872 25.0000 100.0000 75.0000
13 18 1571 1598.0 Left-Amygdala 70.8498 6.0186 42.0000 88.0000 46.0000
14 24 1343 1290.0 CSF 49.4765 12.7933 23.0000 100.0000 77.0000
15 26 518 507.8 Left-Accumbens-area 76.2124 6.1094 43.0000 92.0000 49.0000
16 28 5225 5052.4 Left-VentralDC 92.2176 10.6396 34.0000 113.0000 79.0000
17 30 26 41.4 Left-vessel 61.3846 5.8177 47.0000 71.0000 24.0000
18 31 626 593.7 Left-choroid-plexus 52.9010 12.0723 28.0000 96.0000 68.0000
19 43 11032 11144.2 Right-Lateral-Ventricle 32.6875 12.5859 10.0000 90.0000 80.0000
20 44 222 278.2 Right-Inf-Lat-Vent 46.8514 10.6906 22.0000 71.0000 49.0000
21 46 20168 21127.6 Right-Cerebellum-White-Matter 86.0600 6.7664 24.0000 107.0000 83.0000
22 47 66091 65614.3 Right-Cerebellum-Cortex 62.2855 11.8226 10.0000 97.0000 87.0000
23 49 7992 7621.8 Right-Thalamus 89.9811 9.6232 28.0000 110.0000 82.0000
24 50 3785 3734.7 Right-Caudate 77.5873 7.7175 44.0000 102.0000 58.0000
25 51 5152 5119.7 Right-Putamen 84.9497 6.2462 38.0000 104.0000 66.0000
26 52 2307 2316.0 Right-Pallidum 98.9805 3.9485 44.0000 109.0000 65.0000
27 53 4714 4569.6 Right-Hippocampus 70.8534 8.1008 30.0000 100.0000 70.0000
28 54 1843 1831.2 Right-Amygdala 70.7526 6.2307 32.0000 91.0000 59.0000
29 58 585 582.0 Right-Accumbens-area 75.9231 5.0670 52.0000 93.0000 41.0000
30 60 5249 4987.4 Right-VentralDC 91.4258 11.3326 26.0000 115.0000 89.0000
31 62 12 24.4 Right-vessel 53.1667 10.2322 33.0000 66.0000 33.0000
32 63 690 663.7 Right-choroid-plexus 53.3333 12.3123 23.0000 80.0000 57.0000
33 72 0 0.0 5th-Ventricle 0.0000 0.0000 0.0000 0.0000 0.0000
34 77 1441 1346.7 WM-hypointensities 69.6100 13.0342 18.0000 105.0000 87.0000
35 78 0 0.0 Left-WM-hypointensities 0.0000 0.0000 0.0000 0.0000 0.0000
36 79 0 0.0 Right-WM-hypointensities 0.0000 0.0000 0.0000 0.0000 0.0000
37 80 0 0.0 non-WM-hypointensities 0.0000 0.0000 0.0000 0.0000 0.0000
38 81 0 0.0 Left-non-WM-hypointensities 0.0000 0.0000 0.0000 0.0000 0.0000
39 82 0 0.0 Right-non-WM-hypointensities 0.0000 0.0000 0.0000 0.0000 0.0000
40 85 216 216.7 Optic-Chiasm 80.1944 16.6034 34.0000 106.0000 72.0000
41 251 912 841.0 CC_Posterior 94.8947 16.1818 36.0000 110.0000 74.0000
42 252 649 573.1 CC_Mid_Posterior 88.4422 18.6858 33.0000 110.0000 77.0000
43 253 683 593.9 CC_Central 84.5242 19.2959 28.0000 108.0000 80.0000
44 254 547 501.9 CC_Mid_Anterior 92.8976 13.5749 40.0000 108.0000 68.0000
45 255 905 842.0 CC_Anterior 97.9635 11.7984 36.0000 115.0000 79.0000
