Index SegId NVoxels Volume_mm3 StructName normMean normStdDev normMin normMax normRange
1 4 10786 11172.4 Left-Lateral-Ventricle 29.3714 11.8262 12.0000 84.0000 72.0000
2 5 286 351.5 Left-Inf-Lat-Vent 50.6573 11.9646 21.0000 79.0000 58.0000
3 7 20772 21487.7 Left-Cerebellum-White-Matter 88.5952 6.7668 28.0000 110.0000 82.0000
4 8 66950 66496.0 Left-Cerebellum-Cortex 67.1817 11.1736 13.0000 99.0000 86.0000
5 10 9089 8802.2 Left-Thalamus 89.3462 9.4636 29.0000 107.0000 78.0000
6 11 3619 3570.8 Left-Caudate 76.1857 8.7238 22.0000 103.0000 81.0000
7 12 5098 4997.5 Left-Putamen 86.0286 6.4169 59.0000 106.0000 47.0000
8 13 2025 2009.4 Left-Pallidum 100.3857 3.7061 65.0000 110.0000 45.0000
9 14 2048 2104.6 3rd-Ventricle 32.6055 11.2418 14.0000 68.0000 54.0000
10 15 2948 3298.0 4th-Ventricle 31.9383 7.8594 19.0000 78.0000 59.0000
11 16 26116 25723.7 Brain-Stem 84.2817 10.1378 24.0000 113.0000 89.0000
12 17 4673 4506.9 Left-Hippocampus 69.8363 7.5743 30.0000 96.0000 66.0000
13 18 1521 1535.6 Left-Amygdala 69.9638 6.1050 47.0000 88.0000 41.0000
14 24 1529 1499.2 CSF 45.1524 11.8037 18.0000 95.0000 77.0000
15 26 494 493.4 Left-Accumbens-area 70.8259 5.1785 46.0000 83.0000 37.0000
16 28 5279 5150.3 Left-VentralDC 91.5435 10.8319 34.0000 110.0000 76.0000
17 30 15 28.4 Left-vessel 60.0000 6.5137 51.0000 74.0000 23.0000
18 31 833 742.8 Left-choroid-plexus 50.7803 11.7497 21.0000 78.0000 57.0000
19 43 10649 10807.2 Right-Lateral-Ventricle 30.3412 12.7431 11.0000 89.0000 78.0000
20 44 258 339.3 Right-Inf-Lat-Vent 49.9457 10.4329 24.0000 75.0000 51.0000
21 46 21531 22471.2 Right-Cerebellum-White-Matter 87.0629 6.8788 26.0000 110.0000 84.0000
22 47 67781 67075.0 Right-Cerebellum-Cortex 67.0418 11.2435 16.0000 99.0000 83.0000
23 49 8263 7937.1 Right-Thalamus 87.6325 9.4128 25.0000 106.0000 81.0000
24 50 3730 3663.4 Right-Caudate 75.7475 8.3639 33.0000 98.0000 65.0000
25 51 5177 5075.8 Right-Putamen 84.7734 7.0616 40.0000 104.0000 64.0000
26 52 2093 2067.6 Right-Pallidum 99.5461 3.7391 85.0000 108.0000 23.0000
27 53 4723 4578.4 Right-Hippocampus 71.1476 8.1661 24.0000 102.0000 78.0000
28 54 1819 1812.7 Right-Amygdala 70.7620 6.5223 39.0000 88.0000 49.0000
29 58 689 628.2 Right-Accumbens-area 71.2163 6.2718 36.0000 94.0000 58.0000
30 60 5382 5211.1 Right-VentralDC 91.5314 10.7714 39.0000 110.0000 71.0000
31 62 10 19.2 Right-vessel 58.9000 8.3060 44.0000 69.0000 25.0000
32 63 766 717.0 Right-choroid-plexus 50.8603 11.7628 24.0000 82.0000 58.0000
33 72 0 0.0 5th-Ventricle 0.0000 0.0000 0.0000 0.0000 0.0000
34 77 1779 1644.9 WM-hypointensities 69.6402 10.9980 22.0000 98.0000 76.0000
35 78 0 0.0 Left-WM-hypointensities 0.0000 0.0000 0.0000 0.0000 0.0000
36 79 0 0.0 Right-WM-hypointensities 0.0000 0.0000 0.0000 0.0000 0.0000
37 80 0 0.0 non-WM-hypointensities 0.0000 0.0000 0.0000 0.0000 0.0000
38 81 0 0.0 Left-non-WM-hypointensities 0.0000 0.0000 0.0000 0.0000 0.0000
39 82 0 0.0 Right-non-WM-hypointensities 0.0000 0.0000 0.0000 0.0000 0.0000
40 85 241 248.8 Optic-Chiasm 75.2863 15.4501 30.0000 100.0000 70.0000
41 251 921 857.6 CC_Posterior 96.5548 17.1476 32.0000 115.0000 83.0000
42 252 613 541.8 CC_Mid_Posterior 90.6281 20.4231 14.0000 116.0000 102.0000
43 253 616 519.7 CC_Central 87.0828 19.8682 35.0000 116.0000 81.0000
44 254 487 444.0 CC_Mid_Anterior 94.8727 17.2359 42.0000 114.0000 72.0000
45 255 995 949.0 CC_Anterior 100.3618 13.4436 40.0000 118.0000 78.0000
