Index SegId NVoxels Volume_mm3 StructName normMean normStdDev normMin normMax normRange
1 4 11057 11241.8 Left-Lateral-Ventricle 19.7492 13.1921 0.0000 85.0000 85.0000
2 5 344 379.2 Left-Inf-Lat-Vent 40.1221 16.1692 2.0000 84.0000 82.0000
3 7 19342 20047.0 Left-Cerebellum-White-Matter 84.8465 7.8101 24.0000 117.0000 93.0000
4 8 68252 68204.7 Left-Cerebellum-Cortex 57.1843 13.3184 0.0000 117.0000 117.0000
5 10 8957 8761.6 Left-Thalamus 84.8296 10.2640 22.0000 115.0000 93.0000
6 11 3907 3810.2 Left-Caudate 70.8011 9.0022 31.0000 98.0000 67.0000
7 12 5120 5007.8 Left-Putamen 78.9588 8.0681 50.0000 104.0000 54.0000
8 13 2051 2015.1 Left-Pallidum 98.1394 6.6880 29.0000 121.0000 92.0000
9 14 1975 2004.6 3rd-Ventricle 23.9337 12.9562 2.0000 85.0000 83.0000
10 15 3283 3396.2 4th-Ventricle 21.3875 11.3082 3.0000 75.0000 72.0000
11 16 24879 25035.4 Brain-Stem 80.8363 10.0506 8.0000 119.0000 111.0000
12 17 4559 4402.9 Left-Hippocampus 62.9221 8.5852 20.0000 99.0000 79.0000
13 18 1326 1324.4 Left-Amygdala 63.7368 7.5095 31.0000 85.0000 54.0000
14 24 1240 1199.0 CSF 35.5153 14.5544 4.0000 85.0000 81.0000
15 26 396 388.2 Left-Accumbens-area 70.2677 5.9474 43.0000 95.0000 52.0000
16 28 4498 4316.5 Left-VentralDC 90.6868 13.0367 22.0000 124.0000 102.0000
17 30 11 25.6 Left-vessel 53.9091 8.8256 42.0000 67.0000 25.0000
18 31 691 642.5 Left-choroid-plexus 47.7395 12.8704 17.0000 78.0000 61.0000
19 43 10690 10870.8 Right-Lateral-Ventricle 19.8701 13.1478 0.0000 83.0000 83.0000
20 44 404 474.7 Right-Inf-Lat-Vent 38.2376 14.4225 2.0000 75.0000 73.0000
21 46 20358 21029.6 Right-Cerebellum-White-Matter 83.4093 8.1866 16.0000 111.0000 95.0000
22 47 67367 67326.5 Right-Cerebellum-Cortex 57.7474 13.2317 0.0000 105.0000 105.0000
23 49 8152 7969.5 Right-Thalamus 83.3663 9.9778 19.0000 107.0000 88.0000
24 50 3996 3932.5 Right-Caudate 65.9287 8.7702 34.0000 97.0000 63.0000
25 51 5116 5006.6 Right-Putamen 78.1769 8.5030 17.0000 109.0000 92.0000
26 52 2190 2174.8 Right-Pallidum 99.0260 5.8954 61.0000 119.0000 58.0000
27 53 4429 4284.6 Right-Hippocampus 63.5143 9.1196 12.0000 98.0000 86.0000
28 54 1661 1654.6 Right-Amygdala 63.1921 7.8223 29.0000 88.0000 59.0000
29 58 490 466.0 Right-Accumbens-area 66.4694 7.3535 34.0000 90.0000 56.0000
30 60 4605 4463.1 Right-VentralDC 90.5963 12.5083 23.0000 122.0000 99.0000
31 62 8 15.9 Right-vessel 46.3750 13.4689 22.0000 62.0000 40.0000
32 63 779 697.2 Right-choroid-plexus 49.4082 13.8162 0.0000 81.0000 81.0000
33 72 0 0.0 5th-Ventricle 0.0000 0.0000 0.0000 0.0000 0.0000
34 77 2539 2481.4 WM-hypointensities 71.4659 12.3164 8.0000 110.0000 102.0000
35 78 0 0.0 Left-WM-hypointensities 0.0000 0.0000 0.0000 0.0000 0.0000
36 79 0 0.0 Right-WM-hypointensities 0.0000 0.0000 0.0000 0.0000 0.0000
37 80 0 0.0 non-WM-hypointensities 0.0000 0.0000 0.0000 0.0000 0.0000
38 81 0 0.0 Left-non-WM-hypointensities 0.0000 0.0000 0.0000 0.0000 0.0000
39 82 0 0.0 Right-non-WM-hypointensities 0.0000 0.0000 0.0000 0.0000 0.0000
40 85 227 221.9 Optic-Chiasm 80.4582 21.0400 25.0000 129.0000 104.0000
41 251 971 924.5 CC_Posterior 111.8610 27.7595 27.0000 149.0000 122.0000
42 252 680 582.3 CC_Mid_Posterior 103.5412 27.8801 10.0000 144.0000 134.0000
43 253 934 811.1 CC_Central 96.7848 26.0464 5.0000 141.0000 136.0000
44 254 1022 939.6 CC_Mid_Anterior 96.2984 23.9276 13.0000 140.0000 127.0000
45 255 998 970.3 CC_Anterior 117.7204 24.3503 32.0000 159.0000 127.0000
