Index SegId NVoxels Volume_mm3 StructName normMean normStdDev normMin normMax normRange
1 4 10663 11011.9 Left-Lateral-Ventricle 32.3490 11.5722 12.0000 88.0000 76.0000
2 5 195 243.0 Left-Inf-Lat-Vent 50.0462 13.9252 16.0000 74.0000 58.0000
3 7 19870 20692.1 Left-Cerebellum-White-Matter 87.3790 5.7350 31.0000 108.0000 77.0000
4 8 67754 66958.6 Left-Cerebellum-Cortex 67.7232 11.1619 10.0000 103.0000 93.0000
5 10 8787 8496.3 Left-Thalamus 90.8925 8.9479 32.0000 115.0000 83.0000
6 11 3342 3304.4 Left-Caudate 79.0682 8.2927 46.0000 102.0000 56.0000
7 12 4615 4645.0 Left-Putamen 88.9296 5.7168 70.0000 109.0000 39.0000
8 13 2111 2056.9 Left-Pallidum 101.2160 3.5459 70.0000 111.0000 41.0000
9 14 2082 2161.6 3rd-Ventricle 35.8160 10.6438 13.0000 73.0000 60.0000
10 15 3137 3339.9 4th-Ventricle 33.7772 9.4936 13.0000 73.0000 60.0000
11 16 26065 25630.0 Brain-Stem 84.8596 9.7163 22.0000 113.0000 91.0000
12 17 4732 4507.4 Left-Hippocampus 72.9486 7.5246 37.0000 97.0000 60.0000
13 18 1480 1524.4 Left-Amygdala 74.1608 5.9818 43.0000 90.0000 47.0000
14 24 1484 1392.6 CSF 49.1321 13.1250 22.0000 122.0000 100.0000
15 26 371 373.8 Left-Accumbens-area 75.7385 5.3432 44.0000 91.0000 47.0000
16 28 5078 4847.2 Left-VentralDC 91.6965 10.2535 26.0000 113.0000 87.0000
17 30 13 28.6 Left-vessel 66.1538 3.3627 61.0000 73.0000 12.0000
18 31 779 716.5 Left-choroid-plexus 52.6816 11.2560 28.0000 82.0000 54.0000
19 43 11054 11221.8 Right-Lateral-Ventricle 31.8698 12.2821 13.0000 93.0000 80.0000
20 44 277 352.2 Right-Inf-Lat-Vent 51.9025 11.5631 23.0000 81.0000 58.0000
21 46 20044 20935.9 Right-Cerebellum-White-Matter 86.1147 6.1775 28.0000 111.0000 83.0000
22 47 67689 67164.8 Right-Cerebellum-Cortex 65.3383 11.7178 11.0000 106.0000 95.0000
23 49 7864 7547.0 Right-Thalamus 89.6002 9.3141 33.0000 106.0000 73.0000
24 50 3725 3633.8 Right-Caudate 77.2201 8.2369 45.0000 100.0000 55.0000
25 51 4964 4902.3 Right-Putamen 86.3384 5.9852 55.0000 103.0000 48.0000
26 52 2072 2047.1 Right-Pallidum 99.4739 3.4931 78.0000 109.0000 31.0000
27 53 4710 4495.6 Right-Hippocampus 73.1123 8.4325 35.0000 107.0000 72.0000
28 54 2011 2011.9 Right-Amygdala 73.4381 6.5962 39.0000 92.0000 53.0000
29 58 577 553.5 Right-Accumbens-area 76.4905 5.7216 43.0000 93.0000 50.0000
30 60 5477 5248.4 Right-VentralDC 91.8689 10.6627 32.0000 112.0000 80.0000
31 62 9 20.5 Right-vessel 53.2222 10.7212 41.0000 67.0000 26.0000
32 63 728 682.2 Right-choroid-plexus 52.2198 11.7052 23.0000 79.0000 56.0000
33 72 0 0.0 5th-Ventricle 0.0000 0.0000 0.0000 0.0000 0.0000
34 77 1621 1494.0 WM-hypointensities 69.9790 12.1422 22.0000 103.0000 81.0000
35 78 0 0.0 Left-WM-hypointensities 0.0000 0.0000 0.0000 0.0000 0.0000
36 79 0 0.0 Right-WM-hypointensities 0.0000 0.0000 0.0000 0.0000 0.0000
37 80 0 0.0 non-WM-hypointensities 0.0000 0.0000 0.0000 0.0000 0.0000
38 81 0 0.0 Left-non-WM-hypointensities 0.0000 0.0000 0.0000 0.0000 0.0000
39 82 0 0.0 Right-non-WM-hypointensities 0.0000 0.0000 0.0000 0.0000 0.0000
40 85 213 220.9 Optic-Chiasm 77.6667 16.2929 28.0000 110.0000 82.0000
41 251 930 834.3 CC_Posterior 95.4753 17.0846 38.0000 117.0000 79.0000
42 252 633 563.4 CC_Mid_Posterior 89.1912 17.3261 30.0000 121.0000 91.0000
43 253 724 644.2 CC_Central 86.5083 17.3362 41.0000 123.0000 82.0000
44 254 680 616.6 CC_Mid_Anterior 88.6574 13.8880 36.0000 108.0000 72.0000
45 255 945 886.0 CC_Anterior 99.6646 13.7641 36.0000 118.0000 82.0000
