Index SegId NVoxels Volume_mm3 StructName normMean normStdDev normMin normMax normRange
1 4 10784 11131.5 Left-Lateral-Ventricle 33.8172 11.4579 17.0000 91.0000 74.0000
2 5 210 264.4 Left-Inf-Lat-Vent 50.1000 11.4910 22.0000 77.0000 55.0000
3 7 21899 22710.4 Left-Cerebellum-White-Matter 87.0092 6.6607 37.0000 107.0000 70.0000
4 8 68155 67530.3 Left-Cerebellum-Cortex 63.7307 11.3587 12.0000 102.0000 90.0000
5 10 9584 9312.7 Left-Thalamus 91.4562 9.1090 31.0000 110.0000 79.0000
6 11 3444 3422.9 Left-Caudate 78.3908 7.8763 46.0000 102.0000 56.0000
7 12 4851 4863.1 Left-Putamen 88.8543 6.3362 60.0000 105.0000 45.0000
8 13 1994 1988.0 Left-Pallidum 101.4458 4.4395 51.0000 113.0000 62.0000
9 14 2045 2137.7 3rd-Ventricle 36.0694 10.5697 17.0000 75.0000 58.0000
10 15 3081 3331.6 4th-Ventricle 35.2587 8.9561 20.0000 76.0000 56.0000
11 16 25762 25472.5 Brain-Stem 84.0381 10.0885 18.0000 113.0000 95.0000
12 17 4544 4410.9 Left-Hippocampus 71.2720 7.6002 37.0000 100.0000 63.0000
13 18 1477 1508.7 Left-Amygdala 72.0074 5.8994 41.0000 88.0000 47.0000
14 24 1590 1514.2 CSF 51.0208 12.0660 27.0000 105.0000 78.0000
15 26 510 501.2 Left-Accumbens-area 72.4784 4.6108 52.0000 85.0000 33.0000
16 28 5101 4932.6 Left-VentralDC 93.6810 11.1354 39.0000 114.0000 75.0000
17 30 15 28.5 Left-vessel 65.4667 5.6425 54.0000 75.0000 21.0000
18 31 829 776.1 Left-choroid-plexus 53.1037 11.0679 27.0000 83.0000 56.0000
19 43 10684 10853.1 Right-Lateral-Ventricle 35.1021 12.0709 17.0000 89.0000 72.0000
20 44 280 385.7 Right-Inf-Lat-Vent 51.6500 9.4875 30.0000 75.0000 45.0000
21 46 20244 21289.2 Right-Cerebellum-White-Matter 85.7990 6.7222 27.0000 105.0000 78.0000
22 47 69342 68606.3 Right-Cerebellum-Cortex 64.7502 11.1266 16.0000 98.0000 82.0000
23 49 8474 8152.7 Right-Thalamus 89.1303 9.2797 26.0000 107.0000 81.0000
24 50 3644 3608.4 Right-Caudate 76.8825 7.8838 39.0000 98.0000 59.0000
25 51 5018 5001.5 Right-Putamen 86.6991 7.0566 37.0000 103.0000 66.0000
26 52 2147 2127.3 Right-Pallidum 100.3931 3.7331 75.0000 111.0000 36.0000
27 53 4750 4568.0 Right-Hippocampus 72.0385 7.7667 27.0000 101.0000 74.0000
28 54 1665 1671.4 Right-Amygdala 72.4174 6.5789 37.0000 96.0000 59.0000
29 58 614 583.4 Right-Accumbens-area 72.1417 5.4582 44.0000 95.0000 51.0000
30 60 5226 4969.8 Right-VentralDC 91.5251 11.6607 32.0000 113.0000 81.0000
31 62 10 19.9 Right-vessel 61.4000 8.9963 42.0000 72.0000 30.0000
32 63 655 611.4 Right-choroid-plexus 54.2886 11.4845 26.0000 92.0000 66.0000
33 72 0 0.0 5th-Ventricle 0.0000 0.0000 0.0000 0.0000 0.0000
34 77 1608 1498.9 WM-hypointensities 70.4670 11.7790 22.0000 104.0000 82.0000
35 78 0 0.0 Left-WM-hypointensities 0.0000 0.0000 0.0000 0.0000 0.0000
36 79 0 0.0 Right-WM-hypointensities 0.0000 0.0000 0.0000 0.0000 0.0000
37 80 0 0.0 non-WM-hypointensities 0.0000 0.0000 0.0000 0.0000 0.0000
38 81 0 0.0 Left-non-WM-hypointensities 0.0000 0.0000 0.0000 0.0000 0.0000
39 82 0 0.0 Right-non-WM-hypointensities 0.0000 0.0000 0.0000 0.0000 0.0000
40 85 250 253.7 Optic-Chiasm 75.8120 14.1504 35.0000 100.0000 65.0000
41 251 956 869.0 CC_Posterior 95.7929 17.1426 42.0000 111.0000 69.0000
42 252 625 546.0 CC_Mid_Posterior 89.1088 17.9329 36.0000 111.0000 75.0000
43 253 630 526.1 CC_Central 87.6333 18.0761 38.0000 111.0000 73.0000
44 254 544 483.8 CC_Mid_Anterior 93.4559 15.9771 42.0000 111.0000 69.0000
45 255 965 906.4 CC_Anterior 100.1057 12.9680 41.0000 114.0000 73.0000
