Index SegId NVoxels Volume_mm3 StructName normMean normStdDev normMin normMax normRange
1 4 5648 6051.9 Left-Lateral-Ventricle 37.5621 12.6719 14.0000 84.0000 70.0000
2 5 273 320.9 Left-Inf-Lat-Vent 45.9121 12.7129 19.0000 78.0000 59.0000
3 7 20253 20742.2 Left-Cerebellum-White-Matter 84.0032 6.4653 33.0000 103.0000 70.0000
4 8 65413 65835.5 Left-Cerebellum-Cortex 60.6985 10.4174 16.0000 95.0000 79.0000
5 10 8191 7853.9 Left-Thalamus 90.2033 8.5417 43.0000 108.0000 65.0000
6 11 3122 3047.3 Left-Caudate 78.1666 7.7353 50.0000 101.0000 51.0000
7 12 4664 4600.7 Left-Putamen 90.0184 5.6279 66.0000 107.0000 41.0000
8 13 2051 2106.3 Left-Pallidum 100.9893 3.9324 63.0000 114.0000 51.0000
9 14 818 876.2 3rd-Ventricle 48.6430 13.4678 23.0000 85.0000 62.0000
10 15 1286 1401.8 4th-Ventricle 38.0918 11.6972 18.0000 83.0000 65.0000
11 16 25740 25622.6 Brain-Stem 85.3898 9.0383 31.0000 113.0000 82.0000
12 17 4447 4354.3 Left-Hippocampus 70.6188 7.7873 34.0000 102.0000 68.0000
13 18 1745 1796.6 Left-Amygdala 73.3771 5.8669 49.0000 91.0000 42.0000
14 24 1119 1116.1 CSF 56.3601 12.3557 26.0000 86.0000 60.0000
15 26 499 533.8 Left-Accumbens-area 73.6914 5.0089 49.0000 87.0000 38.0000
16 28 4509 4326.1 Left-VentralDC 93.1022 10.2755 39.0000 113.0000 74.0000
17 30 6 16.9 Left-vessel 66.0000 2.7568 63.0000 70.0000 7.0000
18 31 410 373.9 Left-choroid-plexus 53.6854 12.1627 28.0000 82.0000 54.0000
19 43 5771 6069.7 Right-Lateral-Ventricle 36.9698 12.7665 16.0000 91.0000 75.0000
20 44 135 181.3 Right-Inf-Lat-Vent 45.3037 11.4990 23.0000 77.0000 54.0000
21 46 18040 18718.6 Right-Cerebellum-White-Matter 86.5850 5.6711 44.0000 102.0000 58.0000
22 47 67586 67692.1 Right-Cerebellum-Cortex 64.2024 10.0884 22.0000 97.0000 75.0000
23 49 8180 7895.1 Right-Thalamus 90.9494 8.3943 24.0000 110.0000 86.0000
24 50 3078 2993.6 Right-Caudate 78.1410 7.8334 46.0000 101.0000 55.0000
25 51 4728 4682.6 Right-Putamen 88.6897 6.2121 59.0000 108.0000 49.0000
26 52 1957 1952.5 Right-Pallidum 100.9279 3.7172 83.0000 112.0000 29.0000
27 53 4345 4359.1 Right-Hippocampus 72.6693 7.3021 38.0000 101.0000 63.0000
28 54 1559 1619.1 Right-Amygdala 71.6350 6.1183 39.0000 90.0000 51.0000
29 58 580 567.7 Right-Accumbens-area 74.5362 5.3049 55.0000 92.0000 37.0000
30 60 4547 4338.6 Right-VentralDC 92.9600 10.7251 33.0000 117.0000 84.0000
31 62 11 28.0 Right-vessel 59.6364 4.9451 50.0000 69.0000 19.0000
32 63 593 526.1 Right-choroid-plexus 51.7926 11.4589 24.0000 82.0000 58.0000
33 72 0 0.0 5th-Ventricle 0.0000 0.0000 0.0000 0.0000 0.0000
34 77 712 642.9 WM-hypointensities 70.3624 9.8201 38.0000 106.0000 68.0000
35 78 0 0.0 Left-WM-hypointensities 0.0000 0.0000 0.0000 0.0000 0.0000
36 79 0 0.0 Right-WM-hypointensities 0.0000 0.0000 0.0000 0.0000 0.0000
37 80 0 0.0 non-WM-hypointensities 0.0000 0.0000 0.0000 0.0000 0.0000
38 81 0 0.0 Left-non-WM-hypointensities 0.0000 0.0000 0.0000 0.0000 0.0000
39 82 0 0.0 Right-non-WM-hypointensities 0.0000 0.0000 0.0000 0.0000 0.0000
40 85 225 237.7 Optic-Chiasm 78.7378 17.5595 26.0000 109.0000 83.0000
41 251 1122 1066.2 CC_Posterior 98.1426 12.5496 42.0000 113.0000 71.0000
42 252 755 670.0 CC_Mid_Posterior 93.7152 14.2293 35.0000 110.0000 75.0000
43 253 815 726.5 CC_Central 93.0331 14.9030 46.0000 110.0000 64.0000
44 254 742 675.1 CC_Mid_Anterior 93.7655 14.4851 45.0000 110.0000 65.0000
45 255 1116 1054.1 CC_Anterior 99.7643 9.3401 58.0000 110.0000 52.0000
