Index SegId NVoxels Volume_mm3 StructName normMean normStdDev normMin normMax normRange
1 4 5868 6253.3 Left-Lateral-Ventricle 34.6996 12.9271 14.0000 88.0000 74.0000
2 5 214 265.1 Left-Inf-Lat-Vent 40.9907 10.5296 20.0000 70.0000 50.0000
3 7 19685 20108.0 Left-Cerebellum-White-Matter 85.0962 6.9528 36.0000 103.0000 67.0000
4 8 65277 65589.7 Left-Cerebellum-Cortex 60.6080 10.6858 10.0000 97.0000 87.0000
5 10 8309 8063.0 Left-Thalamus 91.4017 9.0078 38.0000 110.0000 72.0000
6 11 3121 3060.8 Left-Caudate 76.2381 7.7566 49.0000 101.0000 52.0000
7 12 4415 4486.7 Left-Putamen 87.4895 5.3012 64.0000 107.0000 43.0000
8 13 1967 1964.1 Left-Pallidum 101.3930 4.4526 59.0000 112.0000 53.0000
9 14 800 865.3 3rd-Ventricle 46.6300 14.3239 20.0000 84.0000 64.0000
10 15 1292 1392.8 4th-Ventricle 35.3560 12.3972 15.0000 78.0000 63.0000
11 16 25351 25219.3 Brain-Stem 85.7250 9.7535 27.0000 115.0000 88.0000
12 17 4330 4304.6 Left-Hippocampus 69.8887 8.3674 30.0000 102.0000 72.0000
13 18 1841 1879.6 Left-Amygdala 74.0934 6.3077 38.0000 92.0000 54.0000
14 24 1082 1103.5 CSF 54.3161 12.5410 25.0000 85.0000 60.0000
15 26 440 464.9 Left-Accumbens-area 74.1318 4.6803 53.0000 88.0000 35.0000
16 28 4549 4382.5 Left-VentralDC 95.2486 11.0069 43.0000 118.0000 75.0000
17 30 8 22.4 Left-vessel 66.6250 3.4615 62.0000 71.0000 9.0000
18 31 467 392.9 Left-choroid-plexus 53.7837 12.8271 25.0000 83.0000 58.0000
19 43 6127 6360.0 Right-Lateral-Ventricle 34.5864 13.7332 14.0000 87.0000 73.0000
20 44 159 202.3 Right-Inf-Lat-Vent 46.4591 13.1075 21.0000 80.0000 59.0000
21 46 18529 19163.7 Right-Cerebellum-White-Matter 86.0896 6.6057 36.0000 103.0000 67.0000
22 47 67064 67065.1 Right-Cerebellum-Cortex 64.1031 9.9708 19.0000 99.0000 80.0000
23 49 8120 7779.8 Right-Thalamus 89.0959 8.6315 32.0000 108.0000 76.0000
24 50 3156 3102.4 Right-Caudate 76.6201 7.4561 48.0000 102.0000 54.0000
25 51 4651 4707.2 Right-Putamen 85.4530 5.7911 49.0000 102.0000 53.0000
26 52 1925 1891.1 Right-Pallidum 99.9953 3.8673 83.0000 111.0000 28.0000
27 53 4294 4313.1 Right-Hippocampus 72.3009 6.9910 37.0000 99.0000 62.0000
28 54 1865 1918.9 Right-Amygdala 74.3904 5.9819 54.0000 92.0000 38.0000
29 58 565 531.9 Right-Accumbens-area 74.7381 5.6272 53.0000 95.0000 42.0000
30 60 4564 4306.8 Right-VentralDC 93.3368 11.1312 39.0000 116.0000 77.0000
31 62 5 10.2 Right-vessel 65.8000 6.7602 54.0000 71.0000 17.0000
32 63 547 475.4 Right-choroid-plexus 52.5283 11.3111 25.0000 78.0000 53.0000
33 72 0 0.0 5th-Ventricle 0.0000 0.0000 0.0000 0.0000 0.0000
34 77 843 763.1 WM-hypointensities 70.6299 10.4599 40.0000 106.0000 66.0000
35 78 0 0.0 Left-WM-hypointensities 0.0000 0.0000 0.0000 0.0000 0.0000
36 79 0 0.0 Right-WM-hypointensities 0.0000 0.0000 0.0000 0.0000 0.0000
37 80 0 0.0 non-WM-hypointensities 0.0000 0.0000 0.0000 0.0000 0.0000
38 81 0 0.0 Left-non-WM-hypointensities 0.0000 0.0000 0.0000 0.0000 0.0000
39 82 0 0.0 Right-non-WM-hypointensities 0.0000 0.0000 0.0000 0.0000 0.0000
40 85 228 230.6 Optic-Chiasm 77.7763 18.4970 24.0000 107.0000 83.0000
41 251 1116 1061.3 CC_Posterior 97.8486 13.1774 43.0000 112.0000 69.0000
42 252 755 666.6 CC_Mid_Posterior 92.7179 16.8725 26.0000 113.0000 87.0000
43 253 708 652.3 CC_Central 95.2655 12.9970 43.0000 111.0000 68.0000
44 254 697 623.0 CC_Mid_Anterior 93.3515 14.6147 34.0000 110.0000 76.0000
45 255 1132 1078.1 CC_Anterior 101.4346 10.8818 52.0000 117.0000 65.0000
