Index SegId NVoxels Volume_mm3 StructName normMean normStdDev normMin normMax normRange
1 4 5846 6208.8 Left-Lateral-Ventricle 40.3050 12.2467 17.0000 90.0000 73.0000
2 5 206 257.9 Left-Inf-Lat-Vent 47.2136 11.2745 27.0000 83.0000 56.0000
3 7 17562 18395.5 Left-Cerebellum-White-Matter 87.6280 5.3356 41.0000 99.0000 58.0000
4 8 65117 64924.1 Left-Cerebellum-Cortex 68.3701 10.2079 21.0000 99.0000 78.0000
5 10 8182 7852.1 Left-Thalamus 92.6934 8.1580 43.0000 107.0000 64.0000
6 11 2979 2893.4 Left-Caudate 80.9453 7.4518 53.0000 105.0000 52.0000
7 12 4434 4378.9 Left-Putamen 90.7785 4.9367 67.0000 109.0000 42.0000
8 13 2064 2089.4 Left-Pallidum 100.8619 3.2790 61.0000 110.0000 49.0000
9 14 854 886.4 3rd-Ventricle 51.3993 12.7736 19.0000 85.0000 66.0000
10 15 1404 1503.9 4th-Ventricle 41.9345 10.8032 23.0000 78.0000 55.0000
11 16 24968 24662.0 Brain-Stem 84.8072 8.8719 32.0000 106.0000 74.0000
12 17 4274 4208.9 Left-Hippocampus 74.3416 7.5251 36.0000 103.0000 67.0000
13 18 1711 1811.2 Left-Amygdala 76.3238 5.8494 42.0000 90.0000 48.0000
14 24 1118 1107.3 CSF 58.9848 12.6288 32.0000 104.0000 72.0000
15 26 478 498.4 Left-Accumbens-area 78.0105 4.5074 48.0000 91.0000 43.0000
16 28 4760 4500.7 Left-VentralDC 92.5158 9.8942 39.0000 111.0000 72.0000
17 30 7 16.4 Left-vessel 68.2857 4.1115 63.0000 74.0000 11.0000
18 31 344 312.7 Left-choroid-plexus 54.5494 11.7070 29.0000 82.0000 53.0000
19 43 6052 6211.4 Right-Lateral-Ventricle 38.6586 12.8851 15.0000 99.0000 84.0000
20 44 150 206.6 Right-Inf-Lat-Vent 50.7067 11.5081 22.0000 82.0000 60.0000
21 46 18007 18646.0 Right-Cerebellum-White-Matter 87.6109 5.3823 40.0000 103.0000 63.0000
22 47 63972 63916.0 Right-Cerebellum-Cortex 66.4315 10.5145 21.0000 95.0000 74.0000
23 49 7558 7292.2 Right-Thalamus 92.5120 8.2330 44.0000 110.0000 66.0000
24 50 2939 2933.0 Right-Caudate 78.8557 7.5937 47.0000 99.0000 52.0000
25 51 4479 4484.1 Right-Putamen 88.0226 5.3740 50.0000 105.0000 55.0000
26 52 1990 1972.1 Right-Pallidum 100.4307 3.0736 84.0000 108.0000 24.0000
27 53 4375 4305.1 Right-Hippocampus 74.0176 6.9200 38.0000 98.0000 60.0000
28 54 1721 1780.5 Right-Amygdala 74.0674 5.5858 45.0000 91.0000 46.0000
29 58 540 519.4 Right-Accumbens-area 77.9204 4.6113 56.0000 93.0000 37.0000
30 60 4731 4401.7 Right-VentralDC 91.0657 10.9636 27.0000 111.0000 84.0000
31 62 19 33.4 Right-vessel 59.5789 7.0183 48.0000 74.0000 26.0000
32 63 504 468.4 Right-choroid-plexus 55.6310 10.2894 29.0000 77.0000 48.0000
33 72 0 0.0 5th-Ventricle 0.0000 0.0000 0.0000 0.0000 0.0000
34 77 547 511.5 WM-hypointensities 72.1755 9.4792 46.0000 103.0000 57.0000
35 78 0 0.0 Left-WM-hypointensities 0.0000 0.0000 0.0000 0.0000 0.0000
36 79 0 0.0 Right-WM-hypointensities 0.0000 0.0000 0.0000 0.0000 0.0000
37 80 0 0.0 non-WM-hypointensities 0.0000 0.0000 0.0000 0.0000 0.0000
38 81 0 0.0 Left-non-WM-hypointensities 0.0000 0.0000 0.0000 0.0000 0.0000
39 82 0 0.0 Right-non-WM-hypointensities 0.0000 0.0000 0.0000 0.0000 0.0000
40 85 194 207.2 Optic-Chiasm 79.6082 17.2558 33.0000 108.0000 75.0000
41 251 1137 1059.3 CC_Posterior 97.1988 13.2496 40.0000 112.0000 72.0000
42 252 719 664.5 CC_Mid_Posterior 95.1502 14.7558 31.0000 112.0000 81.0000
43 253 822 763.7 CC_Central 94.9112 13.6628 35.0000 108.0000 73.0000
44 254 737 669.3 CC_Mid_Anterior 94.0543 13.7811 37.0000 108.0000 71.0000
45 255 1087 1050.5 CC_Anterior 99.2640 8.0813 55.0000 108.0000 53.0000
