Index SegId NVoxels Volume_mm3 StructName normMean normStdDev normMin normMax normRange
1 4 5688 6073.0 Left-Lateral-Ventricle 32.6515 12.9732 8.0000 88.0000 80.0000
2 5 273 339.6 Left-Inf-Lat-Vent 43.0513 14.4557 13.0000 74.0000 61.0000
3 7 18200 18859.6 Left-Cerebellum-White-Matter 85.7400 6.3410 18.0000 103.0000 85.0000
4 8 65507 65834.0 Left-Cerebellum-Cortex 62.9809 10.3451 15.0000 110.0000 95.0000
5 10 8335 8024.0 Left-Thalamus 88.0977 9.1492 38.0000 106.0000 68.0000
6 11 3180 3113.9 Left-Caudate 74.3956 8.1321 46.0000 98.0000 52.0000
7 12 4857 4758.2 Left-Putamen 86.7150 5.8435 63.0000 109.0000 46.0000
8 13 2041 2063.0 Left-Pallidum 100.3518 4.3492 52.0000 114.0000 62.0000
9 14 803 887.8 3rd-Ventricle 44.3039 12.7995 14.0000 71.0000 57.0000
10 15 1257 1396.6 4th-Ventricle 33.5863 10.9929 14.0000 73.0000 59.0000
11 16 25622 25511.4 Brain-Stem 83.9867 9.2735 23.0000 106.0000 83.0000
12 17 4491 4370.3 Left-Hippocampus 69.5531 8.2270 31.0000 98.0000 67.0000
13 18 1747 1796.1 Left-Amygdala 71.9359 6.6421 45.0000 93.0000 48.0000
14 24 1052 1107.0 CSF 50.0219 12.1939 20.0000 104.0000 84.0000
15 26 499 499.4 Left-Accumbens-area 72.3006 6.5509 32.0000 86.0000 54.0000
16 28 4618 4418.2 Left-VentralDC 92.0734 10.7277 34.0000 116.0000 82.0000
17 30 0 0.0 Left-vessel 0.0000 0.0000 0.0000 0.0000 0.0000
18 31 444 409.8 Left-choroid-plexus 51.1104 12.2982 21.0000 80.0000 59.0000
19 43 5888 6170.9 Right-Lateral-Ventricle 32.2736 13.6254 9.0000 85.0000 76.0000
20 44 121 165.6 Right-Inf-Lat-Vent 43.9091 11.3908 23.0000 81.0000 58.0000
21 46 18595 19306.1 Right-Cerebellum-White-Matter 84.0122 5.8515 34.0000 106.0000 72.0000
22 47 67032 67101.7 Right-Cerebellum-Cortex 62.4958 9.7742 15.0000 94.0000 79.0000
23 49 8564 8202.5 Right-Thalamus 88.3421 8.8737 35.0000 106.0000 71.0000
24 50 3110 3071.4 Right-Caudate 73.8974 8.0730 43.0000 100.0000 57.0000
25 51 4655 4568.9 Right-Putamen 85.0443 6.1114 50.0000 105.0000 55.0000
26 52 1932 1907.5 Right-Pallidum 98.8416 3.9267 81.0000 114.0000 33.0000
27 53 4465 4417.5 Right-Hippocampus 69.3763 7.1709 40.0000 99.0000 59.0000
28 54 1737 1809.1 Right-Amygdala 69.9914 5.9253 41.0000 88.0000 47.0000
29 58 581 575.2 Right-Accumbens-area 73.2616 5.7097 51.0000 91.0000 40.0000
30 60 4393 4153.0 Right-VentralDC 90.5613 10.9483 38.0000 114.0000 76.0000
31 62 10 24.9 Right-vessel 58.0000 6.9282 47.0000 65.0000 18.0000
32 63 566 492.0 Right-choroid-plexus 49.9011 11.4836 24.0000 79.0000 55.0000
33 72 0 0.0 5th-Ventricle 0.0000 0.0000 0.0000 0.0000 0.0000
34 77 961 847.5 WM-hypointensities 69.8730 10.4499 37.0000 103.0000 66.0000
35 78 0 0.0 Left-WM-hypointensities 0.0000 0.0000 0.0000 0.0000 0.0000
36 79 0 0.0 Right-WM-hypointensities 0.0000 0.0000 0.0000 0.0000 0.0000
37 80 0 0.0 non-WM-hypointensities 0.0000 0.0000 0.0000 0.0000 0.0000
38 81 0 0.0 Left-non-WM-hypointensities 0.0000 0.0000 0.0000 0.0000 0.0000
39 82 0 0.0 Right-non-WM-hypointensities 0.0000 0.0000 0.0000 0.0000 0.0000
40 85 183 191.1 Optic-Chiasm 79.0765 15.8234 44.0000 108.0000 64.0000
41 251 1112 1058.8 CC_Posterior 97.2518 13.1559 45.0000 110.0000 65.0000
42 252 738 647.3 CC_Mid_Posterior 92.3957 16.3036 37.0000 114.0000 77.0000
43 253 732 678.1 CC_Central 94.6899 13.7746 44.0000 112.0000 68.0000
44 254 678 595.1 CC_Mid_Anterior 93.7375 15.1746 41.0000 110.0000 69.0000
45 255 1131 1083.7 CC_Anterior 100.1910 10.5641 52.0000 116.0000 64.0000
