Index SegId NVoxels Volume_mm3 StructName normMean normStdDev normMin normMax normRange
1 4 5739 6063.8 Left-Lateral-Ventricle 39.7451 12.5072 16.0000 88.0000 72.0000
2 5 242 290.5 Left-Inf-Lat-Vent 42.8802 13.3761 14.0000 72.0000 58.0000
3 7 17140 17871.5 Left-Cerebellum-White-Matter 88.0508 6.1028 28.0000 107.0000 79.0000
4 8 65769 65659.7 Left-Cerebellum-Cortex 68.2321 10.9463 10.0000 106.0000 96.0000
5 10 8007 7815.6 Left-Thalamus 92.5028 8.1827 44.0000 110.0000 66.0000
6 11 3152 3089.3 Left-Caudate 78.8693 6.9653 51.0000 100.0000 49.0000
7 12 4696 4674.0 Left-Putamen 86.2104 5.2452 62.0000 105.0000 43.0000
8 13 2145 2134.5 Left-Pallidum 97.4886 4.3440 67.0000 110.0000 43.0000
9 14 779 825.3 3rd-Ventricle 51.4814 12.5907 26.0000 83.0000 57.0000
10 15 1314 1431.9 4th-Ventricle 42.0928 10.2694 21.0000 77.0000 56.0000
11 16 25706 25512.8 Brain-Stem 85.4383 9.2793 26.0000 112.0000 86.0000
12 17 4398 4306.4 Left-Hippocampus 69.7490 8.9817 27.0000 104.0000 77.0000
13 18 1877 1866.1 Left-Amygdala 71.1087 6.4676 19.0000 90.0000 71.0000
14 24 1026 1064.9 CSF 57.9581 13.1973 26.0000 93.0000 67.0000
15 26 399 423.5 Left-Accumbens-area 77.9048 5.6294 54.0000 95.0000 41.0000
16 28 4537 4279.3 Left-VentralDC 92.5014 10.0435 32.0000 124.0000 92.0000
17 30 2 6.5 Left-vessel 66.0000 0.0000 66.0000 66.0000 0.0000
18 31 405 372.7 Left-choroid-plexus 54.1284 12.3454 26.0000 82.0000 56.0000
19 43 5808 6015.4 Right-Lateral-Ventricle 37.6400 12.8721 15.0000 97.0000 82.0000
20 44 206 248.9 Right-Inf-Lat-Vent 49.4078 14.2695 9.0000 85.0000 76.0000
21 46 16406 17050.6 Right-Cerebellum-White-Matter 87.6478 5.7915 29.0000 106.0000 77.0000
22 47 66389 66169.0 Right-Cerebellum-Cortex 66.9015 10.6881 17.0000 109.0000 92.0000
23 49 7936 7674.5 Right-Thalamus 91.4032 9.1478 34.0000 113.0000 79.0000
24 50 3082 3048.6 Right-Caudate 78.9838 7.5202 49.0000 104.0000 55.0000
25 51 4291 4330.8 Right-Putamen 88.8133 5.5431 50.0000 109.0000 59.0000
26 52 1951 1908.6 Right-Pallidum 99.3747 4.2992 83.0000 112.0000 29.0000
27 53 4429 4307.7 Right-Hippocampus 74.1233 8.1387 45.0000 103.0000 58.0000
28 54 1927 1956.9 Right-Amygdala 77.4126 5.4752 42.0000 95.0000 53.0000
29 58 530 490.0 Right-Accumbens-area 80.4943 5.4277 54.0000 99.0000 45.0000
30 60 4239 3971.2 Right-VentralDC 93.7278 11.2886 32.0000 126.0000 94.0000
31 62 16 29.8 Right-vessel 60.2500 7.5675 46.0000 72.0000 26.0000
32 63 577 533.3 Right-choroid-plexus 54.8267 11.2682 23.0000 85.0000 62.0000
33 72 0 0.0 5th-Ventricle 0.0000 0.0000 0.0000 0.0000 0.0000
34 77 506 484.0 WM-hypointensities 73.7925 10.8698 28.0000 109.0000 81.0000
35 78 0 0.0 Left-WM-hypointensities 0.0000 0.0000 0.0000 0.0000 0.0000
36 79 0 0.0 Right-WM-hypointensities 0.0000 0.0000 0.0000 0.0000 0.0000
37 80 0 0.0 non-WM-hypointensities 0.0000 0.0000 0.0000 0.0000 0.0000
38 81 0 0.0 Left-non-WM-hypointensities 0.0000 0.0000 0.0000 0.0000 0.0000
39 82 0 0.0 Right-non-WM-hypointensities 0.0000 0.0000 0.0000 0.0000 0.0000
40 85 156 150.5 Optic-Chiasm 85.8910 17.9762 40.0000 119.0000 79.0000
41 251 1129 1080.9 CC_Posterior 101.1647 13.4700 40.0000 117.0000 77.0000
42 252 743 665.9 CC_Mid_Posterior 96.1036 16.1791 31.0000 117.0000 86.0000
43 253 843 777.6 CC_Central 94.7995 14.9071 32.0000 114.0000 82.0000
44 254 723 640.9 CC_Mid_Anterior 94.2918 13.5935 41.0000 111.0000 70.0000
45 255 1126 1078.0 CC_Anterior 99.1332 9.0519 38.0000 110.0000 72.0000
