Index SegId NVoxels Volume_mm3 StructName normMean normStdDev normMin normMax normRange
1 4 6021 6260.9 Left-Lateral-Ventricle 21.1299 15.3215 0.0000 79.0000 79.0000
2 5 434 482.7 Left-Inf-Lat-Vent 37.9355 15.2055 0.0000 76.0000 76.0000
3 7 18709 19410.2 Left-Cerebellum-White-Matter 83.7750 8.1073 24.0000 116.0000 92.0000
4 8 63935 64044.8 Left-Cerebellum-Cortex 54.2014 12.4990 0.0000 107.0000 107.0000
5 10 9037 8813.8 Left-Thalamus 84.4530 10.2376 27.0000 110.0000 83.0000
6 11 3472 3344.8 Left-Caudate 68.4634 8.2664 34.0000 96.0000 62.0000
7 12 4876 4750.7 Left-Putamen 75.1897 7.2516 54.0000 98.0000 44.0000
8 13 1803 1775.7 Left-Pallidum 94.5180 5.3551 56.0000 109.0000 53.0000
9 14 626 654.1 3rd-Ventricle 28.2316 17.5991 0.0000 72.0000 72.0000
10 15 1272 1371.4 4th-Ventricle 24.0401 12.5880 2.0000 72.0000 70.0000
11 16 24891 24904.5 Brain-Stem 82.8767 10.1491 12.0000 119.0000 107.0000
12 17 4243 4099.9 Left-Hippocampus 60.0075 9.4928 8.0000 94.0000 86.0000
13 18 1720 1719.9 Left-Amygdala 65.8355 7.1738 37.0000 84.0000 47.0000
14 24 820 876.8 CSF 37.6256 13.9186 6.0000 84.0000 78.0000
15 26 373 389.4 Left-Accumbens-area 67.3217 5.4618 38.0000 79.0000 41.0000
16 28 4442 4320.0 Left-VentralDC 92.3411 11.2603 35.0000 125.0000 90.0000
17 30 14 30.1 Left-vessel 59.2857 4.5307 52.0000 66.0000 14.0000
18 31 377 310.5 Left-choroid-plexus 49.7347 13.8158 17.0000 77.0000 60.0000
19 43 5927 6179.9 Right-Lateral-Ventricle 20.9079 14.4043 0.0000 92.0000 92.0000
20 44 193 237.0 Right-Inf-Lat-Vent 40.4041 15.5748 5.0000 80.0000 75.0000
21 46 18827 19123.7 Right-Cerebellum-White-Matter 85.5162 8.6381 35.0000 121.0000 86.0000
22 47 65092 65593.5 Right-Cerebellum-Cortex 57.4466 12.1048 0.0000 103.0000 103.0000
23 49 7461 7117.2 Right-Thalamus 82.8594 10.7314 35.0000 108.0000 73.0000
24 50 3387 3317.1 Right-Caudate 68.8199 8.4016 31.0000 101.0000 70.0000
25 51 4705 4647.1 Right-Putamen 76.2338 6.2412 49.0000 95.0000 46.0000
26 52 1862 1809.8 Right-Pallidum 97.2433 5.0031 75.0000 111.0000 36.0000
27 53 4005 3998.7 Right-Hippocampus 64.6809 8.8233 31.0000 102.0000 71.0000
28 54 1690 1755.9 Right-Amygdala 67.8976 6.8735 41.0000 86.0000 45.0000
29 58 448 437.4 Right-Accumbens-area 67.3259 6.7847 43.0000 86.0000 43.0000
30 60 3880 3670.1 Right-VentralDC 89.2263 12.4187 25.0000 123.0000 98.0000
31 62 19 28.5 Right-vessel 54.6842 8.7054 41.0000 68.0000 27.0000
32 63 662 635.4 Right-choroid-plexus 48.2372 11.8706 12.0000 86.0000 74.0000
33 72 0 0.0 5th-Ventricle 0.0000 0.0000 0.0000 0.0000 0.0000
34 77 1063 988.9 WM-hypointensities 68.2747 12.1852 4.0000 100.0000 96.0000
35 78 0 0.0 Left-WM-hypointensities 0.0000 0.0000 0.0000 0.0000 0.0000
36 79 0 0.0 Right-WM-hypointensities 0.0000 0.0000 0.0000 0.0000 0.0000
37 80 0 0.0 non-WM-hypointensities 0.0000 0.0000 0.0000 0.0000 0.0000
38 81 0 0.0 Left-non-WM-hypointensities 0.0000 0.0000 0.0000 0.0000 0.0000
39 82 0 0.0 Right-non-WM-hypointensities 0.0000 0.0000 0.0000 0.0000 0.0000
40 85 186 194.0 Optic-Chiasm 81.9946 22.6893 16.0000 123.0000 107.0000
41 251 1136 1106.7 CC_Posterior 108.9498 18.8114 41.0000 133.0000 92.0000
42 252 792 702.9 CC_Mid_Posterior 97.9798 22.3583 4.0000 130.0000 126.0000
43 253 946 860.3 CC_Central 100.0465 19.5251 21.0000 133.0000 112.0000
44 254 1158 1048.5 CC_Mid_Anterior 97.3178 20.7308 16.0000 142.0000 126.0000
45 255 1204 1132.3 CC_Anterior 113.9693 22.5992 12.0000 143.0000 131.0000
