Index SegId NVoxels Volume_mm3 StructName normMean normStdDev normMin normMax normRange
1 4 4871 5219.6 Left-Lateral-Ventricle 37.1850 13.1978 14.0000 91.0000 77.0000
2 5 92 107.0 Left-Inf-Lat-Vent 41.1739 11.6644 20.0000 71.0000 51.0000
3 7 18214 18692.7 Left-Cerebellum-White-Matter 86.2104 6.7973 28.0000 105.0000 77.0000
4 8 57889 57555.8 Left-Cerebellum-Cortex 63.6266 10.0542 14.0000 97.0000 83.0000
5 10 8365 8032.0 Left-Thalamus 88.6057 8.1619 35.0000 108.0000 73.0000
6 11 3926 4030.7 Left-Caudate 76.3951 6.5536 50.0000 96.0000 46.0000
7 12 5747 5701.8 Left-Putamen 85.3348 6.0985 54.0000 109.0000 55.0000
8 13 2369 2363.1 Left-Pallidum 99.4251 4.0698 80.0000 119.0000 39.0000
9 14 796 846.9 3rd-Ventricle 47.1143 13.2736 19.0000 83.0000 64.0000
10 15 1305 1460.4 4th-Ventricle 34.9073 10.6262 16.0000 77.0000 61.0000
11 16 23596 23373.0 Brain-Stem 85.0606 8.9450 18.0000 112.0000 94.0000
12 17 4565 4513.1 Left-Hippocampus 68.4859 7.8740 24.0000 100.0000 76.0000
13 18 2097 2119.2 Left-Amygdala 69.4654 5.4042 41.0000 88.0000 47.0000
14 24 1141 1164.2 CSF 52.5662 13.8220 25.0000 96.0000 71.0000
15 26 618 647.9 Left-Accumbens-area 73.8560 4.0081 62.0000 88.0000 26.0000
16 28 4797 4604.8 Left-VentralDC 92.1799 9.7366 30.0000 113.0000 83.0000
17 30 13 24.0 Left-vessel 60.8462 5.6102 51.0000 68.0000 17.0000
18 31 487 461.2 Left-choroid-plexus 53.7474 10.1172 29.0000 80.0000 51.0000
19 43 3881 4153.0 Right-Lateral-Ventricle 39.6985 14.1496 10.0000 88.0000 78.0000
20 44 207 253.9 Right-Inf-Lat-Vent 48.0628 16.4033 16.0000 74.0000 58.0000
21 46 16572 17020.7 Right-Cerebellum-White-Matter 86.7185 6.3125 39.0000 106.0000 67.0000
22 47 59124 59063.2 Right-Cerebellum-Cortex 63.9539 10.2737 16.0000 97.0000 81.0000
23 49 8309 8046.7 Right-Thalamus 88.5931 8.6803 36.0000 108.0000 72.0000
24 50 4176 4272.8 Right-Caudate 76.0740 6.5058 44.0000 97.0000 53.0000
25 51 5928 5877.7 Right-Putamen 85.0000 6.3435 56.0000 105.0000 49.0000
26 52 2332 2292.2 Right-Pallidum 98.7551 4.3828 81.0000 118.0000 37.0000
27 53 4974 4878.5 Right-Hippocampus 68.1793 7.7131 26.0000 96.0000 70.0000
28 54 2123 2112.5 Right-Amygdala 67.5403 5.8477 41.0000 88.0000 47.0000
29 58 715 712.3 Right-Accumbens-area 74.4979 4.9409 62.0000 91.0000 29.0000
30 60 4706 4474.3 Right-VentralDC 91.2614 10.8969 27.0000 115.0000 88.0000
31 62 4 9.8 Right-vessel 65.2500 3.5940 60.0000 68.0000 8.0000
32 63 570 532.9 Right-choroid-plexus 59.3965 12.2916 26.0000 83.0000 57.0000
33 72 0 0.0 5th-Ventricle 0.0000 0.0000 0.0000 0.0000 0.0000
34 77 755 699.5 WM-hypointensities 69.3232 9.5843 39.0000 100.0000 61.0000
35 78 0 0.0 Left-WM-hypointensities 0.0000 0.0000 0.0000 0.0000 0.0000
36 79 0 0.0 Right-WM-hypointensities 0.0000 0.0000 0.0000 0.0000 0.0000
37 80 0 0.0 non-WM-hypointensities 0.0000 0.0000 0.0000 0.0000 0.0000
38 81 0 0.0 Left-non-WM-hypointensities 0.0000 0.0000 0.0000 0.0000 0.0000
39 82 0 0.0 Right-non-WM-hypointensities 0.0000 0.0000 0.0000 0.0000 0.0000
40 85 144 134.4 Optic-Chiasm 83.3264 18.6100 48.0000 120.0000 72.0000
41 251 1332 1254.9 CC_Posterior 96.7958 12.7410 36.0000 110.0000 74.0000
42 252 770 711.9 CC_Mid_Posterior 97.2714 13.5239 32.0000 115.0000 83.0000
43 253 987 922.4 CC_Central 96.4580 13.0461 27.0000 121.0000 94.0000
44 254 826 726.0 CC_Mid_Anterior 92.8015 16.5536 29.0000 114.0000 85.0000
45 255 1058 1002.2 CC_Anterior 99.6786 11.5745 29.0000 115.0000 86.0000
