Index SegId NVoxels Volume_mm3 StructName normMean normStdDev normMin normMax normRange
1 4 5340 5572.3 Left-Lateral-Ventricle 23.2764 14.7597 0.0000 84.0000 84.0000
2 5 137 148.4 Left-Inf-Lat-Vent 35.5182 18.4200 5.0000 74.0000 69.0000
3 7 17001 17249.0 Left-Cerebellum-White-Matter 85.4947 8.8589 20.0000 115.0000 95.0000
4 8 61154 61123.4 Left-Cerebellum-Cortex 58.0957 12.2301 3.0000 136.0000 133.0000
5 10 8690 8448.9 Left-Thalamus 80.0505 10.2191 19.0000 112.0000 93.0000
6 11 4611 4539.1 Left-Caudate 66.8671 8.1881 31.0000 97.0000 66.0000
7 12 5788 5718.7 Left-Putamen 75.9578 7.9033 32.0000 103.0000 71.0000
8 13 1982 1934.4 Left-Pallidum 94.8481 6.0187 63.0000 115.0000 52.0000
9 14 662 692.8 3rd-Ventricle 30.4728 14.5058 4.0000 71.0000 67.0000
10 15 1421 1504.2 4th-Ventricle 25.4356 12.0840 5.0000 70.0000 65.0000
11 16 23490 23547.2 Brain-Stem 79.1891 10.0010 7.0000 118.0000 111.0000
12 17 4325 4271.2 Left-Hippocampus 61.5545 9.7297 16.0000 105.0000 89.0000
13 18 1890 1935.5 Left-Amygdala 63.3058 7.4377 34.0000 87.0000 53.0000
14 24 943 937.4 CSF 38.8346 15.8789 5.0000 85.0000 80.0000
15 26 681 701.9 Left-Accumbens-area 64.7562 5.8380 46.0000 93.0000 47.0000
16 28 4507 4388.5 Left-VentralDC 89.2971 11.7192 23.0000 122.0000 99.0000
17 30 34 40.3 Left-vessel 49.2353 14.2978 10.0000 70.0000 60.0000
18 31 536 490.3 Left-choroid-plexus 51.9925 13.4090 12.0000 114.0000 102.0000
19 43 4186 4354.1 Right-Lateral-Ventricle 27.1467 16.8092 0.0000 90.0000 90.0000
20 44 200 220.5 Right-Inf-Lat-Vent 35.3350 18.6335 4.0000 71.0000 67.0000
21 46 13532 13984.7 Right-Cerebellum-White-Matter 84.8880 8.2681 23.0000 116.0000 93.0000
22 47 61132 61330.0 Right-Cerebellum-Cortex 59.5277 11.1186 1.0000 107.0000 106.0000
23 49 8715 8404.9 Right-Thalamus 78.3569 10.4164 19.0000 110.0000 91.0000
24 50 4778 4782.8 Right-Caudate 65.2719 7.5480 34.0000 91.0000 57.0000
25 51 5831 5726.7 Right-Putamen 76.9883 7.7914 36.0000 104.0000 68.0000
26 52 2074 2015.0 Right-Pallidum 94.5569 6.9284 62.0000 120.0000 58.0000
27 53 4681 4624.5 Right-Hippocampus 62.9323 9.6301 15.0000 102.0000 87.0000
28 54 1979 2005.0 Right-Amygdala 64.3350 6.9006 35.0000 90.0000 55.0000
29 58 624 618.3 Right-Accumbens-area 64.5897 6.5110 49.0000 90.0000 41.0000
30 60 4277 4081.8 Right-VentralDC 86.4169 12.4431 17.0000 123.0000 106.0000
31 62 7 10.4 Right-vessel 49.8571 12.0752 36.0000 67.0000 31.0000
32 63 802 751.9 Right-choroid-plexus 55.9963 12.1192 20.0000 83.0000 63.0000
33 72 0 0.0 5th-Ventricle 0.0000 0.0000 0.0000 0.0000 0.0000
34 77 793 756.0 WM-hypointensities 71.4805 10.1200 35.0000 94.0000 59.0000
35 78 0 0.0 Left-WM-hypointensities 0.0000 0.0000 0.0000 0.0000 0.0000
36 79 0 0.0 Right-WM-hypointensities 0.0000 0.0000 0.0000 0.0000 0.0000
37 80 0 0.0 non-WM-hypointensities 0.0000 0.0000 0.0000 0.0000 0.0000
38 81 0 0.0 Left-non-WM-hypointensities 0.0000 0.0000 0.0000 0.0000 0.0000
39 82 0 0.0 Right-non-WM-hypointensities 0.0000 0.0000 0.0000 0.0000 0.0000
40 85 216 218.4 Optic-Chiasm 86.6389 22.2102 16.0000 136.0000 120.0000
41 251 1327 1354.5 CC_Posterior 110.0377 14.5705 40.0000 136.0000 96.0000
42 252 812 755.5 CC_Mid_Posterior 103.6502 20.6009 3.0000 137.0000 134.0000
43 253 1108 1017.0 CC_Central 99.8619 21.7414 3.0000 139.0000 136.0000
44 254 1046 934.0 CC_Mid_Anterior 100.8241 25.0955 8.0000 140.0000 132.0000
45 255 1048 1057.4 CC_Anterior 123.8912 20.6044 36.0000 165.0000 129.0000
