Index SegId NVoxels Volume_mm3 StructName normMean normStdDev normMin normMax normRange
1 4 5071 5485.1 Left-Lateral-Ventricle 36.9359 12.8132 14.0000 86.0000 72.0000
2 5 87 112.4 Left-Inf-Lat-Vent 43.9655 11.7863 18.0000 72.0000 54.0000
3 7 18357 18949.6 Left-Cerebellum-White-Matter 83.9071 6.6829 34.0000 103.0000 69.0000
4 8 60736 60632.2 Left-Cerebellum-Cortex 61.1865 9.5107 16.0000 94.0000 78.0000
5 10 8812 8444.9 Left-Thalamus 88.1400 8.3782 36.0000 106.0000 70.0000
6 11 4075 4083.0 Left-Caudate 76.3919 6.6651 47.0000 100.0000 53.0000
7 12 5612 5567.3 Left-Putamen 88.4173 5.8810 59.0000 110.0000 51.0000
8 13 2171 2164.0 Left-Pallidum 100.7278 3.8724 83.0000 117.0000 34.0000
9 14 903 958.8 3rd-Ventricle 47.0664 13.1431 21.0000 90.0000 69.0000
10 15 1331 1466.9 4th-Ventricle 36.3050 10.4271 19.0000 77.0000 58.0000
11 16 23338 23108.2 Brain-Stem 83.5114 9.0795 22.0000 112.0000 90.0000
12 17 4528 4483.3 Left-Hippocampus 70.3394 7.4894 32.0000 102.0000 70.0000
13 18 1878 1932.8 Left-Amygdala 71.4483 5.6080 49.0000 90.0000 41.0000
14 24 1356 1336.5 CSF 54.3105 13.6854 25.0000 94.0000 69.0000
15 26 608 629.4 Left-Accumbens-area 72.6299 4.1256 54.0000 85.0000 31.0000
16 28 4970 4715.0 Left-VentralDC 91.7264 10.2134 43.0000 110.0000 67.0000
17 30 13 28.0 Left-vessel 64.6923 4.0080 56.0000 72.0000 16.0000
18 31 528 474.3 Left-choroid-plexus 53.1572 11.6957 24.0000 87.0000 63.0000
19 43 4051 4349.1 Right-Lateral-Ventricle 39.9556 13.9442 16.0000 93.0000 77.0000
20 44 136 160.1 Right-Inf-Lat-Vent 44.4559 12.2050 23.0000 79.0000 56.0000
21 46 16683 17124.6 Right-Cerebellum-White-Matter 83.9109 5.9826 27.0000 101.0000 74.0000
22 47 61798 61886.3 Right-Cerebellum-Cortex 63.5336 9.0815 16.0000 93.0000 77.0000
23 49 9139 8789.9 Right-Thalamus 88.3626 8.9595 32.0000 107.0000 75.0000
24 50 4246 4279.3 Right-Caudate 76.0127 6.5059 49.0000 99.0000 50.0000
25 51 5825 5737.3 Right-Putamen 86.5749 6.4675 58.0000 105.0000 47.0000
26 52 2049 2002.2 Right-Pallidum 99.3226 4.0666 78.0000 111.0000 33.0000
27 53 5169 5139.6 Right-Hippocampus 69.8599 6.9656 35.0000 100.0000 65.0000
28 54 1789 1800.0 Right-Amygdala 68.8916 6.4378 42.0000 91.0000 49.0000
29 58 776 771.8 Right-Accumbens-area 72.5696 4.9532 57.0000 100.0000 43.0000
30 60 5048 4799.8 Right-VentralDC 90.7237 10.7661 35.0000 110.0000 75.0000
31 62 5 14.5 Right-vessel 64.2000 4.6044 60.0000 70.0000 10.0000
32 63 522 473.9 Right-choroid-plexus 58.3065 11.8722 27.0000 80.0000 53.0000
33 72 0 0.0 5th-Ventricle 0.0000 0.0000 0.0000 0.0000 0.0000
34 77 924 886.2 WM-hypointensities 70.6699 9.3144 43.0000 101.0000 58.0000
35 78 0 0.0 Left-WM-hypointensities 0.0000 0.0000 0.0000 0.0000 0.0000
36 79 0 0.0 Right-WM-hypointensities 0.0000 0.0000 0.0000 0.0000 0.0000
37 80 0 0.0 non-WM-hypointensities 0.0000 0.0000 0.0000 0.0000 0.0000
38 81 0 0.0 Left-non-WM-hypointensities 0.0000 0.0000 0.0000 0.0000 0.0000
39 82 0 0.0 Right-non-WM-hypointensities 0.0000 0.0000 0.0000 0.0000 0.0000
40 85 182 196.8 Optic-Chiasm 77.6044 12.5164 46.0000 95.0000 49.0000
41 251 1295 1213.2 CC_Posterior 97.3799 11.8805 44.0000 108.0000 64.0000
42 252 807 730.4 CC_Mid_Posterior 96.2416 13.5384 31.0000 112.0000 81.0000
43 253 962 887.6 CC_Central 94.0405 13.0751 37.0000 110.0000 73.0000
44 254 818 693.3 CC_Mid_Anterior 91.2579 15.3361 32.0000 109.0000 77.0000
45 255 1028 968.3 CC_Anterior 101.3872 10.8164 46.0000 114.0000 68.0000
