Index SegId NVoxels Volume_mm3 StructName normMean normStdDev normMin normMax normRange
1 4 5231 5668.4 Left-Lateral-Ventricle 35.7916 12.6509 14.0000 87.0000 73.0000
2 5 118 148.4 Left-Inf-Lat-Vent 44.4237 11.5043 22.0000 73.0000 51.0000
3 7 18649 19212.7 Left-Cerebellum-White-Matter 84.7889 6.7648 36.0000 102.0000 66.0000
4 8 60556 60419.0 Left-Cerebellum-Cortex 61.5836 9.2834 20.0000 92.0000 72.0000
5 10 8718 8452.0 Left-Thalamus 88.8571 8.5810 43.0000 107.0000 64.0000
6 11 4110 4121.6 Left-Caudate 76.1557 6.7585 51.0000 100.0000 49.0000
7 12 5729 5646.0 Left-Putamen 87.0045 5.8202 65.0000 109.0000 44.0000
8 13 2125 2147.1 Left-Pallidum 100.6824 3.4762 79.0000 113.0000 34.0000
9 14 939 981.4 3rd-Ventricle 47.5623 13.0986 21.0000 83.0000 62.0000
10 15 1375 1500.2 4th-Ventricle 36.1018 11.1442 18.0000 78.0000 60.0000
11 16 22438 22339.0 Brain-Stem 84.4889 9.3052 27.0000 114.0000 87.0000
12 17 4563 4534.3 Left-Hippocampus 69.2696 7.1921 35.0000 100.0000 65.0000
13 18 2064 2043.1 Left-Amygdala 69.2297 5.5422 42.0000 87.0000 45.0000
14 24 1366 1351.7 CSF 52.4473 13.8260 22.0000 93.0000 71.0000
15 26 701 732.8 Left-Accumbens-area 72.7418 3.7751 58.0000 86.0000 28.0000
16 28 4838 4631.9 Left-VentralDC 92.7604 10.0454 36.0000 115.0000 79.0000
17 30 29 47.4 Left-vessel 64.9655 6.2820 54.0000 81.0000 27.0000
18 31 489 440.6 Left-choroid-plexus 53.9387 11.4725 29.0000 86.0000 57.0000
19 43 4176 4494.8 Right-Lateral-Ventricle 39.2028 13.5152 16.0000 87.0000 71.0000
20 44 126 151.0 Right-Inf-Lat-Vent 42.5476 12.9526 20.0000 74.0000 54.0000
21 46 17178 17508.1 Right-Cerebellum-White-Matter 85.1263 6.0628 35.0000 102.0000 67.0000
22 47 61738 61823.7 Right-Cerebellum-Cortex 64.2702 9.1791 20.0000 94.0000 74.0000
23 49 8650 8270.9 Right-Thalamus 87.7154 8.7472 37.0000 106.0000 69.0000
24 50 4293 4287.7 Right-Caudate 75.5844 6.7704 46.0000 98.0000 52.0000
25 51 5895 5752.3 Right-Putamen 86.0173 6.3011 65.0000 103.0000 38.0000
26 52 2144 2145.7 Right-Pallidum 99.7020 3.5888 84.0000 111.0000 27.0000
27 53 5100 5130.7 Right-Hippocampus 69.8504 6.9519 37.0000 102.0000 65.0000
28 54 2091 2106.3 Right-Amygdala 68.7312 5.4848 44.0000 86.0000 42.0000
29 58 751 772.7 Right-Accumbens-area 72.1318 4.1418 58.0000 92.0000 34.0000
30 60 4961 4728.2 Right-VentralDC 91.9256 10.9243 35.0000 110.0000 75.0000
31 62 3 9.8 Right-vessel 65.6667 0.5776 65.0000 66.0000 1.0000
32 63 490 434.9 Right-choroid-plexus 58.3490 12.1466 26.0000 81.0000 55.0000
33 72 0 0.0 5th-Ventricle 0.0000 0.0000 0.0000 0.0000 0.0000
34 77 1008 963.7 WM-hypointensities 69.3442 10.1178 34.0000 99.0000 65.0000
35 78 0 0.0 Left-WM-hypointensities 0.0000 0.0000 0.0000 0.0000 0.0000
36 79 0 0.0 Right-WM-hypointensities 0.0000 0.0000 0.0000 0.0000 0.0000
37 80 0 0.0 non-WM-hypointensities 0.0000 0.0000 0.0000 0.0000 0.0000
38 81 0 0.0 Left-non-WM-hypointensities 0.0000 0.0000 0.0000 0.0000 0.0000
39 82 0 0.0 Right-non-WM-hypointensities 0.0000 0.0000 0.0000 0.0000 0.0000
40 85 148 153.8 Optic-Chiasm 78.4459 15.5267 36.0000 100.0000 64.0000
41 251 1303 1239.9 CC_Posterior 98.0576 11.0784 42.0000 109.0000 67.0000
42 252 808 729.4 CC_Mid_Posterior 96.0730 13.3898 42.0000 110.0000 68.0000
43 253 958 877.2 CC_Central 93.5616 13.4764 49.0000 111.0000 62.0000
44 254 828 697.1 CC_Mid_Anterior 90.4179 16.2253 36.0000 107.0000 71.0000
45 255 1069 994.2 CC_Anterior 99.4705 13.0707 40.0000 115.0000 75.0000
