Index SegId NVoxels Volume_mm3 StructName normMean normStdDev normMin normMax normRange
1 4 4969 5383.3 Left-Lateral-Ventricle 34.9439 12.7687 13.0000 91.0000 78.0000
2 5 107 133.6 Left-Inf-Lat-Vent 42.2804 11.8057 18.0000 74.0000 56.0000
3 7 16704 17279.7 Left-Cerebellum-White-Matter 88.4592 6.2272 36.0000 108.0000 72.0000
4 8 60472 60146.3 Left-Cerebellum-Cortex 66.5297 9.9695 11.0000 96.0000 85.0000
5 10 8701 8349.6 Left-Thalamus 87.9835 8.6030 41.0000 107.0000 66.0000
6 11 4175 4114.7 Left-Caudate 76.0007 6.7284 45.0000 101.0000 56.0000
7 12 5711 5609.6 Left-Putamen 86.6325 6.1006 58.0000 109.0000 51.0000
8 13 2136 2132.8 Left-Pallidum 99.8675 3.7437 80.0000 115.0000 35.0000
9 14 934 947.1 3rd-Ventricle 44.6392 13.9316 16.0000 96.0000 80.0000
10 15 1362 1483.7 4th-Ventricle 37.1065 10.5862 18.0000 75.0000 57.0000
11 16 23727 23483.8 Brain-Stem 84.7225 9.3408 28.0000 111.0000 83.0000
12 17 4461 4459.8 Left-Hippocampus 70.4752 7.2287 33.0000 102.0000 69.0000
13 18 1876 1922.7 Left-Amygdala 69.5448 6.0203 47.0000 88.0000 41.0000
14 24 1246 1248.3 CSF 52.4350 14.0258 22.0000 105.0000 83.0000
15 26 741 753.0 Left-Accumbens-area 71.6950 4.2249 56.0000 86.0000 30.0000
16 28 4994 4823.0 Left-VentralDC 91.9555 10.2307 46.0000 115.0000 69.0000
17 30 25 40.9 Left-vessel 60.4400 9.7898 30.0000 78.0000 48.0000
18 31 519 481.5 Left-choroid-plexus 53.7553 12.2741 26.0000 79.0000 53.0000
19 43 4059 4324.3 Right-Lateral-Ventricle 37.9436 14.2038 11.0000 87.0000 76.0000
20 44 124 148.0 Right-Inf-Lat-Vent 40.1855 12.8166 15.0000 68.0000 53.0000
21 46 16125 16657.6 Right-Cerebellum-White-Matter 87.9037 5.7397 36.0000 105.0000 69.0000
22 47 61583 61348.5 Right-Cerebellum-Cortex 68.7387 9.4875 21.0000 97.0000 76.0000
23 49 8526 8187.1 Right-Thalamus 87.4084 8.6863 29.0000 107.0000 78.0000
24 50 4461 4482.4 Right-Caudate 74.1349 6.5384 30.0000 96.0000 66.0000
25 51 5743 5679.1 Right-Putamen 84.1297 6.7203 52.0000 104.0000 52.0000
26 52 2138 2108.2 Right-Pallidum 98.1656 4.1152 82.0000 112.0000 30.0000
27 53 5092 5084.0 Right-Hippocampus 70.1699 7.2865 38.0000 103.0000 65.0000
28 54 1778 1805.9 Right-Amygdala 67.6659 6.2264 43.0000 92.0000 49.0000
29 58 739 726.6 Right-Accumbens-area 70.3789 5.0633 53.0000 89.0000 36.0000
30 60 4948 4750.6 Right-VentralDC 90.9501 10.5495 25.0000 110.0000 85.0000
31 62 4 11.5 Right-vessel 62.5000 3.6968 59.0000 67.0000 8.0000
32 63 426 379.5 Right-choroid-plexus 58.0892 12.5262 26.0000 86.0000 60.0000
33 72 0 0.0 5th-Ventricle 0.0000 0.0000 0.0000 0.0000 0.0000
34 77 1048 976.0 WM-hypointensities 70.2166 10.4059 29.0000 102.0000 73.0000
35 78 0 0.0 Left-WM-hypointensities 0.0000 0.0000 0.0000 0.0000 0.0000
36 79 0 0.0 Right-WM-hypointensities 0.0000 0.0000 0.0000 0.0000 0.0000
37 80 0 0.0 non-WM-hypointensities 0.0000 0.0000 0.0000 0.0000 0.0000
38 81 0 0.0 Left-non-WM-hypointensities 0.0000 0.0000 0.0000 0.0000 0.0000
39 82 0 0.0 Right-non-WM-hypointensities 0.0000 0.0000 0.0000 0.0000 0.0000
40 85 205 222.7 Optic-Chiasm 77.5707 15.1013 37.0000 102.0000 65.0000
41 251 1353 1259.8 CC_Posterior 97.3230 13.2552 41.0000 111.0000 70.0000
42 252 759 693.7 CC_Mid_Posterior 95.3531 13.8984 31.0000 113.0000 82.0000
43 253 1022 953.5 CC_Central 91.5225 15.0345 27.0000 111.0000 84.0000
44 254 851 739.8 CC_Mid_Anterior 89.6251 17.0755 26.0000 114.0000 88.0000
45 255 1023 982.0 CC_Anterior 100.2170 10.2918 35.0000 116.0000 81.0000
