Index SegId NVoxels Volume_mm3 StructName normMean normStdDev normMin normMax normRange
1 4 4879 5257.0 Left-Lateral-Ventricle 32.7643 12.7642 9.0000 84.0000 75.0000
2 5 111 143.8 Left-Inf-Lat-Vent 40.9730 12.2084 15.0000 73.0000 58.0000
3 7 17386 17908.9 Left-Cerebellum-White-Matter 85.1921 5.9086 39.0000 101.0000 62.0000
4 8 57175 56520.7 Left-Cerebellum-Cortex 65.0141 9.2087 14.0000 96.0000 82.0000
5 10 8312 7928.1 Left-Thalamus 89.3680 8.4924 36.0000 107.0000 71.0000
6 11 3991 4035.0 Left-Caudate 76.1273 6.8813 40.0000 98.0000 58.0000
7 12 5553 5512.7 Left-Putamen 86.3106 6.0400 63.0000 106.0000 43.0000
8 13 2233 2219.1 Left-Pallidum 99.5889 3.3203 75.0000 111.0000 36.0000
9 14 774 835.7 3rd-Ventricle 43.2106 13.7986 15.0000 77.0000 62.0000
10 15 1378 1506.9 4th-Ventricle 34.2293 11.4539 13.0000 84.0000 71.0000
11 16 22944 22874.5 Brain-Stem 83.6839 8.2711 30.0000 106.0000 76.0000
12 17 4494 4461.8 Left-Hippocampus 68.2862 7.2919 36.0000 100.0000 64.0000
13 18 1868 1903.3 Left-Amygdala 67.9898 5.2223 42.0000 85.0000 43.0000
14 24 1244 1231.3 CSF 49.7042 13.7023 20.0000 91.0000 71.0000
15 26 668 714.7 Left-Accumbens-area 72.9431 4.0228 51.0000 83.0000 32.0000
16 28 4731 4575.2 Left-VentralDC 91.4819 9.4644 38.0000 110.0000 72.0000
17 30 34 51.5 Left-vessel 59.4706 10.5579 28.0000 73.0000 45.0000
18 31 477 437.9 Left-choroid-plexus 52.7044 11.5772 24.0000 85.0000 61.0000
19 43 3924 4174.5 Right-Lateral-Ventricle 35.0183 15.0862 5.0000 93.0000 88.0000
20 44 124 142.4 Right-Inf-Lat-Vent 34.9355 13.3835 11.0000 62.0000 51.0000
21 46 17616 17984.6 Right-Cerebellum-White-Matter 83.9305 6.1672 37.0000 100.0000 63.0000
22 47 57484 56988.0 Right-Cerebellum-Cortex 62.2824 9.5936 9.0000 96.0000 87.0000
23 49 8590 8295.6 Right-Thalamus 89.7646 8.7767 29.0000 107.0000 78.0000
24 50 4158 4176.4 Right-Caudate 75.2443 7.1216 43.0000 96.0000 53.0000
25 51 5681 5653.6 Right-Putamen 84.1672 6.2291 54.0000 101.0000 47.0000
26 52 2099 2055.4 Right-Pallidum 98.1987 3.7600 81.0000 110.0000 29.0000
27 53 5021 5025.3 Right-Hippocampus 65.9106 7.2718 33.0000 95.0000 62.0000
28 54 2089 2142.0 Right-Amygdala 67.5658 5.7483 38.0000 86.0000 48.0000
29 58 729 764.2 Right-Accumbens-area 73.9959 4.5887 59.0000 92.0000 33.0000
30 60 4727 4529.0 Right-VentralDC 90.8253 10.0696 28.0000 117.0000 89.0000
31 62 7 16.5 Right-vessel 60.8571 6.2564 53.0000 69.0000 16.0000
32 63 479 424.7 Right-choroid-plexus 56.2547 12.0213 25.0000 80.0000 55.0000
33 72 0 0.0 5th-Ventricle 0.0000 0.0000 0.0000 0.0000 0.0000
34 77 916 868.0 WM-hypointensities 68.4509 9.9803 35.0000 98.0000 63.0000
35 78 0 0.0 Left-WM-hypointensities 0.0000 0.0000 0.0000 0.0000 0.0000
36 79 0 0.0 Right-WM-hypointensities 0.0000 0.0000 0.0000 0.0000 0.0000
37 80 0 0.0 non-WM-hypointensities 0.0000 0.0000 0.0000 0.0000 0.0000
38 81 0 0.0 Left-non-WM-hypointensities 0.0000 0.0000 0.0000 0.0000 0.0000
39 82 0 0.0 Right-non-WM-hypointensities 0.0000 0.0000 0.0000 0.0000 0.0000
40 85 171 179.3 Optic-Chiasm 79.1579 15.4472 38.0000 106.0000 68.0000
41 251 1304 1238.2 CC_Posterior 97.7768 12.1781 42.0000 109.0000 67.0000
42 252 785 719.5 CC_Mid_Posterior 97.3554 13.6832 37.0000 114.0000 77.0000
43 253 961 891.0 CC_Central 95.2216 13.5556 41.0000 113.0000 72.0000
44 254 833 733.8 CC_Mid_Anterior 91.7671 15.9657 30.0000 111.0000 81.0000
45 255 1028 997.6 CC_Anterior 99.8745 9.4166 40.0000 113.0000 73.0000
