Index SegId NVoxels Volume_mm3 StructName normMean normStdDev normMin normMax normRange
1 4 5851 6251.0 Left-Lateral-Ventricle 31.6905 13.4772 9.0000 89.0000 80.0000
2 5 206 254.6 Left-Inf-Lat-Vent 45.9272 13.2190 11.0000 79.0000 68.0000
3 7 16853 17394.5 Left-Cerebellum-White-Matter 86.1717 7.0068 27.0000 104.0000 77.0000
4 8 57842 57480.2 Left-Cerebellum-Cortex 61.6854 10.7853 10.0000 95.0000 85.0000
5 10 8776 8434.8 Left-Thalamus 88.7490 8.6121 38.0000 109.0000 71.0000
6 11 3830 3822.6 Left-Caudate 76.7898 7.8100 35.0000 99.0000 64.0000
7 12 5871 5902.6 Left-Putamen 86.3226 6.5715 38.0000 105.0000 67.0000
8 13 2346 2381.7 Left-Pallidum 100.2246 5.1418 35.0000 115.0000 80.0000
9 14 889 932.7 3rd-Ventricle 44.2767 15.2150 12.0000 82.0000 70.0000
10 15 1829 2028.6 4th-Ventricle 29.7644 10.6669 7.0000 91.0000 84.0000
11 16 21446 21235.9 Brain-Stem 84.6120 9.5456 22.0000 128.0000 106.0000
12 17 4708 4713.7 Left-Hippocampus 67.7840 8.2816 14.0000 103.0000 89.0000
13 18 1686 1670.9 Left-Amygdala 66.2106 6.7863 25.0000 85.0000 60.0000
14 24 1102 1150.4 CSF 51.6897 12.8937 18.0000 84.0000 66.0000
15 26 659 693.3 Left-Accumbens-area 72.8771 4.4960 49.0000 88.0000 39.0000
16 28 4559 4453.8 Left-VentralDC 91.7837 10.2543 29.0000 117.0000 88.0000
17 30 21 31.4 Left-vessel 56.8571 10.0463 40.0000 77.0000 37.0000
18 31 639 563.6 Left-choroid-plexus 51.5023 12.9094 24.0000 79.0000 55.0000
19 43 4825 5092.3 Right-Lateral-Ventricle 33.1876 14.6694 8.0000 96.0000 88.0000
20 44 161 192.1 Right-Inf-Lat-Vent 46.5342 12.1804 15.0000 74.0000 59.0000
21 46 15504 15995.5 Right-Cerebellum-White-Matter 86.4664 6.9403 20.0000 107.0000 87.0000
22 47 59203 59311.9 Right-Cerebellum-Cortex 61.5838 11.2200 9.0000 99.0000 90.0000
23 49 8040 7669.0 Right-Thalamus 88.4692 8.6088 33.0000 106.0000 73.0000
24 50 4075 4031.3 Right-Caudate 75.5674 7.6575 43.0000 101.0000 58.0000
25 51 6328 6216.3 Right-Putamen 85.5577 6.7258 44.0000 108.0000 64.0000
26 52 2326 2368.2 Right-Pallidum 99.3581 4.3135 45.0000 114.0000 69.0000
27 53 4749 4783.2 Right-Hippocampus 67.6069 8.2945 27.0000 103.0000 76.0000
28 54 2013 1970.7 Right-Amygdala 66.6369 7.2557 38.0000 103.0000 65.0000
29 58 717 714.7 Right-Accumbens-area 73.9066 4.8518 55.0000 90.0000 35.0000
30 60 4601 4445.9 Right-VentralDC 92.0224 10.3034 31.0000 118.0000 87.0000
31 62 19 30.2 Right-vessel 58.2632 9.2186 41.0000 71.0000 30.0000
32 63 621 575.0 Right-choroid-plexus 52.4525 11.4354 24.0000 85.0000 61.0000
33 72 0 0.0 5th-Ventricle 0.0000 0.0000 0.0000 0.0000 0.0000
34 77 714 677.8 WM-hypointensities 68.7423 9.5436 40.0000 96.0000 56.0000
35 78 0 0.0 Left-WM-hypointensities 0.0000 0.0000 0.0000 0.0000 0.0000
36 79 0 0.0 Right-WM-hypointensities 0.0000 0.0000 0.0000 0.0000 0.0000
37 80 0 0.0 non-WM-hypointensities 0.0000 0.0000 0.0000 0.0000 0.0000
38 81 0 0.0 Left-non-WM-hypointensities 0.0000 0.0000 0.0000 0.0000 0.0000
39 82 0 0.0 Right-non-WM-hypointensities 0.0000 0.0000 0.0000 0.0000 0.0000
40 85 101 94.3 Optic-Chiasm 72.7921 16.5380 34.0000 102.0000 68.0000
41 251 1434 1378.1 CC_Posterior 98.5558 10.9501 42.0000 112.0000 70.0000
42 252 849 774.1 CC_Mid_Posterior 96.3663 13.3035 35.0000 111.0000 76.0000
43 253 1132 1039.1 CC_Central 92.5892 14.6468 28.0000 110.0000 82.0000
44 254 773 708.9 CC_Mid_Anterior 93.9767 13.0464 41.0000 106.0000 65.0000
45 255 1249 1171.5 CC_Anterior 96.4724 12.6672 31.0000 118.0000 87.0000
