Index SegId NVoxels Volume_mm3 StructName normMean normStdDev normMin normMax normRange
1 4 6165 6369.2 Left-Lateral-Ventricle 21.3314 14.6422 0.0000 87.0000 87.0000
2 5 280 322.4 Left-Inf-Lat-Vent 39.5607 14.5960 6.0000 86.0000 80.0000
3 7 14994 15421.9 Left-Cerebellum-White-Matter 85.3335 8.3470 22.0000 120.0000 98.0000
4 8 65404 65401.4 Left-Cerebellum-Cortex 56.8545 12.4559 1.0000 107.0000 106.0000
5 10 8931 8640.8 Left-Thalamus 82.0355 10.3750 20.0000 113.0000 93.0000
6 11 4035 4080.0 Left-Caudate 67.2758 7.5177 36.0000 94.0000 58.0000
7 12 6167 6161.5 Left-Putamen 77.0110 7.0592 24.0000 101.0000 77.0000
8 13 2084 2021.8 Left-Pallidum 95.6761 6.1822 24.0000 113.0000 89.0000
9 14 803 825.3 3rd-Ventricle 29.3599 16.2090 3.0000 79.0000 76.0000
10 15 2180 2221.3 4th-Ventricle 22.2009 12.2267 4.0000 71.0000 67.0000
11 16 21338 21508.7 Brain-Stem 78.5612 10.6860 8.0000 122.0000 114.0000
12 17 4496 4454.8 Left-Hippocampus 60.7658 9.4177 12.0000 100.0000 88.0000
13 18 1718 1702.4 Left-Amygdala 62.5244 7.2838 24.0000 85.0000 61.0000
14 24 1071 1050.7 CSF 39.5257 15.5022 1.0000 75.0000 74.0000
15 26 447 460.4 Left-Accumbens-area 65.5973 5.5077 36.0000 82.0000 46.0000
16 28 4415 4295.9 Left-VentralDC 89.6863 12.7355 23.0000 125.0000 102.0000
17 30 30 45.5 Left-vessel 46.9333 14.1858 24.0000 73.0000 49.0000
18 31 489 444.4 Left-choroid-plexus 51.1840 12.4602 18.0000 81.0000 63.0000
19 43 4974 5158.2 Right-Lateral-Ventricle 23.0708 15.5137 0.0000 89.0000 89.0000
20 44 256 314.2 Right-Inf-Lat-Vent 42.9375 12.0686 13.0000 76.0000 63.0000
21 46 12256 12909.5 Right-Cerebellum-White-Matter 85.1675 7.9883 28.0000 113.0000 85.0000
22 47 62394 62276.1 Right-Cerebellum-Cortex 57.1985 11.9243 4.0000 108.0000 104.0000
23 49 8482 8189.4 Right-Thalamus 78.9921 11.5256 16.0000 113.0000 97.0000
24 50 4286 4298.6 Right-Caudate 65.4050 8.2813 34.0000 95.0000 61.0000
25 51 5915 5944.2 Right-Putamen 78.2612 7.3929 22.0000 123.0000 101.0000
26 52 2431 2360.8 Right-Pallidum 100.3295 7.2068 35.0000 123.0000 88.0000
27 53 4380 4367.5 Right-Hippocampus 63.6329 9.8632 24.0000 107.0000 83.0000
28 54 1997 2027.3 Right-Amygdala 64.6820 7.4206 29.0000 92.0000 63.0000
29 58 641 626.9 Right-Accumbens-area 63.0125 6.3310 45.0000 83.0000 38.0000
30 60 3852 3660.4 Right-VentralDC 84.1342 13.4412 20.0000 133.0000 113.0000
31 62 6 11.8 Right-vessel 51.8333 7.4944 47.0000 62.0000 15.0000
32 63 589 565.2 Right-choroid-plexus 49.2716 11.7493 18.0000 84.0000 66.0000
33 72 0 0.0 5th-Ventricle 0.0000 0.0000 0.0000 0.0000 0.0000
34 77 850 869.2 WM-hypointensities 71.5365 10.6089 41.0000 96.0000 55.0000
35 78 0 0.0 Left-WM-hypointensities 0.0000 0.0000 0.0000 0.0000 0.0000
36 79 0 0.0 Right-WM-hypointensities 0.0000 0.0000 0.0000 0.0000 0.0000
37 80 0 0.0 non-WM-hypointensities 0.0000 0.0000 0.0000 0.0000 0.0000
38 81 0 0.0 Left-non-WM-hypointensities 0.0000 0.0000 0.0000 0.0000 0.0000
39 82 0 0.0 Right-non-WM-hypointensities 0.0000 0.0000 0.0000 0.0000 0.0000
40 85 161 164.8 Optic-Chiasm 85.5466 16.6162 36.0000 123.0000 87.0000
41 251 1451 1397.8 CC_Posterior 107.6230 15.6863 42.0000 129.0000 87.0000
42 252 857 823.3 CC_Mid_Posterior 102.7083 18.4914 8.0000 137.0000 129.0000
43 253 1104 1034.4 CC_Central 99.7609 17.1994 16.0000 137.0000 121.0000
44 254 931 879.3 CC_Mid_Anterior 103.6187 18.4468 41.0000 145.0000 104.0000
45 255 1242 1256.0 CC_Anterior 114.5306 20.7070 23.0000 153.0000 130.0000
