Index SegId NVoxels Volume_mm3 StructName normMean normStdDev normMin normMax normRange
1 4 5787 6197.2 Left-Lateral-Ventricle 34.9698 13.0021 15.0000 88.0000 73.0000
2 5 136 186.7 Left-Inf-Lat-Vent 47.2941 10.6758 22.0000 78.0000 56.0000
3 7 17925 18546.3 Left-Cerebellum-White-Matter 84.2804 6.7232 29.0000 102.0000 73.0000
4 8 61639 61610.6 Left-Cerebellum-Cortex 61.5599 9.7286 18.0000 94.0000 76.0000
5 10 8958 8573.5 Left-Thalamus 88.8866 8.3713 34.0000 107.0000 73.0000
6 11 3751 3717.8 Left-Caudate 76.7219 7.8382 49.0000 100.0000 51.0000
7 12 5967 5934.1 Left-Putamen 88.3977 6.1007 55.0000 105.0000 50.0000
8 13 2277 2309.6 Left-Pallidum 101.3733 4.1606 52.0000 113.0000 61.0000
9 14 946 1033.9 3rd-Ventricle 47.9958 12.2841 20.0000 76.0000 56.0000
10 15 1732 1899.1 4th-Ventricle 34.2500 9.7526 19.0000 72.0000 53.0000
11 16 21365 21204.1 Brain-Stem 83.4466 9.1032 27.0000 109.0000 82.0000
12 17 4893 4871.5 Left-Hippocampus 69.9058 7.2427 30.0000 102.0000 72.0000
13 18 1789 1821.3 Left-Amygdala 68.6780 5.6735 46.0000 85.0000 39.0000
14 24 1217 1264.3 CSF 55.3459 12.5808 25.0000 91.0000 66.0000
15 26 632 656.0 Left-Accumbens-area 71.6139 4.0671 55.0000 86.0000 31.0000
16 28 4788 4619.1 Left-VentralDC 91.2932 10.3556 44.0000 110.0000 66.0000
17 30 19 35.3 Left-vessel 63.4737 5.9570 50.0000 70.0000 20.0000
18 31 582 534.4 Left-choroid-plexus 52.4725 12.0153 24.0000 80.0000 56.0000
19 43 4711 5005.1 Right-Lateral-Ventricle 36.8633 13.9424 17.0000 99.0000 82.0000
20 44 127 166.9 Right-Inf-Lat-Vent 51.8661 10.2014 28.0000 73.0000 45.0000
21 46 16574 17164.9 Right-Cerebellum-White-Matter 83.6137 6.3950 31.0000 101.0000 70.0000
22 47 61554 61532.1 Right-Cerebellum-Cortex 62.8739 9.0421 14.0000 96.0000 82.0000
23 49 8435 8002.4 Right-Thalamus 88.0241 8.0988 35.0000 105.0000 70.0000
24 50 3859 3837.2 Right-Caudate 75.7468 7.8794 44.0000 99.0000 55.0000
25 51 6113 5985.6 Right-Putamen 86.6013 6.9315 50.0000 103.0000 53.0000
26 52 2108 2109.7 Right-Pallidum 100.0361 3.8295 49.0000 109.0000 60.0000
27 53 4996 4972.3 Right-Hippocampus 69.3155 7.1501 41.0000 101.0000 60.0000
28 54 1797 1800.2 Right-Amygdala 65.9777 5.6990 47.0000 85.0000 38.0000
29 58 774 758.6 Right-Accumbens-area 70.6098 4.9272 55.0000 90.0000 35.0000
30 60 4872 4629.7 Right-VentralDC 90.2451 10.4080 38.0000 110.0000 72.0000
31 62 12 25.2 Right-vessel 61.4167 6.2298 54.0000 71.0000 17.0000
32 63 612 561.3 Right-choroid-plexus 52.9788 10.8496 26.0000 84.0000 58.0000
33 72 0 0.0 5th-Ventricle 0.0000 0.0000 0.0000 0.0000 0.0000
34 77 1035 985.0 WM-hypointensities 69.9845 9.8553 44.0000 97.0000 53.0000
35 78 0 0.0 Left-WM-hypointensities 0.0000 0.0000 0.0000 0.0000 0.0000
36 79 0 0.0 Right-WM-hypointensities 0.0000 0.0000 0.0000 0.0000 0.0000
37 80 0 0.0 non-WM-hypointensities 0.0000 0.0000 0.0000 0.0000 0.0000
38 81 0 0.0 Left-non-WM-hypointensities 0.0000 0.0000 0.0000 0.0000 0.0000
39 82 0 0.0 Right-non-WM-hypointensities 0.0000 0.0000 0.0000 0.0000 0.0000
40 85 174 188.6 Optic-Chiasm 72.6322 14.1655 21.0000 95.0000 74.0000
41 251 1431 1359.7 CC_Posterior 96.9727 11.3300 43.0000 109.0000 66.0000
42 252 850 794.1 CC_Mid_Posterior 97.9188 11.3147 45.0000 110.0000 65.0000
43 253 1030 975.6 CC_Central 96.0184 12.1471 44.0000 110.0000 66.0000
44 254 804 732.9 CC_Mid_Anterior 95.8010 14.0639 43.0000 112.0000 69.0000
45 255 1247 1168.6 CC_Anterior 99.3961 12.3984 35.0000 115.0000 80.0000
