Index SegId NVoxels Volume_mm3 StructName normMean normStdDev normMin normMax normRange
1 4 5837 6241.0 Left-Lateral-Ventricle 34.2996 13.1034 12.0000 88.0000 76.0000
2 5 124 167.9 Left-Inf-Lat-Vent 46.6694 12.1198 15.0000 72.0000 57.0000
3 7 14924 15781.5 Left-Cerebellum-White-Matter 86.7406 6.0167 38.0000 105.0000 67.0000
4 8 63806 63526.3 Left-Cerebellum-Cortex 64.0125 9.3597 15.0000 96.0000 81.0000
5 10 8532 8182.2 Left-Thalamus 87.2342 8.3944 38.0000 107.0000 69.0000
6 11 3812 3817.5 Left-Caudate 78.1884 7.5673 49.0000 99.0000 50.0000
7 12 5825 5897.9 Left-Putamen 89.7179 5.9805 56.0000 112.0000 56.0000
8 13 2410 2410.1 Left-Pallidum 102.9519 4.7825 35.0000 116.0000 81.0000
9 14 1002 1064.5 3rd-Ventricle 46.3922 12.7516 19.0000 90.0000 71.0000
10 15 1786 1914.2 4th-Ventricle 34.3662 10.2727 17.0000 76.0000 59.0000
11 16 20768 20608.0 Brain-Stem 85.6189 9.8366 28.0000 117.0000 89.0000
12 17 4831 4785.5 Left-Hippocampus 69.2300 7.2755 26.0000 97.0000 71.0000
13 18 1782 1800.5 Left-Amygdala 69.0185 6.3179 36.0000 93.0000 57.0000
14 24 1077 1152.5 CSF 52.6147 12.0547 21.0000 82.0000 61.0000
15 26 611 662.5 Left-Accumbens-area 73.5597 4.1549 50.0000 88.0000 38.0000
16 28 4779 4590.6 Left-VentralDC 90.6323 10.2925 46.0000 110.0000 64.0000
17 30 25 44.5 Left-vessel 66.1600 6.8780 54.0000 81.0000 27.0000
18 31 633 593.3 Left-choroid-plexus 51.4013 12.3275 23.0000 79.0000 56.0000
19 43 4778 5050.4 Right-Lateral-Ventricle 36.3801 14.2936 13.0000 93.0000 80.0000
20 44 92 123.1 Right-Inf-Lat-Vent 49.7609 10.0890 25.0000 70.0000 45.0000
21 46 13798 14610.2 Right-Cerebellum-White-Matter 85.1378 5.9937 33.0000 103.0000 70.0000
22 47 63996 63860.7 Right-Cerebellum-Cortex 64.5840 8.8692 22.0000 96.0000 74.0000
23 49 8584 8181.2 Right-Thalamus 86.1311 8.1169 34.0000 106.0000 72.0000
24 50 3906 3915.3 Right-Caudate 76.5607 7.4602 46.0000 100.0000 54.0000
25 51 6090 6090.5 Right-Putamen 87.1153 6.4922 55.0000 106.0000 51.0000
26 52 2402 2364.0 Right-Pallidum 100.9829 4.3592 58.0000 113.0000 55.0000
27 53 4971 4910.3 Right-Hippocampus 68.1310 6.9108 40.0000 100.0000 60.0000
28 54 1944 1940.3 Right-Amygdala 66.2315 6.1124 39.0000 84.0000 45.0000
29 58 846 824.6 Right-Accumbens-area 72.5437 4.8269 58.0000 92.0000 34.0000
30 60 4796 4554.0 Right-VentralDC 89.8159 10.1720 42.0000 108.0000 66.0000
31 62 7 13.0 Right-vessel 65.7143 7.9102 50.0000 74.0000 24.0000
32 63 639 583.0 Right-choroid-plexus 51.1002 10.8783 25.0000 78.0000 53.0000
33 72 0 0.0 5th-Ventricle 0.0000 0.0000 0.0000 0.0000 0.0000
34 77 900 854.5 WM-hypointensities 69.4156 10.2229 41.0000 104.0000 63.0000
35 78 0 0.0 Left-WM-hypointensities 0.0000 0.0000 0.0000 0.0000 0.0000
36 79 0 0.0 Right-WM-hypointensities 0.0000 0.0000 0.0000 0.0000 0.0000
37 80 0 0.0 non-WM-hypointensities 0.0000 0.0000 0.0000 0.0000 0.0000
38 81 0 0.0 Left-non-WM-hypointensities 0.0000 0.0000 0.0000 0.0000 0.0000
39 82 0 0.0 Right-non-WM-hypointensities 0.0000 0.0000 0.0000 0.0000 0.0000
40 85 175 186.7 Optic-Chiasm 74.9486 12.7497 45.0000 98.0000 53.0000
41 251 1439 1351.2 CC_Posterior 96.9152 11.1826 42.0000 112.0000 70.0000
42 252 885 809.0 CC_Mid_Posterior 96.9119 13.9730 33.0000 114.0000 81.0000
43 253 1021 956.3 CC_Central 96.1567 12.6537 47.0000 109.0000 62.0000
44 254 902 812.2 CC_Mid_Anterior 94.5133 15.1749 44.0000 109.0000 65.0000
45 255 1151 1094.2 CC_Anterior 101.6160 11.1989 34.0000 112.0000 78.0000
