Index SegId NVoxels Volume_mm3 StructName normMean normStdDev normMin normMax normRange
1 4 5691 6077.7 Left-Lateral-Ventricle 31.0752 13.5796 9.0000 86.0000 77.0000
2 5 212 274.5 Left-Inf-Lat-Vent 50.5425 11.8659 15.0000 77.0000 62.0000
3 7 15898 16411.2 Left-Cerebellum-White-Matter 85.9147 5.7478 38.0000 100.0000 62.0000
4 8 58842 58734.2 Left-Cerebellum-Cortex 64.9737 9.9396 17.0000 94.0000 77.0000
5 10 9307 8948.2 Left-Thalamus 90.5046 8.6673 31.0000 111.0000 80.0000
6 11 3804 3790.0 Left-Caudate 76.5723 8.0153 48.0000 96.0000 48.0000
7 12 5521 5660.1 Left-Putamen 88.0487 6.1267 44.0000 106.0000 62.0000
8 13 2204 2210.3 Left-Pallidum 101.4655 4.6468 47.0000 111.0000 64.0000
9 14 846 919.6 3rd-Ventricle 45.4823 13.7371 13.0000 97.0000 84.0000
10 15 1859 2016.5 4th-Ventricle 30.7391 10.1208 12.0000 78.0000 66.0000
11 16 21742 21433.2 Brain-Stem 83.4885 9.0989 20.0000 108.0000 88.0000
12 17 4672 4637.9 Left-Hippocampus 68.8575 7.2110 21.0000 98.0000 77.0000
13 18 1748 1781.4 Left-Amygdala 67.8221 5.5707 33.0000 87.0000 54.0000
14 24 1026 1098.1 CSF 50.4795 12.5112 19.0000 83.0000 64.0000
15 26 583 636.4 Left-Accumbens-area 75.2899 4.4421 54.0000 87.0000 33.0000
16 28 4666 4512.1 Left-VentralDC 91.9117 9.7845 35.0000 112.0000 77.0000
17 30 19 33.7 Left-vessel 61.0000 6.8638 48.0000 70.0000 22.0000
18 31 558 515.3 Left-choroid-plexus 51.1523 12.6515 23.0000 83.0000 60.0000
19 43 4618 4919.2 Right-Lateral-Ventricle 33.0788 14.0121 10.0000 94.0000 84.0000
20 44 145 175.6 Right-Inf-Lat-Vent 50.2759 11.0400 22.0000 77.0000 55.0000
21 46 15472 16072.4 Right-Cerebellum-White-Matter 85.2854 6.1234 23.0000 107.0000 84.0000
22 47 58892 59016.9 Right-Cerebellum-Cortex 64.4985 10.2995 14.0000 102.0000 88.0000
23 49 8221 7777.4 Right-Thalamus 88.4999 8.4386 25.0000 106.0000 81.0000
24 50 3900 3893.4 Right-Caudate 74.7244 7.9278 46.0000 100.0000 54.0000
25 51 5793 5760.9 Right-Putamen 86.9959 6.0289 50.0000 108.0000 58.0000
26 52 2487 2447.5 Right-Pallidum 100.9248 4.0527 58.0000 111.0000 53.0000
27 53 4785 4723.8 Right-Hippocampus 68.8134 7.0592 39.0000 99.0000 60.0000
28 54 2209 2234.9 Right-Amygdala 68.4572 5.7859 40.0000 88.0000 48.0000
29 58 722 721.6 Right-Accumbens-area 73.5277 4.8104 53.0000 93.0000 40.0000
30 60 4548 4280.7 Right-VentralDC 91.4576 10.0103 38.0000 115.0000 77.0000
31 62 10 19.4 Right-vessel 60.0000 10.4456 41.0000 71.0000 30.0000
32 63 625 595.6 Right-choroid-plexus 51.0896 11.2202 24.0000 77.0000 53.0000
33 72 0 0.0 5th-Ventricle 0.0000 0.0000 0.0000 0.0000 0.0000
34 77 884 831.7 WM-hypointensities 68.1369 10.2485 38.0000 101.0000 63.0000
35 78 0 0.0 Left-WM-hypointensities 0.0000 0.0000 0.0000 0.0000 0.0000
36 79 0 0.0 Right-WM-hypointensities 0.0000 0.0000 0.0000 0.0000 0.0000
37 80 0 0.0 non-WM-hypointensities 0.0000 0.0000 0.0000 0.0000 0.0000
38 81 0 0.0 Left-non-WM-hypointensities 0.0000 0.0000 0.0000 0.0000 0.0000
39 82 0 0.0 Right-non-WM-hypointensities 0.0000 0.0000 0.0000 0.0000 0.0000
40 85 186 187.1 Optic-Chiasm 82.2043 15.5407 24.0000 111.0000 87.0000
41 251 1402 1334.8 CC_Posterior 98.9037 10.9785 40.0000 115.0000 75.0000
42 252 849 793.7 CC_Mid_Posterior 97.6125 13.0415 40.0000 123.0000 83.0000
43 253 1064 986.5 CC_Central 94.9765 12.8121 32.0000 115.0000 83.0000
44 254 836 766.7 CC_Mid_Anterior 93.7524 14.0636 40.0000 110.0000 70.0000
45 255 1212 1164.6 CC_Anterior 98.0314 11.8084 2.0000 117.0000 115.0000
