Index SegId NVoxels Volume_mm3 StructName normMean normStdDev normMin normMax normRange
1 4 5718 6143.3 Left-Lateral-Ventricle 36.5044 12.6500 15.0000 83.0000 68.0000
2 5 118 158.9 Left-Inf-Lat-Vent 50.3136 12.1871 24.0000 80.0000 56.0000
3 7 16807 17284.1 Left-Cerebellum-White-Matter 84.7152 6.5191 20.0000 105.0000 85.0000
4 8 62449 62636.5 Left-Cerebellum-Cortex 62.3360 9.7372 16.0000 94.0000 78.0000
5 10 9715 9430.6 Left-Thalamus 90.5110 8.3367 38.0000 108.0000 70.0000
6 11 3801 3802.6 Left-Caudate 78.8137 7.1583 50.0000 99.0000 49.0000
7 12 5972 5999.0 Left-Putamen 89.8022 5.9836 53.0000 107.0000 54.0000
8 13 2079 2106.8 Left-Pallidum 101.6166 4.5609 50.0000 112.0000 62.0000
9 14 981 1047.8 3rd-Ventricle 49.3089 13.0694 20.0000 91.0000 71.0000
10 15 1893 2056.6 4th-Ventricle 34.6846 10.0452 17.0000 72.0000 55.0000
11 16 21801 21636.8 Brain-Stem 83.8004 8.9044 33.0000 110.0000 77.0000
12 17 4788 4785.3 Left-Hippocampus 71.1556 7.1178 26.0000 98.0000 72.0000
13 18 1771 1793.2 Left-Amygdala 70.5296 5.9435 37.0000 90.0000 53.0000
14 24 1140 1142.0 CSF 56.8947 12.1817 27.0000 92.0000 65.0000
15 26 604 626.1 Left-Accumbens-area 74.0497 4.0606 55.0000 88.0000 33.0000
16 28 4804 4619.5 Left-VentralDC 91.8426 9.9380 40.0000 110.0000 70.0000
17 30 25 41.5 Left-vessel 65.0000 6.6144 52.0000 75.0000 23.0000
18 31 399 382.3 Left-choroid-plexus 50.6165 12.1103 27.0000 79.0000 52.0000
19 43 4837 5079.8 Right-Lateral-Ventricle 38.6341 14.2033 17.0000 104.0000 87.0000
20 44 113 131.9 Right-Inf-Lat-Vent 49.2035 10.8366 17.0000 72.0000 55.0000
21 46 16209 16790.1 Right-Cerebellum-White-Matter 83.0734 6.4964 33.0000 102.0000 69.0000
22 47 62947 63120.4 Right-Cerebellum-Cortex 61.7394 9.3950 19.0000 93.0000 74.0000
23 49 8524 8100.1 Right-Thalamus 87.8925 8.0674 32.0000 105.0000 73.0000
24 50 4018 4000.6 Right-Caudate 77.3925 7.0867 50.0000 98.0000 48.0000
25 51 6193 6113.2 Right-Putamen 87.2760 6.7524 49.0000 105.0000 56.0000
26 52 2231 2243.9 Right-Pallidum 99.9077 4.0346 58.0000 109.0000 51.0000
27 53 4994 5001.4 Right-Hippocampus 69.7573 6.7703 41.0000 98.0000 57.0000
28 54 1881 1903.4 Right-Amygdala 66.8107 5.8157 41.0000 85.0000 44.0000
29 58 778 749.0 Right-Accumbens-area 72.4383 4.6168 56.0000 93.0000 37.0000
30 60 4943 4664.1 Right-VentralDC 90.5638 9.9137 41.0000 108.0000 67.0000
31 62 12 25.5 Right-vessel 62.1667 4.9696 56.0000 72.0000 16.0000
32 63 513 497.7 Right-choroid-plexus 54.0975 10.4876 23.0000 80.0000 57.0000
33 72 0 0.0 5th-Ventricle 0.0000 0.0000 0.0000 0.0000 0.0000
34 77 788 782.7 WM-hypointensities 70.8972 9.4124 44.0000 112.0000 68.0000
35 78 0 0.0 Left-WM-hypointensities 0.0000 0.0000 0.0000 0.0000 0.0000
36 79 0 0.0 Right-WM-hypointensities 0.0000 0.0000 0.0000 0.0000 0.0000
37 80 0 0.0 non-WM-hypointensities 0.0000 0.0000 0.0000 0.0000 0.0000
38 81 0 0.0 Left-non-WM-hypointensities 0.0000 0.0000 0.0000 0.0000 0.0000
39 82 0 0.0 Right-non-WM-hypointensities 0.0000 0.0000 0.0000 0.0000 0.0000
40 85 181 184.8 Optic-Chiasm 73.8453 13.9179 32.0000 96.0000 64.0000
41 251 1464 1382.6 CC_Posterior 97.8340 11.7017 41.0000 109.0000 68.0000
42 252 859 799.4 CC_Mid_Posterior 97.2200 11.7287 38.0000 110.0000 72.0000
43 253 1080 1012.2 CC_Central 94.7380 11.7879 45.0000 109.0000 64.0000
44 254 869 783.2 CC_Mid_Anterior 94.8631 14.1907 44.0000 110.0000 66.0000
45 255 1244 1144.8 CC_Anterior 100.2476 12.5565 35.0000 114.0000 79.0000
