Index SegId NVoxels Volume_mm3 StructName normMean normStdDev normMin normMax normRange
1 4 8400 8679.1 Left-Lateral-Ventricle 30.8858 11.7958 14.0000 83.0000 69.0000
2 5 320 413.4 Left-Inf-Lat-Vent 48.2125 11.6836 20.0000 84.0000 64.0000
3 7 17121 17654.9 Left-Cerebellum-White-Matter 83.3545 6.3842 37.0000 100.0000 63.0000
4 8 54551 54491.7 Left-Cerebellum-Cortex 61.4490 10.6424 10.0000 94.0000 84.0000
5 10 7120 6812.4 Left-Thalamus 87.4937 8.4974 45.0000 105.0000 60.0000
6 11 2964 2907.5 Left-Caudate 77.5901 8.2419 44.0000 98.0000 54.0000
7 12 4245 4213.3 Left-Putamen 87.7176 5.9653 52.0000 111.0000 59.0000
8 13 1914 1922.1 Left-Pallidum 100.3689 4.2594 75.0000 118.0000 43.0000
9 14 795 859.6 3rd-Ventricle 46.0352 13.1563 20.0000 89.0000 69.0000
10 15 1275 1381.3 4th-Ventricle 37.1467 11.2730 18.0000 73.0000 55.0000
11 16 19662 19709.8 Brain-Stem 82.4486 9.0594 26.0000 108.0000 82.0000
12 17 4133 3991.3 Left-Hippocampus 70.0743 7.5836 28.0000 97.0000 69.0000
13 18 1591 1649.8 Left-Amygdala 72.9598 5.6242 52.0000 90.0000 38.0000
14 24 1110 1128.9 CSF 54.1604 13.0733 21.0000 98.0000 77.0000
15 26 416 456.0 Left-Accumbens-area 75.9591 3.7808 55.0000 88.0000 33.0000
16 28 3962 3768.0 Left-VentralDC 91.1166 10.5870 41.0000 111.0000 70.0000
17 30 32 46.3 Left-vessel 57.8438 10.3179 41.0000 79.0000 38.0000
18 31 509 465.7 Left-choroid-plexus 53.9450 11.9583 23.0000 80.0000 57.0000
19 43 7655 7836.4 Right-Lateral-Ventricle 31.8635 12.7579 11.0000 91.0000 80.0000
20 44 134 183.6 Right-Inf-Lat-Vent 51.7910 9.4813 23.0000 70.0000 47.0000
21 46 15951 16594.4 Right-Cerebellum-White-Matter 83.3982 5.7439 38.0000 99.0000 61.0000
22 47 55819 55528.5 Right-Cerebellum-Cortex 63.0652 9.7797 18.0000 93.0000 75.0000
23 49 7283 6908.2 Right-Thalamus 87.1398 8.3877 36.0000 104.0000 68.0000
24 50 3157 3126.2 Right-Caudate 76.8369 7.5396 48.0000 96.0000 48.0000
25 51 4634 4546.9 Right-Putamen 85.7868 6.2661 36.0000 104.0000 68.0000
26 52 1906 1899.0 Right-Pallidum 99.3122 4.8481 41.0000 109.0000 68.0000
27 53 3987 3929.7 Right-Hippocampus 70.7040 6.9639 31.0000 93.0000 62.0000
28 54 1753 1816.2 Right-Amygdala 70.9487 6.5535 29.0000 91.0000 62.0000
29 58 618 588.4 Right-Accumbens-area 75.4903 4.5115 55.0000 92.0000 37.0000
30 60 3811 3583.8 Right-VentralDC 90.4755 11.2182 28.0000 117.0000 89.0000
31 62 274 277.3 Right-vessel 42.6642 15.4523 20.0000 71.0000 51.0000
32 63 532 472.4 Right-choroid-plexus 52.0865 10.9601 26.0000 79.0000 53.0000
33 72 0 0.0 5th-Ventricle 0.0000 0.0000 0.0000 0.0000 0.0000
34 77 796 739.0 WM-hypointensities 70.2638 9.8638 40.0000 103.0000 63.0000
35 78 0 0.0 Left-WM-hypointensities 0.0000 0.0000 0.0000 0.0000 0.0000
36 79 0 0.0 Right-WM-hypointensities 0.0000 0.0000 0.0000 0.0000 0.0000
37 80 0 0.0 non-WM-hypointensities 0.0000 0.0000 0.0000 0.0000 0.0000
38 81 0 0.0 Left-non-WM-hypointensities 0.0000 0.0000 0.0000 0.0000 0.0000
39 82 0 0.0 Right-non-WM-hypointensities 0.0000 0.0000 0.0000 0.0000 0.0000
40 85 180 179.7 Optic-Chiasm 76.9833 16.1955 36.0000 105.0000 69.0000
41 251 1187 1088.1 CC_Posterior 96.1441 15.2455 29.0000 111.0000 82.0000
42 252 698 608.0 CC_Mid_Posterior 89.6490 18.2974 21.0000 112.0000 91.0000
43 253 465 411.5 CC_Central 91.4925 17.3143 44.0000 111.0000 67.0000
44 254 571 525.4 CC_Mid_Anterior 94.2312 15.4317 40.0000 111.0000 71.0000
45 255 1058 977.7 CC_Anterior 96.1843 14.0103 40.0000 114.0000 74.0000
