Index SegId NVoxels Volume_mm3 StructName normMean normStdDev normMin normMax normRange
1 4 8633 8853.8 Left-Lateral-Ventricle 33.2026 11.6443 16.0000 85.0000 69.0000
2 5 362 467.5 Left-Inf-Lat-Vent 49.4337 10.6671 19.0000 79.0000 60.0000
3 7 16322 16992.6 Left-Cerebellum-White-Matter 84.1604 6.1340 35.0000 99.0000 64.0000
4 8 54222 53859.0 Left-Cerebellum-Cortex 62.7835 10.3880 14.0000 92.0000 78.0000
5 10 7512 7148.6 Left-Thalamus 87.7881 8.4860 41.0000 109.0000 68.0000
6 11 2853 2804.6 Left-Caudate 79.2376 7.3281 50.0000 103.0000 53.0000
7 12 4103 4083.7 Left-Putamen 88.0056 6.0714 47.0000 105.0000 58.0000
8 13 1791 1793.3 Left-Pallidum 100.2200 4.1232 78.0000 112.0000 34.0000
9 14 930 944.4 3rd-Ventricle 48.8495 13.6949 24.0000 92.0000 68.0000
10 15 1328 1459.3 4th-Ventricle 38.4051 10.2964 17.0000 73.0000 56.0000
11 16 20072 19973.5 Brain-Stem 82.1516 9.3020 24.0000 108.0000 84.0000
12 17 4098 3952.2 Left-Hippocampus 70.5620 7.4659 30.0000 103.0000 73.0000
13 18 1476 1502.1 Left-Amygdala 71.9675 6.8015 46.0000 100.0000 54.0000
14 24 1308 1308.8 CSF 55.7431 11.5498 27.0000 90.0000 63.0000
15 26 449 479.5 Left-Accumbens-area 75.9109 3.4771 57.0000 89.0000 32.0000
16 28 3951 3759.9 Left-VentralDC 91.0901 10.3642 35.0000 112.0000 77.0000
17 30 23 42.0 Left-vessel 54.0000 9.5155 41.0000 71.0000 30.0000
18 31 506 475.7 Left-choroid-plexus 53.2747 11.1938 22.0000 80.0000 58.0000
19 43 7958 8120.5 Right-Lateral-Ventricle 33.9257 12.0385 15.0000 87.0000 72.0000
20 44 120 172.9 Right-Inf-Lat-Vent 53.0917 9.3242 25.0000 73.0000 48.0000
21 46 14960 15700.3 Right-Cerebellum-White-Matter 84.2682 5.5127 36.0000 99.0000 63.0000
22 47 58083 57756.4 Right-Cerebellum-Cortex 64.0918 10.4290 14.0000 95.0000 81.0000
23 49 7104 6736.7 Right-Thalamus 87.5365 8.6881 39.0000 106.0000 67.0000
24 50 3073 3010.8 Right-Caudate 78.0358 7.7343 48.0000 102.0000 54.0000
25 51 4253 4240.0 Right-Putamen 87.7896 6.4098 41.0000 105.0000 64.0000
26 52 1797 1782.4 Right-Pallidum 100.2905 4.7086 43.0000 112.0000 69.0000
27 53 4099 4056.8 Right-Hippocampus 71.7375 7.0180 28.0000 97.0000 69.0000
28 54 1627 1656.8 Right-Amygdala 71.4880 6.1912 37.0000 90.0000 53.0000
29 58 531 515.6 Right-Accumbens-area 75.6252 4.0993 61.0000 92.0000 31.0000
30 60 3888 3696.3 Right-VentralDC 90.9583 10.5341 32.0000 111.0000 79.0000
31 62 242 259.9 Right-vessel 41.9339 13.8679 20.0000 74.0000 54.0000
32 63 468 416.3 Right-choroid-plexus 53.9316 11.0007 24.0000 77.0000 53.0000
33 72 0 0.0 5th-Ventricle 0.0000 0.0000 0.0000 0.0000 0.0000
34 77 716 638.0 WM-hypointensities 70.6466 9.7570 46.0000 102.0000 56.0000
35 78 0 0.0 Left-WM-hypointensities 0.0000 0.0000 0.0000 0.0000 0.0000
36 79 0 0.0 Right-WM-hypointensities 0.0000 0.0000 0.0000 0.0000 0.0000
37 80 0 0.0 non-WM-hypointensities 0.0000 0.0000 0.0000 0.0000 0.0000
38 81 0 0.0 Left-non-WM-hypointensities 0.0000 0.0000 0.0000 0.0000 0.0000
39 82 0 0.0 Right-non-WM-hypointensities 0.0000 0.0000 0.0000 0.0000 0.0000
40 85 196 190.1 Optic-Chiasm 73.5663 15.5880 32.0000 102.0000 70.0000
41 251 1191 1093.7 CC_Posterior 96.0084 15.0485 34.0000 111.0000 77.0000
42 252 681 591.2 CC_Mid_Posterior 89.1880 17.1928 37.0000 113.0000 76.0000
43 253 517 448.7 CC_Central 88.8878 17.5513 41.0000 110.0000 69.0000
44 254 568 518.3 CC_Mid_Anterior 93.6937 15.9342 45.0000 112.0000 67.0000
45 255 1041 962.7 CC_Anterior 97.2872 14.1458 46.0000 115.0000 69.0000
