Index SegId NVoxels Volume_mm3 StructName normMean normStdDev normMin normMax normRange
1 4 8287 8544.5 Left-Lateral-Ventricle 17.7533 12.5523 0.0000 86.0000 86.0000
2 5 380 442.2 Left-Inf-Lat-Vent 35.6079 14.7253 1.0000 68.0000 67.0000
3 7 14511 15115.7 Left-Cerebellum-White-Matter 84.6824 8.2269 31.0000 118.0000 87.0000
4 8 54523 54566.6 Left-Cerebellum-Cortex 56.6755 13.3514 1.0000 102.0000 101.0000
5 10 7497 7225.6 Left-Thalamus 79.5934 9.4945 25.0000 107.0000 82.0000
6 11 3428 3311.8 Left-Caudate 69.4840 8.9073 32.0000 98.0000 66.0000
7 12 4668 4511.3 Left-Putamen 74.3545 7.9906 22.0000 99.0000 77.0000
8 13 1650 1577.9 Left-Pallidum 89.3739 6.4954 22.0000 107.0000 85.0000
9 14 631 640.0 3rd-Ventricle 26.5610 16.2211 1.0000 66.0000 65.0000
10 15 1375 1404.1 4th-Ventricle 24.5695 13.1283 2.0000 72.0000 70.0000
11 16 19185 19260.2 Brain-Stem 78.5910 10.2975 8.0000 122.0000 114.0000
12 17 3957 3815.1 Left-Hippocampus 59.9340 9.3287 22.0000 93.0000 71.0000
13 18 1362 1346.7 Left-Amygdala 59.9435 8.0814 24.0000 82.0000 58.0000
14 24 844 858.9 CSF 38.2358 15.1020 1.0000 86.0000 85.0000
15 26 450 443.3 Left-Accumbens-area 67.0022 5.3039 42.0000 82.0000 40.0000
16 28 3743 3640.2 Left-VentralDC 88.6730 11.5008 13.0000 120.0000 107.0000
17 30 25 40.2 Left-vessel 38.9200 13.1559 17.0000 64.0000 47.0000
18 31 658 573.4 Left-choroid-plexus 46.9119 12.0327 14.0000 83.0000 69.0000
19 43 7761 7870.6 Right-Lateral-Ventricle 19.1743 13.6297 0.0000 94.0000 94.0000
20 44 174 199.4 Right-Inf-Lat-Vent 37.2471 13.8327 7.0000 72.0000 65.0000
21 46 14047 14397.6 Right-Cerebellum-White-Matter 83.0050 8.0492 20.0000 110.0000 90.0000
22 47 53974 54198.8 Right-Cerebellum-Cortex 58.0590 12.2889 2.0000 105.0000 103.0000
23 49 6927 6657.7 Right-Thalamus 79.3570 9.7884 26.0000 103.0000 77.0000
24 50 3532 3467.6 Right-Caudate 67.1328 8.8917 27.0000 99.0000 72.0000
25 51 4418 4309.8 Right-Putamen 76.8486 8.1686 9.0000 98.0000 89.0000
26 52 1810 1784.9 Right-Pallidum 95.3039 7.0234 23.0000 115.0000 92.0000
27 53 3787 3695.5 Right-Hippocampus 62.7230 8.9973 19.0000 95.0000 76.0000
28 54 1656 1689.7 Right-Amygdala 65.4336 8.2032 23.0000 94.0000 71.0000
29 58 510 481.4 Right-Accumbens-area 67.1118 6.0866 42.0000 84.0000 42.0000
30 60 3554 3434.5 Right-VentralDC 87.8573 12.0547 20.0000 122.0000 102.0000
31 62 266 261.0 Right-vessel 29.9323 17.3999 3.0000 69.0000 66.0000
32 63 666 614.1 Right-choroid-plexus 49.3168 11.1505 16.0000 79.0000 63.0000
33 72 0 0.0 5th-Ventricle 0.0000 0.0000 0.0000 0.0000 0.0000
34 77 1158 1249.7 WM-hypointensities 71.6744 10.6907 39.0000 111.0000 72.0000
35 78 0 0.0 Left-WM-hypointensities 0.0000 0.0000 0.0000 0.0000 0.0000
36 79 0 0.0 Right-WM-hypointensities 0.0000 0.0000 0.0000 0.0000 0.0000
37 80 0 0.0 non-WM-hypointensities 0.0000 0.0000 0.0000 0.0000 0.0000
38 81 0 0.0 Left-non-WM-hypointensities 0.0000 0.0000 0.0000 0.0000 0.0000
39 82 0 0.0 Right-non-WM-hypointensities 0.0000 0.0000 0.0000 0.0000 0.0000
40 85 177 180.7 Optic-Chiasm 81.0283 19.5601 38.0000 118.0000 80.0000
41 251 1201 1189.0 CC_Posterior 110.5096 22.9570 22.0000 141.0000 119.0000
42 252 753 670.3 CC_Mid_Posterior 102.8792 23.7404 9.0000 145.0000 136.0000
43 253 647 585.6 CC_Central 97.8810 28.7595 21.0000 145.0000 124.0000
44 254 791 716.2 CC_Mid_Anterior 109.7042 26.1944 37.0000 153.0000 116.0000
45 255 1066 987.1 CC_Anterior 115.6332 31.0591 16.0000 166.0000 150.0000
