Index SegId NVoxels Volume_mm3 StructName normMean normStdDev normMin normMax normRange
1 4 8555 8786.5 Left-Lateral-Ventricle 34.4159 11.6952 16.0000 89.0000 73.0000
2 5 170 241.0 Left-Inf-Lat-Vent 49.2824 10.0527 24.0000 75.0000 51.0000
3 7 15688 16334.0 Left-Cerebellum-White-Matter 85.2075 6.2108 32.0000 106.0000 74.0000
4 8 54833 54572.8 Left-Cerebellum-Cortex 64.2286 10.5647 16.0000 97.0000 81.0000
5 10 7461 7116.0 Left-Thalamus 89.6517 8.6753 37.0000 111.0000 74.0000
6 11 2910 2826.2 Left-Caudate 80.7148 7.4528 50.0000 100.0000 50.0000
7 12 4144 4128.7 Left-Putamen 90.2669 6.0242 53.0000 107.0000 54.0000
8 13 1846 1864.0 Left-Pallidum 102.3424 4.8175 72.0000 119.0000 47.0000
9 14 866 911.4 3rd-Ventricle 49.4319 13.3942 22.0000 95.0000 73.0000
10 15 1188 1347.0 4th-Ventricle 37.2146 10.2082 19.0000 70.0000 51.0000
11 16 20079 19862.0 Brain-Stem 83.1596 9.8271 23.0000 113.0000 90.0000
12 17 3992 3868.2 Left-Hippocampus 70.8510 7.7203 24.0000 97.0000 73.0000
13 18 1556 1613.5 Left-Amygdala 75.3290 7.0041 49.0000 92.0000 43.0000
14 24 1214 1238.1 CSF 56.0988 12.3261 25.0000 105.0000 80.0000
15 26 448 460.0 Left-Accumbens-area 76.7054 4.2828 56.0000 89.0000 33.0000
16 28 4008 3835.4 Left-VentralDC 92.6148 10.9217 37.0000 113.0000 76.0000
17 30 26 45.5 Left-vessel 57.3846 9.9361 40.0000 77.0000 37.0000
18 31 474 455.0 Left-choroid-plexus 54.5928 11.8030 22.0000 79.0000 57.0000
19 43 7563 7777.9 Right-Lateral-Ventricle 34.2182 11.7500 16.0000 94.0000 78.0000
20 44 99 148.6 Right-Inf-Lat-Vent 55.9798 9.8613 31.0000 80.0000 49.0000
21 46 15901 16432.7 Right-Cerebellum-White-Matter 84.2873 6.1234 31.0000 103.0000 72.0000
22 47 57164 57012.3 Right-Cerebellum-Cortex 64.3623 10.3977 12.0000 95.0000 83.0000
23 49 7100 6773.1 Right-Thalamus 88.8214 8.1447 34.0000 107.0000 73.0000
24 50 3049 2987.2 Right-Caudate 78.0036 7.6930 41.0000 99.0000 58.0000
25 51 4309 4287.1 Right-Putamen 87.6547 5.9006 50.0000 107.0000 57.0000
26 52 1893 1867.6 Right-Pallidum 100.0111 5.4935 40.0000 112.0000 72.0000
27 53 4055 3998.3 Right-Hippocampus 72.9783 7.0182 34.0000 96.0000 62.0000
28 54 1630 1674.6 Right-Amygdala 69.7135 7.3809 27.0000 90.0000 63.0000
29 58 595 598.3 Right-Accumbens-area 75.4235 4.3672 59.0000 90.0000 31.0000
30 60 3891 3725.3 Right-VentralDC 91.8959 11.1246 32.0000 113.0000 81.0000
31 62 237 254.1 Right-vessel 44.0717 13.7363 24.0000 75.0000 51.0000
32 63 494 453.5 Right-choroid-plexus 53.8563 10.7094 27.0000 80.0000 53.0000
33 72 0 0.0 5th-Ventricle 0.0000 0.0000 0.0000 0.0000 0.0000
34 77 781 718.5 WM-hypointensities 70.1434 10.0336 46.0000 107.0000 61.0000
35 78 0 0.0 Left-WM-hypointensities 0.0000 0.0000 0.0000 0.0000 0.0000
36 79 0 0.0 Right-WM-hypointensities 0.0000 0.0000 0.0000 0.0000 0.0000
37 80 0 0.0 non-WM-hypointensities 0.0000 0.0000 0.0000 0.0000 0.0000
38 81 0 0.0 Left-non-WM-hypointensities 0.0000 0.0000 0.0000 0.0000 0.0000
39 82 0 0.0 Right-non-WM-hypointensities 0.0000 0.0000 0.0000 0.0000 0.0000
40 85 183 179.8 Optic-Chiasm 73.5355 15.5188 27.0000 100.0000 73.0000
41 251 1201 1097.4 CC_Posterior 96.2989 16.3336 32.0000 116.0000 84.0000
42 252 662 582.3 CC_Mid_Posterior 92.0650 16.1110 37.0000 114.0000 77.0000
43 253 503 439.4 CC_Central 91.0398 16.7421 43.0000 113.0000 70.0000
44 254 558 511.9 CC_Mid_Anterior 94.1147 15.9866 40.0000 111.0000 71.0000
45 255 1112 1014.7 CC_Anterior 97.4874 14.6687 38.0000 119.0000 81.0000
