Index SegId NVoxels Volume_mm3 StructName normMean normStdDev normMin normMax normRange
1 4 8633 8818.6 Left-Lateral-Ventricle 34.1016 11.6355 17.0000 95.0000 78.0000
2 5 227 294.2 Left-Inf-Lat-Vent 50.8811 10.4063 27.0000 74.0000 47.0000
3 7 16263 16902.7 Left-Cerebellum-White-Matter 84.4483 6.4343 28.0000 102.0000 74.0000
4 8 55335 55153.7 Left-Cerebellum-Cortex 62.6174 10.5492 12.0000 94.0000 82.0000
5 10 7343 7014.0 Left-Thalamus 88.2838 8.5583 40.0000 108.0000 68.0000
6 11 2880 2840.0 Left-Caudate 79.4056 7.4091 50.0000 104.0000 54.0000
7 12 4242 4167.8 Left-Putamen 88.6681 6.2565 47.0000 107.0000 60.0000
8 13 1895 1914.8 Left-Pallidum 101.0675 4.7155 74.0000 119.0000 45.0000
9 14 905 927.9 3rd-Ventricle 49.3624 13.9988 19.0000 101.0000 82.0000
10 15 1172 1307.2 4th-Ventricle 37.0751 10.4722 20.0000 70.0000 50.0000
11 16 19860 19715.3 Brain-Stem 82.5005 9.2783 24.0000 109.0000 85.0000
12 17 4116 3988.3 Left-Hippocampus 70.9099 7.3907 33.0000 96.0000 63.0000
13 18 1434 1489.9 Left-Amygdala 74.1067 6.5759 41.0000 94.0000 53.0000
14 24 1279 1258.2 CSF 57.3198 12.8206 26.0000 104.0000 78.0000
15 26 475 505.5 Left-Accumbens-area 75.8568 3.7536 50.0000 88.0000 38.0000
16 28 3927 3788.1 Left-VentralDC 92.4143 10.3261 46.0000 113.0000 67.0000
17 30 32 48.1 Left-vessel 60.4688 9.1792 43.0000 76.0000 33.0000
18 31 465 445.4 Left-choroid-plexus 53.3312 12.0714 24.0000 78.0000 54.0000
19 43 7831 7968.8 Right-Lateral-Ventricle 34.6828 12.2039 17.0000 87.0000 70.0000
20 44 122 183.9 Right-Inf-Lat-Vent 49.8934 12.1871 19.0000 75.0000 56.0000
21 46 14984 15680.3 Right-Cerebellum-White-Matter 84.1548 5.9229 28.0000 102.0000 74.0000
22 47 58399 58171.2 Right-Cerebellum-Cortex 63.6172 10.1942 17.0000 96.0000 79.0000
23 49 7127 6821.5 Right-Thalamus 88.1364 8.4328 38.0000 107.0000 69.0000
24 50 3161 3117.0 Right-Caudate 77.3372 7.3592 45.0000 102.0000 57.0000
25 51 4430 4378.6 Right-Putamen 85.8838 6.5512 40.0000 104.0000 64.0000
26 52 1873 1880.5 Right-Pallidum 99.3518 5.6784 42.0000 113.0000 71.0000
27 53 4120 4061.0 Right-Hippocampus 71.7745 6.8095 30.0000 99.0000 69.0000
28 54 1671 1699.8 Right-Amygdala 70.4153 6.3334 26.0000 89.0000 63.0000
29 58 582 572.5 Right-Accumbens-area 75.4021 4.2365 55.0000 93.0000 38.0000
30 60 4024 3848.5 Right-VentralDC 91.1108 10.8029 32.0000 112.0000 80.0000
31 62 251 265.5 Right-vessel 43.3865 13.2980 25.0000 70.0000 45.0000
32 63 439 407.1 Right-choroid-plexus 55.1526 11.7387 24.0000 81.0000 57.0000
33 72 0 0.0 5th-Ventricle 0.0000 0.0000 0.0000 0.0000 0.0000
34 77 659 642.7 WM-hypointensities 71.9818 9.0974 47.0000 103.0000 56.0000
35 78 0 0.0 Left-WM-hypointensities 0.0000 0.0000 0.0000 0.0000 0.0000
36 79 0 0.0 Right-WM-hypointensities 0.0000 0.0000 0.0000 0.0000 0.0000
37 80 0 0.0 non-WM-hypointensities 0.0000 0.0000 0.0000 0.0000 0.0000
38 81 0 0.0 Left-non-WM-hypointensities 0.0000 0.0000 0.0000 0.0000 0.0000
39 82 0 0.0 Right-non-WM-hypointensities 0.0000 0.0000 0.0000 0.0000 0.0000
40 85 185 185.2 Optic-Chiasm 73.8973 13.9403 41.0000 97.0000 56.0000
41 251 1206 1110.7 CC_Posterior 95.5862 16.0591 31.0000 114.0000 83.0000
42 252 636 555.1 CC_Mid_Posterior 89.9780 15.9608 31.0000 111.0000 80.0000
43 253 537 464.5 CC_Central 89.0279 18.0811 39.0000 111.0000 72.0000
44 254 563 492.3 CC_Mid_Anterior 92.9307 16.0665 47.0000 111.0000 64.0000
45 255 1070 1005.5 CC_Anterior 98.0206 13.2668 47.0000 117.0000 70.0000
