Index SegId NVoxels Volume_mm3 StructName normMean normStdDev normMin normMax normRange
1 4 8317 8543.0 Left-Lateral-Ventricle 32.8071 11.6451 13.0000 93.0000 80.0000
2 5 371 431.7 Left-Inf-Lat-Vent 48.0674 13.9777 15.0000 82.0000 67.0000
3 7 15799 16474.5 Left-Cerebellum-White-Matter 83.8999 6.6287 32.0000 104.0000 72.0000
4 8 53199 52879.0 Left-Cerebellum-Cortex 62.5949 10.7339 9.0000 95.0000 86.0000
5 10 7409 7106.4 Left-Thalamus 87.0471 8.8631 38.0000 106.0000 68.0000
6 11 2917 2872.9 Left-Caudate 78.6490 7.5167 47.0000 101.0000 54.0000
7 12 4438 4340.9 Left-Putamen 86.6861 6.1543 43.0000 110.0000 67.0000
8 13 1796 1781.3 Left-Pallidum 99.1052 4.5567 73.0000 115.0000 42.0000
9 14 731 769.8 3rd-Ventricle 44.9316 13.2641 16.0000 78.0000 62.0000
10 15 1313 1411.6 4th-Ventricle 35.0198 11.3571 10.0000 75.0000 65.0000
11 16 19929 19802.6 Brain-Stem 82.1845 9.3903 17.0000 114.0000 97.0000
12 17 4086 3944.3 Left-Hippocampus 70.7501 7.7689 26.0000 98.0000 72.0000
13 18 1725 1746.1 Left-Amygdala 72.1588 6.6916 41.0000 92.0000 51.0000
14 24 1048 1087.8 CSF 53.2815 13.0410 23.0000 99.0000 76.0000
15 26 489 505.4 Left-Accumbens-area 75.9121 4.5793 58.0000 95.0000 37.0000
16 28 3881 3743.9 Left-VentralDC 91.3811 10.4380 35.0000 125.0000 90.0000
17 30 36 50.2 Left-vessel 55.4722 11.7022 29.0000 76.0000 47.0000
18 31 490 450.5 Left-choroid-plexus 52.9898 11.5620 23.0000 79.0000 56.0000
19 43 7773 7914.3 Right-Lateral-Ventricle 33.3076 11.7488 14.0000 92.0000 78.0000
20 44 106 146.8 Right-Inf-Lat-Vent 46.1604 12.7288 15.0000 72.0000 57.0000
21 46 15118 15551.9 Right-Cerebellum-White-Matter 83.1283 6.2914 35.0000 102.0000 67.0000
22 47 54698 54365.7 Right-Cerebellum-Cortex 62.0395 11.0069 10.0000 97.0000 87.0000
23 49 7159 6850.2 Right-Thalamus 86.8934 8.5768 28.0000 107.0000 79.0000
24 50 3118 3058.3 Right-Caudate 77.7877 7.4508 45.0000 105.0000 60.0000
25 51 4628 4545.2 Right-Putamen 84.2813 5.8726 48.0000 107.0000 59.0000
26 52 1893 1872.7 Right-Pallidum 97.5600 5.7188 30.0000 115.0000 85.0000
27 53 3963 3926.1 Right-Hippocampus 70.1693 7.3451 27.0000 99.0000 72.0000
28 54 1890 1846.5 Right-Amygdala 69.9265 6.9142 27.0000 102.0000 75.0000
29 58 593 587.7 Right-Accumbens-area 76.9545 4.5135 56.0000 91.0000 35.0000
30 60 3742 3570.4 Right-VentralDC 90.8191 9.9175 35.0000 111.0000 76.0000
31 62 264 268.1 Right-vessel 42.5455 13.9725 20.0000 77.0000 57.0000
32 63 481 444.3 Right-choroid-plexus 54.1518 10.2833 22.0000 78.0000 56.0000
33 72 2 2.9 5th-Ventricle 59.0000 1.4142 58.0000 60.0000 2.0000
34 77 682 662.6 WM-hypointensities 71.1364 9.4373 45.0000 102.0000 57.0000
35 78 0 0.0 Left-WM-hypointensities 0.0000 0.0000 0.0000 0.0000 0.0000
36 79 0 0.0 Right-WM-hypointensities 0.0000 0.0000 0.0000 0.0000 0.0000
37 80 0 0.0 non-WM-hypointensities 0.0000 0.0000 0.0000 0.0000 0.0000
38 81 0 0.0 Left-non-WM-hypointensities 0.0000 0.0000 0.0000 0.0000 0.0000
39 82 0 0.0 Right-non-WM-hypointensities 0.0000 0.0000 0.0000 0.0000 0.0000
40 85 195 186.6 Optic-Chiasm 75.3949 16.3950 28.0000 106.0000 78.0000
41 251 1174 1100.9 CC_Posterior 96.6440 14.2413 21.0000 114.0000 93.0000
42 252 593 526.0 CC_Mid_Posterior 92.8668 15.8497 25.0000 116.0000 91.0000
43 253 469 414.2 CC_Central 93.3774 17.1504 38.0000 114.0000 76.0000
44 254 552 496.7 CC_Mid_Anterior 94.9728 15.8171 43.0000 113.0000 70.0000
45 255 1024 944.4 CC_Anterior 95.5977 14.6590 26.0000 114.0000 88.0000
