Index SegId NVoxels Volume_mm3 StructName normMean normStdDev normMin normMax normRange
1 4 8589 8784.8 Left-Lateral-Ventricle 30.8227 11.8065 12.0000 86.0000 74.0000
2 5 292 366.3 Left-Inf-Lat-Vent 45.6507 12.1444 13.0000 75.0000 62.0000
3 7 15448 16123.9 Left-Cerebellum-White-Matter 85.7626 6.4633 36.0000 105.0000 69.0000
4 8 53733 53365.9 Left-Cerebellum-Cortex 63.4031 10.5401 13.0000 98.0000 85.0000
5 10 7146 6851.9 Left-Thalamus 87.2418 8.8529 39.0000 109.0000 70.0000
6 11 2813 2845.0 Left-Caudate 77.0565 7.1496 50.0000 99.0000 49.0000
7 12 4280 4202.8 Left-Putamen 86.8383 6.3206 38.0000 107.0000 69.0000
8 13 1822 1852.5 Left-Pallidum 100.1751 4.5113 69.0000 116.0000 47.0000
9 14 866 893.6 3rd-Ventricle 45.0000 13.9133 17.0000 86.0000 69.0000
10 15 1343 1459.4 4th-Ventricle 36.8325 10.8260 15.0000 84.0000 69.0000
11 16 19833 19818.3 Brain-Stem 81.6515 9.7091 23.0000 117.0000 94.0000
12 17 3997 3870.6 Left-Hippocampus 69.5989 7.7159 22.0000 92.0000 70.0000
13 18 1460 1458.6 Left-Amygdala 71.3493 6.4292 40.0000 90.0000 50.0000
14 24 1094 1100.9 CSF 53.0393 12.7312 20.0000 90.0000 70.0000
15 26 399 413.9 Left-Accumbens-area 74.5589 3.8130 56.0000 86.0000 30.0000
16 28 3879 3753.3 Left-VentralDC 92.7695 10.0901 50.0000 117.0000 67.0000
17 30 21 39.8 Left-vessel 52.5238 10.0131 36.0000 74.0000 38.0000
18 31 542 503.8 Left-choroid-plexus 52.5092 11.2719 25.0000 84.0000 59.0000
19 43 7990 8138.3 Right-Lateral-Ventricle 31.8708 12.3665 11.0000 81.0000 70.0000
20 44 115 161.0 Right-Inf-Lat-Vent 52.8087 10.7597 22.0000 79.0000 57.0000
21 46 14010 14679.4 Right-Cerebellum-White-Matter 84.8178 5.8101 39.0000 104.0000 65.0000
22 47 59130 58948.9 Right-Cerebellum-Cortex 64.9065 10.5324 16.0000 95.0000 79.0000
23 49 6903 6582.3 Right-Thalamus 86.0685 9.0510 29.0000 106.0000 77.0000
24 50 3129 3066.4 Right-Caudate 76.5980 7.7604 44.0000 99.0000 55.0000
25 51 4365 4302.1 Right-Putamen 84.4412 6.4359 48.0000 103.0000 55.0000
26 52 1929 1911.9 Right-Pallidum 98.2691 5.6636 39.0000 111.0000 72.0000
27 53 3921 3886.3 Right-Hippocampus 70.4127 7.2854 26.0000 97.0000 71.0000
28 54 1719 1762.9 Right-Amygdala 69.6975 5.8920 35.0000 88.0000 53.0000
29 58 606 607.9 Right-Accumbens-area 73.3729 4.4290 56.0000 87.0000 31.0000
30 60 3878 3705.4 Right-VentralDC 90.9951 10.4603 34.0000 112.0000 78.0000
31 62 268 276.7 Right-vessel 42.0597 14.7553 19.0000 75.0000 56.0000
32 63 496 445.6 Right-choroid-plexus 52.5706 10.6997 27.0000 76.0000 49.0000
33 72 0 0.0 5th-Ventricle 0.0000 0.0000 0.0000 0.0000 0.0000
34 77 650 624.6 WM-hypointensities 69.8769 9.4857 38.0000 103.0000 65.0000
35 78 0 0.0 Left-WM-hypointensities 0.0000 0.0000 0.0000 0.0000 0.0000
36 79 0 0.0 Right-WM-hypointensities 0.0000 0.0000 0.0000 0.0000 0.0000
37 80 0 0.0 non-WM-hypointensities 0.0000 0.0000 0.0000 0.0000 0.0000
38 81 0 0.0 Left-non-WM-hypointensities 0.0000 0.0000 0.0000 0.0000 0.0000
39 82 0 0.0 Right-non-WM-hypointensities 0.0000 0.0000 0.0000 0.0000 0.0000
40 85 188 188.1 Optic-Chiasm 75.3457 15.8483 28.0000 103.0000 75.0000
41 251 1221 1118.5 CC_Posterior 96.4054 17.1084 27.0000 114.0000 87.0000
42 252 664 572.5 CC_Mid_Posterior 89.9367 17.9289 32.0000 112.0000 80.0000
43 253 491 428.8 CC_Central 90.7332 17.3178 43.0000 114.0000 71.0000
44 254 555 511.6 CC_Mid_Anterior 93.8811 16.1391 43.0000 111.0000 68.0000
45 255 1044 965.1 CC_Anterior 97.1303 14.6362 38.0000 116.0000 78.0000
