Index SegId NVoxels Volume_mm3 StructName normMean normStdDev normMin normMax normRange
1 4 8470 8699.6 Left-Lateral-Ventricle 33.9087 11.3551 19.0000 84.0000 65.0000
2 5 274 344.4 Left-Inf-Lat-Vent 50.6825 11.8775 24.0000 79.0000 55.0000
3 7 16708 17226.9 Left-Cerebellum-White-Matter 84.7371 6.5291 33.0000 106.0000 73.0000
4 8 54888 54728.4 Left-Cerebellum-Cortex 62.8941 10.4460 13.0000 95.0000 82.0000
5 10 7294 6938.6 Left-Thalamus 89.2974 8.3794 33.0000 112.0000 79.0000
6 11 2834 2839.7 Left-Caudate 78.5709 7.2665 51.0000 102.0000 51.0000
7 12 4197 4164.3 Left-Putamen 88.9583 6.2575 58.0000 109.0000 51.0000
8 13 1846 1856.3 Left-Pallidum 101.5076 4.4693 72.0000 116.0000 44.0000
9 14 913 951.0 3rd-Ventricle 49.6243 13.2661 23.0000 97.0000 74.0000
10 15 1239 1377.4 4th-Ventricle 39.5456 10.5487 19.0000 76.0000 57.0000
11 16 20078 19913.3 Brain-Stem 83.4665 9.4940 27.0000 113.0000 86.0000
12 17 4213 4100.8 Left-Hippocampus 71.8329 7.3849 35.0000 94.0000 59.0000
13 18 1665 1693.2 Left-Amygdala 73.3219 6.2631 49.0000 89.0000 40.0000
14 24 1240 1240.0 CSF 57.2129 12.5186 24.0000 102.0000 78.0000
15 26 450 459.4 Left-Accumbens-area 75.0467 4.1962 49.0000 91.0000 42.0000
16 28 4001 3848.2 Left-VentralDC 92.4449 11.0326 35.0000 110.0000 75.0000
17 30 24 46.6 Left-vessel 57.0833 10.2530 41.0000 73.0000 32.0000
18 31 507 501.0 Left-choroid-plexus 53.5523 11.9966 25.0000 82.0000 57.0000
19 43 7835 8053.3 Right-Lateral-Ventricle 34.4479 11.6412 12.0000 90.0000 78.0000
20 44 103 154.5 Right-Inf-Lat-Vent 54.1748 9.6319 30.0000 77.0000 47.0000
21 46 15672 16339.1 Right-Cerebellum-White-Matter 84.7642 5.9616 29.0000 101.0000 72.0000
22 47 59095 58914.6 Right-Cerebellum-Cortex 64.2223 10.2956 19.0000 96.0000 77.0000
23 49 7123 6764.9 Right-Thalamus 88.1880 8.7253 34.0000 107.0000 73.0000
24 50 3140 3045.7 Right-Caudate 77.6806 7.7530 42.0000 104.0000 62.0000
25 51 4293 4261.5 Right-Putamen 86.5493 5.8293 56.0000 104.0000 48.0000
26 52 1957 1932.5 Right-Pallidum 99.4630 5.2524 43.0000 109.0000 66.0000
27 53 4101 4038.7 Right-Hippocampus 72.0719 7.0593 19.0000 98.0000 79.0000
28 54 1778 1819.5 Right-Amygdala 72.7267 5.7930 46.0000 95.0000 49.0000
29 58 622 617.9 Right-Accumbens-area 75.1640 4.1593 60.0000 90.0000 30.0000
30 60 3987 3797.7 Right-VentralDC 91.7670 10.8568 36.0000 115.0000 79.0000
31 62 234 248.7 Right-vessel 45.1581 13.5829 26.0000 71.0000 45.0000
32 63 523 486.0 Right-choroid-plexus 53.5832 11.1784 26.0000 78.0000 52.0000
33 72 0 0.0 5th-Ventricle 0.0000 0.0000 0.0000 0.0000 0.0000
34 77 662 611.0 WM-hypointensities 71.7402 9.6325 44.0000 105.0000 61.0000
35 78 0 0.0 Left-WM-hypointensities 0.0000 0.0000 0.0000 0.0000 0.0000
36 79 0 0.0 Right-WM-hypointensities 0.0000 0.0000 0.0000 0.0000 0.0000
37 80 0 0.0 non-WM-hypointensities 0.0000 0.0000 0.0000 0.0000 0.0000
38 81 0 0.0 Left-non-WM-hypointensities 0.0000 0.0000 0.0000 0.0000 0.0000
39 82 0 0.0 Right-non-WM-hypointensities 0.0000 0.0000 0.0000 0.0000 0.0000
40 85 178 178.8 Optic-Chiasm 73.9719 15.4673 36.0000 104.0000 68.0000
41 251 1192 1100.1 CC_Posterior 96.3557 15.5482 27.0000 113.0000 86.0000
42 252 610 541.2 CC_Mid_Posterior 92.3984 17.0239 32.0000 114.0000 82.0000
43 253 498 429.2 CC_Central 90.7470 17.0928 39.0000 113.0000 74.0000
44 254 551 498.8 CC_Mid_Anterior 95.3194 15.3980 42.0000 112.0000 70.0000
45 255 1071 981.3 CC_Anterior 97.1923 13.8221 41.0000 113.0000 72.0000
