Index SegId NVoxels Volume_mm3 StructName normMean normStdDev normMin normMax normRange
1 4 8580 8891.8 Left-Lateral-Ventricle 31.1145 11.3393 16.0000 93.0000 77.0000
2 5 363 431.7 Left-Inf-Lat-Vent 49.2727 11.6173 22.0000 86.0000 64.0000
3 7 17677 18298.0 Left-Cerebellum-White-Matter 84.1168 6.5845 33.0000 106.0000 73.0000
4 8 52597 52381.1 Left-Cerebellum-Cortex 62.6021 10.4640 16.0000 98.0000 82.0000
5 10 7325 6967.4 Left-Thalamus 88.2784 8.6565 38.0000 107.0000 69.0000
6 11 2814 2776.3 Left-Caudate 77.2498 7.8378 48.0000 100.0000 52.0000
7 12 4088 4071.5 Left-Putamen 87.4633 6.0084 49.0000 111.0000 62.0000
8 13 1872 1864.1 Left-Pallidum 100.1453 4.4461 69.0000 114.0000 45.0000
9 14 887 934.0 3rd-Ventricle 46.5908 13.5096 19.0000 95.0000 76.0000
10 15 1224 1361.2 4th-Ventricle 36.0580 11.2214 16.0000 71.0000 55.0000
11 16 19587 19485.6 Brain-Stem 82.1463 9.9761 23.0000 111.0000 88.0000
12 17 4050 3916.9 Left-Hippocampus 70.9341 7.5307 25.0000 95.0000 70.0000
13 18 1397 1433.3 Left-Amygdala 70.8948 6.2808 29.0000 89.0000 60.0000
14 24 1268 1272.2 CSF 53.9464 12.4886 23.0000 96.0000 73.0000
15 26 471 488.2 Left-Accumbens-area 74.1168 4.4186 49.0000 87.0000 38.0000
16 28 4125 3956.5 Left-VentralDC 92.2398 10.3566 36.0000 113.0000 77.0000
17 30 23 45.0 Left-vessel 53.6522 8.6372 38.0000 69.0000 31.0000
18 31 549 512.3 Left-choroid-plexus 51.9909 11.8680 25.0000 82.0000 57.0000
19 43 8060 8215.8 Right-Lateral-Ventricle 32.0805 12.3953 15.0000 98.0000 83.0000
20 44 134 188.7 Right-Inf-Lat-Vent 54.2164 10.1161 24.0000 81.0000 57.0000
21 46 15779 16515.8 Right-Cerebellum-White-Matter 84.3710 6.2008 30.0000 106.0000 76.0000
22 47 55250 55000.0 Right-Cerebellum-Cortex 64.2044 10.0907 19.0000 96.0000 77.0000
23 49 7027 6657.1 Right-Thalamus 87.3339 9.0216 32.0000 105.0000 73.0000
24 50 3076 3021.7 Right-Caudate 76.8924 7.7272 43.0000 104.0000 61.0000
25 51 4299 4268.6 Right-Putamen 86.0316 6.3255 51.0000 105.0000 54.0000
26 52 1929 1918.9 Right-Pallidum 99.7859 5.6068 39.0000 111.0000 72.0000
27 53 3896 3893.8 Right-Hippocampus 71.6943 7.4255 18.0000 94.0000 76.0000
28 54 1643 1712.4 Right-Amygdala 71.9093 6.0888 43.0000 90.0000 47.0000
29 58 617 597.6 Right-Accumbens-area 73.6823 4.7314 52.0000 90.0000 38.0000
30 60 4059 3838.1 Right-VentralDC 91.5408 11.1574 37.0000 113.0000 76.0000
31 62 256 265.7 Right-vessel 42.2734 14.4639 19.0000 78.0000 59.0000
32 63 487 430.7 Right-choroid-plexus 53.3717 11.2136 24.0000 78.0000 54.0000
33 72 0 0.0 5th-Ventricle 0.0000 0.0000 0.0000 0.0000 0.0000
34 77 800 724.0 WM-hypointensities 70.6625 10.1708 42.0000 106.0000 64.0000
35 78 0 0.0 Left-WM-hypointensities 0.0000 0.0000 0.0000 0.0000 0.0000
36 79 0 0.0 Right-WM-hypointensities 0.0000 0.0000 0.0000 0.0000 0.0000
37 80 0 0.0 non-WM-hypointensities 0.0000 0.0000 0.0000 0.0000 0.0000
38 81 0 0.0 Left-non-WM-hypointensities 0.0000 0.0000 0.0000 0.0000 0.0000
39 82 0 0.0 Right-non-WM-hypointensities 0.0000 0.0000 0.0000 0.0000 0.0000
40 85 209 208.3 Optic-Chiasm 75.2679 15.9375 26.0000 104.0000 78.0000
41 251 954 872.6 CC_Posterior 96.1771 15.7301 19.0000 114.0000 95.0000
42 252 623 546.8 CC_Mid_Posterior 89.9213 16.4446 31.0000 111.0000 80.0000
43 253 510 434.0 CC_Central 87.7490 18.2548 36.0000 110.0000 74.0000
44 254 571 522.4 CC_Mid_Anterior 93.9334 15.8730 39.0000 111.0000 72.0000
45 255 1023 950.3 CC_Anterior 97.1447 14.7843 43.0000 114.0000 71.0000
