Index SegId NVoxels Volume_mm3 StructName normMean normStdDev normMin normMax normRange
1 4 8182 8413.7 Left-Lateral-Ventricle 34.8272 11.3967 17.0000 85.0000 68.0000
2 5 251 313.2 Left-Inf-Lat-Vent 51.2231 13.1367 24.0000 89.0000 65.0000
3 7 15930 16431.5 Left-Cerebellum-White-Matter 84.5176 5.5291 37.0000 99.0000 62.0000
4 8 53937 53547.9 Left-Cerebellum-Cortex 66.8005 10.1519 16.0000 93.0000 77.0000
5 10 7326 6969.2 Left-Thalamus 90.1481 8.5345 39.0000 107.0000 68.0000
6 11 2782 2790.3 Left-Caudate 80.3451 6.9726 48.0000 99.0000 51.0000
7 12 4087 4102.6 Left-Putamen 89.2505 5.7439 51.0000 105.0000 54.0000
8 13 1831 1834.2 Left-Pallidum 100.7389 3.9649 71.0000 112.0000 41.0000
9 14 797 832.7 3rd-Ventricle 49.3112 13.3496 18.0000 102.0000 84.0000
10 15 1289 1412.7 4th-Ventricle 39.5112 10.4791 19.0000 72.0000 53.0000
11 16 19631 19296.4 Brain-Stem 82.7147 9.3878 22.0000 109.0000 87.0000
12 17 4031 3930.0 Left-Hippocampus 74.0310 7.0541 37.0000 96.0000 59.0000
13 18 1470 1523.5 Left-Amygdala 74.5721 5.7478 42.0000 91.0000 49.0000
14 24 1071 1100.6 CSF 57.3100 12.5881 28.0000 96.0000 68.0000
15 26 402 417.7 Left-Accumbens-area 77.5000 3.9776 54.0000 88.0000 34.0000
16 28 3964 3782.3 Left-VentralDC 92.4854 10.2536 40.0000 119.0000 79.0000
17 30 29 42.6 Left-vessel 56.6552 9.8317 34.0000 76.0000 42.0000
18 31 417 395.3 Left-choroid-plexus 54.9041 11.6417 27.0000 81.0000 54.0000
19 43 7598 7702.2 Right-Lateral-Ventricle 35.0129 11.8064 14.0000 88.0000 74.0000
20 44 127 159.1 Right-Inf-Lat-Vent 52.3622 11.2396 28.0000 79.0000 51.0000
21 46 14367 14947.3 Right-Cerebellum-White-Matter 84.1419 5.3329 30.0000 98.0000 68.0000
22 47 55510 55143.1 Right-Cerebellum-Cortex 65.6221 10.3043 13.0000 98.0000 85.0000
23 49 6824 6513.9 Right-Thalamus 89.5365 8.3885 34.0000 105.0000 71.0000
24 50 3086 3021.5 Right-Caudate 79.2852 7.1287 46.0000 99.0000 53.0000
25 51 4297 4298.5 Right-Putamen 87.2176 5.8921 35.0000 105.0000 70.0000
26 52 1910 1905.7 Right-Pallidum 99.7450 4.6024 41.0000 111.0000 70.0000
27 53 3916 3852.6 Right-Hippocampus 72.6900 7.0640 25.0000 96.0000 71.0000
28 54 1754 1782.8 Right-Amygdala 70.9943 6.5379 22.0000 94.0000 72.0000
29 58 561 578.1 Right-Accumbens-area 77.7861 3.8983 58.0000 91.0000 33.0000
30 60 3977 3763.7 Right-VentralDC 91.1856 10.3252 38.0000 109.0000 71.0000
31 62 238 248.4 Right-vessel 42.9958 13.2016 21.0000 71.0000 50.0000
32 63 420 388.3 Right-choroid-plexus 55.6786 10.1889 23.0000 77.0000 54.0000
33 72 0 0.0 5th-Ventricle 0.0000 0.0000 0.0000 0.0000 0.0000
34 77 637 597.5 WM-hypointensities 72.2119 9.4317 50.0000 103.0000 53.0000
35 78 0 0.0 Left-WM-hypointensities 0.0000 0.0000 0.0000 0.0000 0.0000
36 79 0 0.0 Right-WM-hypointensities 0.0000 0.0000 0.0000 0.0000 0.0000
37 80 0 0.0 non-WM-hypointensities 0.0000 0.0000 0.0000 0.0000 0.0000
38 81 0 0.0 Left-non-WM-hypointensities 0.0000 0.0000 0.0000 0.0000 0.0000
39 82 0 0.0 Right-non-WM-hypointensities 0.0000 0.0000 0.0000 0.0000 0.0000
40 85 180 175.3 Optic-Chiasm 74.4500 15.3267 37.0000 101.0000 64.0000
41 251 1201 1114.9 CC_Posterior 96.2182 16.0473 26.0000 116.0000 90.0000
42 252 662 582.1 CC_Mid_Posterior 91.0876 15.8025 37.0000 110.0000 73.0000
43 253 499 435.1 CC_Central 90.1984 16.6469 33.0000 107.0000 74.0000
44 254 631 576.1 CC_Mid_Anterior 92.7718 15.1116 47.0000 108.0000 61.0000
45 255 957 903.4 CC_Anterior 98.4744 12.0481 47.0000 115.0000 68.0000
