Index SegId NVoxels Volume_mm3 StructName normMean normStdDev normMin normMax normRange
1 4 8616 8869.7 Left-Lateral-Ventricle 32.7205 11.5827 15.0000 87.0000 72.0000
2 5 373 445.9 Left-Inf-Lat-Vent 49.1582 12.0826 18.0000 76.0000 58.0000
3 7 15259 15981.1 Left-Cerebellum-White-Matter 84.8548 6.0173 34.0000 101.0000 67.0000
4 8 55298 55046.2 Left-Cerebellum-Cortex 63.0567 10.6730 12.0000 95.0000 83.0000
5 10 7492 7131.3 Left-Thalamus 88.8466 8.5220 41.0000 107.0000 66.0000
6 11 2879 2825.3 Left-Caudate 78.2980 8.1155 44.0000 103.0000 59.0000
7 12 4247 4171.1 Left-Putamen 88.9249 6.1671 55.0000 107.0000 52.0000
8 13 1811 1825.5 Left-Pallidum 100.1524 4.3376 73.0000 115.0000 42.0000
9 14 874 899.5 3rd-Ventricle 47.9016 13.0162 23.0000 89.0000 66.0000
10 15 1319 1453.5 4th-Ventricle 37.6118 10.9316 16.0000 71.0000 55.0000
11 16 19984 19851.3 Brain-Stem 83.0302 9.6215 27.0000 111.0000 84.0000
12 17 4126 3971.9 Left-Hippocampus 71.3265 7.2698 33.0000 95.0000 62.0000
13 18 1509 1529.6 Left-Amygdala 72.7064 5.9294 49.0000 91.0000 42.0000
14 24 1178 1189.9 CSF 54.6307 12.0598 24.0000 92.0000 68.0000
15 26 462 485.8 Left-Accumbens-area 75.6147 3.3976 56.0000 90.0000 34.0000
16 28 3977 3780.5 Left-VentralDC 91.6374 10.4453 42.0000 111.0000 69.0000
17 30 39 54.4 Left-vessel 58.3333 9.7125 38.0000 75.0000 37.0000
18 31 546 526.4 Left-choroid-plexus 53.4487 12.2016 24.0000 81.0000 57.0000
19 43 7908 8101.1 Right-Lateral-Ventricle 33.0513 12.2399 15.0000 92.0000 77.0000
20 44 114 177.5 Right-Inf-Lat-Vent 51.8246 8.7008 30.0000 72.0000 42.0000
21 46 15247 15872.5 Right-Cerebellum-White-Matter 84.2888 5.8463 34.0000 101.0000 67.0000
22 47 58581 58428.1 Right-Cerebellum-Cortex 63.9016 10.5705 14.0000 97.0000 83.0000
23 49 7288 6905.3 Right-Thalamus 87.7147 8.5615 29.0000 107.0000 78.0000
24 50 3103 3010.1 Right-Caudate 77.3248 7.9221 46.0000 100.0000 54.0000
25 51 4378 4276.2 Right-Putamen 87.0861 6.0833 50.0000 105.0000 55.0000
26 52 1863 1835.6 Right-Pallidum 99.0209 4.9379 43.0000 110.0000 67.0000
27 53 3911 3840.3 Right-Hippocampus 72.1373 7.1300 26.0000 106.0000 80.0000
28 54 1753 1778.4 Right-Amygdala 70.5448 7.3077 23.0000 91.0000 68.0000
29 58 600 577.9 Right-Accumbens-area 74.8267 4.4982 54.0000 93.0000 39.0000
30 60 3783 3579.0 Right-VentralDC 90.7785 10.8565 32.0000 111.0000 79.0000
31 62 263 269.3 Right-vessel 43.4183 14.6454 22.0000 73.0000 51.0000
32 63 543 484.9 Right-choroid-plexus 52.9024 11.0814 24.0000 78.0000 54.0000
33 72 0 0.0 5th-Ventricle 0.0000 0.0000 0.0000 0.0000 0.0000
34 77 657 599.3 WM-hypointensities 70.8828 9.4955 47.0000 104.0000 57.0000
35 78 0 0.0 Left-WM-hypointensities 0.0000 0.0000 0.0000 0.0000 0.0000
36 79 0 0.0 Right-WM-hypointensities 0.0000 0.0000 0.0000 0.0000 0.0000
37 80 0 0.0 non-WM-hypointensities 0.0000 0.0000 0.0000 0.0000 0.0000
38 81 0 0.0 Left-non-WM-hypointensities 0.0000 0.0000 0.0000 0.0000 0.0000
39 82 0 0.0 Right-non-WM-hypointensities 0.0000 0.0000 0.0000 0.0000 0.0000
40 85 184 188.3 Optic-Chiasm 75.3315 15.0969 36.0000 99.0000 63.0000
41 251 1166 1068.0 CC_Posterior 96.6252 15.3487 24.0000 113.0000 89.0000
42 252 702 616.4 CC_Mid_Posterior 89.6581 17.3569 28.0000 114.0000 86.0000
43 253 482 428.1 CC_Central 91.8942 17.2745 43.0000 110.0000 67.0000
44 254 612 536.7 CC_Mid_Anterior 93.7876 16.6434 26.0000 112.0000 86.0000
45 255 994 933.4 CC_Anterior 97.2364 13.0561 41.0000 114.0000 73.0000
