Index SegId NVoxels Volume_mm3 StructName normMean normStdDev normMin normMax normRange
1 4 5085 5472.4 Left-Lateral-Ventricle 40.2944 13.3444 15.0000 94.0000 79.0000
2 5 224 246.4 Left-Inf-Lat-Vent 37.9018 12.7258 16.0000 70.0000 54.0000
3 7 18610 19322.8 Left-Cerebellum-White-Matter 88.6018 6.4354 23.0000 110.0000 87.0000
4 8 64537 64127.9 Left-Cerebellum-Cortex 67.3702 11.0148 14.0000 103.0000 89.0000
5 10 9682 9457.1 Left-Thalamus 92.6678 8.1671 42.0000 110.0000 68.0000
6 11 3563 3569.4 Left-Caudate 78.8821 6.9127 51.0000 103.0000 52.0000
7 12 6121 6072.4 Left-Putamen 87.3811 6.9034 34.0000 104.0000 70.0000
8 13 2453 2420.8 Left-Pallidum 98.1203 4.5159 54.0000 115.0000 61.0000
9 14 942 1021.4 3rd-Ventricle 44.1911 13.1312 19.0000 84.0000 65.0000
10 15 2264 2406.0 4th-Ventricle 34.8450 10.4912 15.0000 75.0000 60.0000
11 16 29036 28805.7 Brain-Stem 85.8564 9.4633 20.0000 113.0000 93.0000
12 17 4558 4521.2 Left-Hippocampus 69.0814 8.9390 23.0000 102.0000 79.0000
13 18 1852 1878.2 Left-Amygdala 71.1069 6.0193 46.0000 91.0000 45.0000
14 24 1066 1043.3 CSF 54.6098 14.1139 21.0000 111.0000 90.0000
15 26 540 572.3 Left-Accumbens-area 77.4519 5.2120 57.0000 99.0000 42.0000
16 28 5325 5150.8 Left-VentralDC 92.3422 9.7673 30.0000 117.0000 87.0000
17 30 24 38.6 Left-vessel 56.1667 9.5765 35.0000 73.0000 38.0000
18 31 407 361.7 Left-choroid-plexus 55.1720 12.5982 27.0000 87.0000 60.0000
19 43 5312 5636.6 Right-Lateral-Ventricle 38.1267 13.2287 16.0000 94.0000 78.0000
20 44 228 270.9 Right-Inf-Lat-Vent 44.3377 13.0271 17.0000 82.0000 65.0000
21 46 18265 19005.6 Right-Cerebellum-White-Matter 89.3531 6.3949 23.0000 112.0000 89.0000
22 47 67630 66868.0 Right-Cerebellum-Cortex 66.7665 11.6173 12.0000 104.0000 92.0000
23 49 8881 8615.3 Right-Thalamus 92.0186 8.3439 36.0000 111.0000 75.0000
24 50 3766 3781.7 Right-Caudate 77.9495 7.1587 49.0000 102.0000 53.0000
25 51 6049 6001.0 Right-Putamen 87.1351 6.8628 43.0000 106.0000 63.0000
26 52 2501 2470.1 Right-Pallidum 98.3095 4.1486 78.0000 112.0000 34.0000
27 53 4577 4503.3 Right-Hippocampus 71.2259 8.1989 29.0000 109.0000 80.0000
28 54 2007 2024.0 Right-Amygdala 72.0503 6.3269 45.0000 90.0000 45.0000
29 58 687 670.6 Right-Accumbens-area 77.0611 5.0576 62.0000 94.0000 32.0000
30 60 5063 4852.0 Right-VentralDC 92.4985 10.9970 32.0000 120.0000 88.0000
31 62 15 28.7 Right-vessel 61.2000 7.7108 46.0000 71.0000 25.0000
32 63 456 389.1 Right-choroid-plexus 51.4649 11.9150 23.0000 80.0000 57.0000
33 72 0 0.0 5th-Ventricle 0.0000 0.0000 0.0000 0.0000 0.0000
34 77 943 975.9 WM-hypointensities 71.3605 11.3440 21.0000 103.0000 82.0000
35 78 0 0.0 Left-WM-hypointensities 0.0000 0.0000 0.0000 0.0000 0.0000
36 79 0 0.0 Right-WM-hypointensities 0.0000 0.0000 0.0000 0.0000 0.0000
37 80 0 0.0 non-WM-hypointensities 0.0000 0.0000 0.0000 0.0000 0.0000
38 81 0 0.0 Left-non-WM-hypointensities 0.0000 0.0000 0.0000 0.0000 0.0000
39 82 0 0.0 Right-non-WM-hypointensities 0.0000 0.0000 0.0000 0.0000 0.0000
40 85 224 225.9 Optic-Chiasm 81.3973 17.9798 31.0000 110.0000 79.0000
41 251 1255 1197.9 CC_Posterior 99.6223 11.2614 33.0000 114.0000 81.0000
42 252 757 706.9 CC_Mid_Posterior 100.0911 12.0382 35.0000 119.0000 84.0000
43 253 1133 1034.0 CC_Central 94.3072 14.0866 37.0000 115.0000 78.0000
44 254 1031 925.3 CC_Mid_Anterior 90.4976 14.2084 45.0000 113.0000 68.0000
45 255 1068 1030.3 CC_Anterior 98.9682 7.8094 36.0000 111.0000 75.0000
