Index SegId NVoxels Volume_mm3 StructName normMean normStdDev normMin normMax normRange
1 4 5060 5491.2 Left-Lateral-Ventricle 40.5296 13.4773 19.0000 91.0000 72.0000
2 5 242 285.0 Left-Inf-Lat-Vent 43.9091 13.9212 21.0000 77.0000 56.0000
3 7 19373 20025.6 Left-Cerebellum-White-Matter 86.5989 6.5139 26.0000 110.0000 84.0000
4 8 65363 65069.7 Left-Cerebellum-Cortex 64.1639 10.0803 15.0000 98.0000 83.0000
5 10 10159 9872.0 Left-Thalamus 91.5910 8.3088 46.0000 109.0000 63.0000
6 11 3600 3545.3 Left-Caudate 79.2161 7.0106 55.0000 102.0000 47.0000
7 12 6102 6107.3 Left-Putamen 90.8458 6.3032 39.0000 112.0000 73.0000
8 13 2507 2493.8 Left-Pallidum 100.3371 4.0812 70.0000 115.0000 45.0000
9 14 1039 1075.8 3rd-Ventricle 47.3908 14.3399 21.0000 83.0000 62.0000
10 15 2223 2442.2 4th-Ventricle 35.7139 10.0215 17.0000 74.0000 57.0000
11 16 28712 28516.8 Brain-Stem 84.1395 8.9558 31.0000 109.0000 78.0000
12 17 4560 4504.4 Left-Hippocampus 71.5226 7.9437 30.0000 100.0000 70.0000
13 18 1906 1989.8 Left-Amygdala 71.9664 5.9407 46.0000 87.0000 41.0000
14 24 1055 1046.9 CSF 55.5175 12.7823 25.0000 99.0000 74.0000
15 26 721 768.0 Left-Accumbens-area 74.1817 4.3450 54.0000 90.0000 36.0000
16 28 5249 5086.4 Left-VentralDC 92.6860 10.1742 38.0000 113.0000 75.0000
17 30 23 39.2 Left-vessel 62.5217 8.0220 48.0000 76.0000 28.0000
18 31 364 347.7 Left-choroid-plexus 55.3544 12.1804 30.0000 80.0000 50.0000
19 43 5156 5505.9 Right-Lateral-Ventricle 38.4052 12.8814 16.0000 93.0000 77.0000
20 44 245 295.4 Right-Inf-Lat-Vent 45.8939 13.7199 18.0000 83.0000 65.0000
21 46 18668 19536.8 Right-Cerebellum-White-Matter 86.0108 5.9826 30.0000 103.0000 73.0000
22 47 69603 69168.5 Right-Cerebellum-Cortex 63.8605 9.9275 13.0000 98.0000 85.0000
23 49 8927 8607.3 Right-Thalamus 89.0919 8.1450 39.0000 107.0000 68.0000
24 50 3745 3756.8 Right-Caudate 76.5575 7.3314 47.0000 99.0000 52.0000
25 51 6454 6302.3 Right-Putamen 87.0972 6.8524 56.0000 104.0000 48.0000
26 52 2319 2297.2 Right-Pallidum 98.1311 3.4333 84.0000 109.0000 25.0000
27 53 4795 4690.2 Right-Hippocampus 69.6730 7.5263 35.0000 99.0000 64.0000
28 54 2010 2068.3 Right-Amygdala 67.5602 6.1992 42.0000 88.0000 46.0000
29 58 822 809.2 Right-Accumbens-area 72.6776 5.0304 55.0000 91.0000 36.0000
30 60 5465 5257.7 Right-VentralDC 90.6794 10.5080 34.0000 109.0000 75.0000
31 62 10 24.7 Right-vessel 62.8000 5.4934 50.0000 67.0000 17.0000
32 63 368 335.2 Right-choroid-plexus 54.7799 12.0351 27.0000 76.0000 49.0000
33 72 0 0.0 5th-Ventricle 0.0000 0.0000 0.0000 0.0000 0.0000
34 77 1328 1327.1 WM-hypointensities 71.2982 10.6913 32.0000 104.0000 72.0000
35 78 0 0.0 Left-WM-hypointensities 0.0000 0.0000 0.0000 0.0000 0.0000
36 79 0 0.0 Right-WM-hypointensities 0.0000 0.0000 0.0000 0.0000 0.0000
37 80 0 0.0 non-WM-hypointensities 0.0000 0.0000 0.0000 0.0000 0.0000
38 81 0 0.0 Left-non-WM-hypointensities 0.0000 0.0000 0.0000 0.0000 0.0000
39 82 0 0.0 Right-non-WM-hypointensities 0.0000 0.0000 0.0000 0.0000 0.0000
40 85 246 257.7 Optic-Chiasm 76.4878 14.4583 38.0000 104.0000 66.0000
41 251 1279 1179.5 CC_Posterior 98.1431 12.0910 43.0000 113.0000 70.0000
42 252 797 727.3 CC_Mid_Posterior 97.9235 12.0694 43.0000 113.0000 70.0000
43 253 1120 1011.7 CC_Central 93.6714 14.1523 37.0000 113.0000 76.0000
44 254 976 871.4 CC_Mid_Anterior 92.6834 14.4339 44.0000 110.0000 66.0000
45 255 1036 978.7 CC_Anterior 101.9788 8.8098 59.0000 114.0000 55.0000
