Index SegId NVoxels Volume_mm3 StructName normMean normStdDev normMin normMax normRange
1 4 4785 5257.3 Left-Lateral-Ventricle 35.6568 13.6806 12.0000 86.0000 74.0000
2 5 264 304.2 Left-Inf-Lat-Vent 40.5114 13.0541 12.0000 78.0000 66.0000
3 7 21642 22231.8 Left-Cerebellum-White-Matter 85.2182 6.9729 28.0000 106.0000 78.0000
4 8 63919 63774.9 Left-Cerebellum-Cortex 60.5541 10.9480 9.0000 99.0000 90.0000
5 10 10003 9772.8 Left-Thalamus 90.7868 9.3656 43.0000 111.0000 68.0000
6 11 3598 3577.2 Left-Caudate 77.0742 7.2134 47.0000 99.0000 52.0000
7 12 5992 6028.8 Left-Putamen 89.0003 6.8679 55.0000 108.0000 53.0000
8 13 2410 2398.4 Left-Pallidum 100.8705 4.9000 65.0000 121.0000 56.0000
9 14 1015 1053.4 3rd-Ventricle 42.2660 14.7810 18.0000 82.0000 64.0000
10 15 1954 2102.7 4th-Ventricle 32.2047 10.5924 14.0000 74.0000 60.0000
11 16 27811 27821.2 Brain-Stem 85.6031 9.6490 26.0000 109.0000 83.0000
12 17 4542 4516.6 Left-Hippocampus 68.4848 8.2533 30.0000 99.0000 69.0000
13 18 1815 1899.8 Left-Amygdala 70.3543 6.1004 39.0000 87.0000 48.0000
14 24 1045 1030.0 CSF 49.9158 13.9023 16.0000 83.0000 67.0000
15 26 618 652.2 Left-Accumbens-area 72.5858 4.2715 56.0000 85.0000 29.0000
16 28 4910 4729.9 Left-VentralDC 92.0971 10.1450 35.0000 115.0000 80.0000
17 30 31 46.8 Left-vessel 57.6774 10.8670 29.0000 74.0000 45.0000
18 31 371 337.5 Left-choroid-plexus 53.0916 12.6710 25.0000 83.0000 58.0000
19 43 5184 5562.7 Right-Lateral-Ventricle 34.4209 13.6551 12.0000 88.0000 76.0000
20 44 259 316.4 Right-Inf-Lat-Vent 44.7220 12.8283 16.0000 81.0000 65.0000
21 46 19689 20345.5 Right-Cerebellum-White-Matter 87.5359 6.1570 33.0000 106.0000 73.0000
22 47 68972 68550.0 Right-Cerebellum-Cortex 65.0531 10.8603 14.0000 97.0000 83.0000
23 49 9364 9011.6 Right-Thalamus 88.6019 9.2145 36.0000 108.0000 72.0000
24 50 3753 3748.6 Right-Caudate 76.0821 7.1189 41.0000 98.0000 57.0000
25 51 6121 6100.9 Right-Putamen 86.2281 7.5469 44.0000 106.0000 62.0000
26 52 2405 2330.3 Right-Pallidum 98.9472 4.3800 78.0000 113.0000 35.0000
27 53 4829 4687.4 Right-Hippocampus 70.0329 7.7723 28.0000 99.0000 71.0000
28 54 1989 2063.5 Right-Amygdala 68.6405 6.2824 40.0000 87.0000 47.0000
29 58 780 777.8 Right-Accumbens-area 71.9564 5.1117 56.0000 90.0000 34.0000
30 60 5024 4770.2 Right-VentralDC 90.5609 10.7204 36.0000 115.0000 79.0000
31 62 7 18.0 Right-vessel 61.7143 6.9693 50.0000 70.0000 20.0000
32 63 418 373.9 Right-choroid-plexus 52.6124 12.2019 24.0000 81.0000 57.0000
33 72 2 1.7 5th-Ventricle 48.5000 6.3640 44.0000 53.0000 9.0000
34 77 1636 1631.0 WM-hypointensities 69.6760 11.7571 18.0000 102.0000 84.0000
35 78 0 0.0 Left-WM-hypointensities 0.0000 0.0000 0.0000 0.0000 0.0000
36 79 0 0.0 Right-WM-hypointensities 0.0000 0.0000 0.0000 0.0000 0.0000
37 80 0 0.0 non-WM-hypointensities 0.0000 0.0000 0.0000 0.0000 0.0000
38 81 0 0.0 Left-non-WM-hypointensities 0.0000 0.0000 0.0000 0.0000 0.0000
39 82 0 0.0 Right-non-WM-hypointensities 0.0000 0.0000 0.0000 0.0000 0.0000
40 85 214 237.9 Optic-Chiasm 78.4626 14.2656 38.0000 100.0000 62.0000
41 251 1242 1188.1 CC_Posterior 97.5507 11.5909 39.0000 110.0000 71.0000
42 252 787 716.9 CC_Mid_Posterior 97.4485 13.9614 31.0000 119.0000 88.0000
43 253 1034 968.6 CC_Central 94.8230 12.9918 43.0000 115.0000 72.0000
44 254 1068 971.8 CC_Mid_Anterior 89.6049 15.8706 40.0000 112.0000 72.0000
45 255 1077 1033.8 CC_Anterior 102.7512 9.8000 58.0000 114.0000 56.0000
