Index SegId NVoxels Volume_mm3 StructName normMean normStdDev normMin normMax normRange
1 4 5170 5379.0 Left-Lateral-Ventricle 21.7052 16.4998 0.0000 99.0000 99.0000
2 5 532 553.0 Left-Inf-Lat-Vent 31.7068 17.5250 1.0000 84.0000 83.0000
3 7 16946 17612.6 Left-Cerebellum-White-Matter 83.5868 8.2842 15.0000 119.0000 104.0000
4 8 67462 67353.4 Left-Cerebellum-Cortex 56.3603 14.6082 0.0000 114.0000 114.0000
5 10 9246 9041.4 Left-Thalamus 81.7351 11.1598 20.0000 114.0000 94.0000
6 11 3964 3944.1 Left-Caudate 66.7596 8.2390 34.0000 104.0000 70.0000
7 12 6177 6176.1 Left-Putamen 77.5394 8.4207 18.0000 104.0000 86.0000
8 13 2428 2384.7 Left-Pallidum 94.3789 7.8405 28.0000 119.0000 91.0000
9 14 893 891.1 3rd-Ventricle 25.9530 17.0789 0.0000 92.0000 92.0000
10 15 2342 2401.1 4th-Ventricle 19.6085 11.6904 0.0000 74.0000 74.0000
11 16 27453 27693.5 Brain-Stem 78.1814 10.3581 10.0000 120.0000 110.0000
12 17 4002 3931.3 Left-Hippocampus 60.4750 10.5496 10.0000 100.0000 90.0000
13 18 1692 1717.9 Left-Amygdala 62.8026 8.8027 20.0000 94.0000 74.0000
14 24 956 934.2 CSF 35.2123 15.8907 3.0000 83.0000 80.0000
15 26 652 667.9 Left-Accumbens-area 64.6411 6.6695 38.0000 86.0000 48.0000
16 28 4779 4645.4 Left-VentralDC 88.5497 11.9891 16.0000 123.0000 107.0000
17 30 27 34.3 Left-vessel 45.5926 17.2722 4.0000 67.0000 63.0000
18 31 458 405.2 Left-choroid-plexus 50.0873 13.8817 11.0000 80.0000 69.0000
19 43 5455 5696.4 Right-Lateral-Ventricle 20.6973 15.4576 0.0000 83.0000 83.0000
20 44 296 319.7 Right-Inf-Lat-Vent 31.8345 15.8096 0.0000 72.0000 72.0000
21 46 18388 18747.4 Right-Cerebellum-White-Matter 85.4245 8.7817 21.0000 118.0000 97.0000
22 47 70432 70413.9 Right-Cerebellum-Cortex 58.0419 15.4970 0.0000 117.0000 117.0000
23 49 8671 8418.0 Right-Thalamus 79.7697 11.1192 17.0000 111.0000 94.0000
24 50 4226 4147.3 Right-Caudate 65.3029 8.5784 27.0000 92.0000 65.0000
25 51 6638 6448.5 Right-Putamen 77.2956 8.8405 21.0000 106.0000 85.0000
26 52 2384 2376.7 Right-Pallidum 94.7693 6.5406 63.0000 116.0000 53.0000
27 53 4460 4417.8 Right-Hippocampus 61.6962 10.8179 9.0000 107.0000 98.0000
28 54 1992 2036.5 Right-Amygdala 62.2510 8.0791 25.0000 95.0000 70.0000
29 58 776 757.0 Right-Accumbens-area 63.4936 7.0469 45.0000 89.0000 44.0000
30 60 4670 4512.7 Right-VentralDC 85.3456 12.3683 14.0000 128.0000 114.0000
31 62 29 38.1 Right-vessel 45.1034 14.2010 17.0000 72.0000 55.0000
32 63 481 425.6 Right-choroid-plexus 48.7069 13.6879 7.0000 84.0000 77.0000
33 72 0 0.0 5th-Ventricle 0.0000 0.0000 0.0000 0.0000 0.0000
34 77 2372 2514.6 WM-hypointensities 72.6239 13.5537 1.0000 122.0000 121.0000
35 78 0 0.0 Left-WM-hypointensities 0.0000 0.0000 0.0000 0.0000 0.0000
36 79 0 0.0 Right-WM-hypointensities 0.0000 0.0000 0.0000 0.0000 0.0000
37 80 0 0.0 non-WM-hypointensities 0.0000 0.0000 0.0000 0.0000 0.0000
38 81 0 0.0 Left-non-WM-hypointensities 0.0000 0.0000 0.0000 0.0000 0.0000
39 82 0 0.0 Right-non-WM-hypointensities 0.0000 0.0000 0.0000 0.0000 0.0000
40 85 205 213.6 Optic-Chiasm 81.1366 20.7268 11.0000 129.0000 118.0000
41 251 1268 1278.4 CC_Posterior 111.2658 16.5868 38.0000 140.0000 102.0000
42 252 810 773.4 CC_Mid_Posterior 107.0296 20.3959 18.0000 145.0000 127.0000
43 253 1207 1129.9 CC_Central 104.6495 20.9944 23.0000 151.0000 128.0000
44 254 1211 1114.0 CC_Mid_Anterior 100.8902 24.9514 7.0000 153.0000 146.0000
45 255 1089 1143.1 CC_Anterior 123.2691 21.2134 30.0000 167.0000 137.0000
