Index SegId NVoxels Volume_mm3 StructName normMean normStdDev normMin normMax normRange
1 4 5091 5444.9 Left-Lateral-Ventricle 41.3508 13.0947 18.0000 92.0000 74.0000
2 5 296 347.5 Left-Inf-Lat-Vent 45.9561 14.2268 18.0000 81.0000 63.0000
3 7 18632 19543.0 Left-Cerebellum-White-Matter 88.5852 5.4305 41.0000 102.0000 61.0000
4 8 64112 63573.8 Left-Cerebellum-Cortex 68.5495 10.3064 19.0000 96.0000 77.0000
5 10 9425 9076.6 Left-Thalamus 92.9320 8.1466 47.0000 109.0000 62.0000
6 11 3453 3412.1 Left-Caudate 81.8798 6.6408 53.0000 101.0000 48.0000
7 12 5823 5842.0 Left-Putamen 90.9201 5.8717 56.0000 106.0000 50.0000
8 13 2508 2491.8 Left-Pallidum 100.0096 3.6926 64.0000 110.0000 46.0000
9 14 902 977.8 3rd-Ventricle 45.2494 12.5855 26.0000 81.0000 55.0000
10 15 2197 2413.9 4th-Ventricle 36.9891 9.6326 21.0000 74.0000 53.0000
11 16 27976 27731.7 Brain-Stem 84.6303 9.0479 24.0000 107.0000 83.0000
12 17 4374 4296.5 Left-Hippocampus 73.5082 8.0298 33.0000 102.0000 69.0000
13 18 1915 2033.3 Left-Amygdala 73.0903 5.5782 46.0000 88.0000 42.0000
14 24 1093 1096.6 CSF 57.4959 13.2203 28.0000 102.0000 74.0000
15 26 673 734.7 Left-Accumbens-area 77.8856 3.5098 62.0000 90.0000 28.0000
16 28 5177 4957.2 Left-VentralDC 92.6933 9.8628 36.0000 113.0000 77.0000
17 30 35 46.5 Left-vessel 61.3143 10.2893 36.0000 77.0000 41.0000
18 31 375 355.1 Left-choroid-plexus 54.9520 12.3038 27.0000 86.0000 59.0000
19 43 5567 5829.2 Right-Lateral-Ventricle 38.7438 13.4363 15.0000 96.0000 81.0000
20 44 238 294.3 Right-Inf-Lat-Vent 43.9580 11.7957 16.0000 81.0000 65.0000
21 46 20155 20898.8 Right-Cerebellum-White-Matter 86.8744 5.8101 35.0000 106.0000 71.0000
22 47 64434 63674.5 Right-Cerebellum-Cortex 64.3591 10.9413 10.0000 96.0000 86.0000
23 49 8704 8350.9 Right-Thalamus 92.0724 7.7336 43.0000 107.0000 64.0000
24 50 3688 3671.2 Right-Caudate 79.4290 6.9878 48.0000 102.0000 54.0000
25 51 5977 5931.4 Right-Putamen 87.5655 6.1252 45.0000 103.0000 58.0000
26 52 2419 2388.4 Right-Pallidum 98.8363 2.8689 80.0000 110.0000 30.0000
27 53 4697 4588.0 Right-Hippocampus 71.2904 7.8977 41.0000 103.0000 62.0000
28 54 2086 2156.0 Right-Amygdala 71.2838 5.8592 43.0000 88.0000 45.0000
29 58 792 812.6 Right-Accumbens-area 76.9848 3.9153 66.0000 91.0000 25.0000
30 60 5284 4997.8 Right-VentralDC 91.4720 10.6293 36.0000 109.0000 73.0000
31 62 10 20.2 Right-vessel 60.8000 6.9889 47.0000 72.0000 25.0000
32 63 385 365.4 Right-choroid-plexus 55.6701 10.6175 25.0000 78.0000 53.0000
33 72 3 2.8 5th-Ventricle 55.3333 2.3094 54.0000 58.0000 4.0000
34 77 1005 1017.5 WM-hypointensities 71.1154 10.2080 25.0000 103.0000 78.0000
35 78 0 0.0 Left-WM-hypointensities 0.0000 0.0000 0.0000 0.0000 0.0000
36 79 0 0.0 Right-WM-hypointensities 0.0000 0.0000 0.0000 0.0000 0.0000
37 80 0 0.0 non-WM-hypointensities 0.0000 0.0000 0.0000 0.0000 0.0000
38 81 0 0.0 Left-non-WM-hypointensities 0.0000 0.0000 0.0000 0.0000 0.0000
39 82 0 0.0 Right-non-WM-hypointensities 0.0000 0.0000 0.0000 0.0000 0.0000
40 85 217 223.8 Optic-Chiasm 75.5991 13.8015 44.0000 102.0000 58.0000
41 251 1260 1178.1 CC_Posterior 97.6698 11.4397 42.0000 108.0000 66.0000
42 252 787 716.1 CC_Mid_Posterior 97.3304 11.8557 44.0000 111.0000 67.0000
43 253 1034 990.9 CC_Central 96.5600 11.2225 43.0000 109.0000 66.0000
44 254 1104 1006.8 CC_Mid_Anterior 90.1087 13.5078 47.0000 106.0000 59.0000
45 255 1041 1008.3 CC_Anterior 99.7877 8.2399 49.0000 110.0000 61.0000
