Index SegId NVoxels Volume_mm3 StructName normMean normStdDev normMin normMax normRange
1 4 5035 5475.1 Left-Lateral-Ventricle 38.4103 13.4217 13.0000 92.0000 79.0000
2 5 308 361.4 Left-Inf-Lat-Vent 46.7435 14.2670 19.0000 76.0000 57.0000
3 7 19090 19810.6 Left-Cerebellum-White-Matter 87.6524 6.5765 34.0000 108.0000 74.0000
4 8 65031 64839.9 Left-Cerebellum-Cortex 63.5402 10.4564 16.0000 97.0000 81.0000
5 10 9985 9719.3 Left-Thalamus 90.8866 8.5051 46.0000 109.0000 63.0000
6 11 3574 3548.5 Left-Caudate 77.3153 7.0084 52.0000 104.0000 52.0000
7 12 6147 6127.1 Left-Putamen 89.9281 6.8762 62.0000 110.0000 48.0000
8 13 2436 2433.9 Left-Pallidum 100.0053 4.3416 71.0000 115.0000 44.0000
9 14 1103 1126.1 3rd-Ventricle 45.1414 14.1418 17.0000 81.0000 64.0000
10 15 2211 2451.3 4th-Ventricle 34.2148 9.8416 17.0000 75.0000 58.0000
11 16 28201 28049.7 Brain-Stem 84.3923 9.2068 24.0000 111.0000 87.0000
12 17 4571 4538.5 Left-Hippocampus 70.7195 7.9022 25.0000 100.0000 75.0000
13 18 1828 1909.3 Left-Amygdala 71.4606 5.9641 45.0000 89.0000 44.0000
14 24 1171 1166.2 CSF 53.2852 12.3469 23.0000 90.0000 67.0000
15 26 695 726.5 Left-Accumbens-area 72.2173 4.5552 51.0000 87.0000 36.0000
16 28 5300 5092.7 Left-VentralDC 91.8442 10.2793 29.0000 111.0000 82.0000
17 30 31 43.7 Left-vessel 59.3548 8.5773 41.0000 74.0000 33.0000
18 31 375 348.6 Left-choroid-plexus 53.3547 11.9433 28.0000 78.0000 50.0000
19 43 5103 5492.6 Right-Lateral-Ventricle 36.1660 13.2956 11.0000 92.0000 81.0000
20 44 263 328.8 Right-Inf-Lat-Vent 44.1065 11.7225 18.0000 79.0000 61.0000
21 46 20114 20868.9 Right-Cerebellum-White-Matter 86.2618 6.3273 35.0000 107.0000 72.0000
22 47 68100 67678.9 Right-Cerebellum-Cortex 62.9645 10.3582 17.0000 97.0000 80.0000
23 49 9171 8807.0 Right-Thalamus 88.2419 8.5487 36.0000 105.0000 69.0000
24 50 3872 3868.0 Right-Caudate 74.7301 7.3438 41.0000 98.0000 57.0000
25 51 6442 6267.0 Right-Putamen 85.5660 7.2920 47.0000 103.0000 56.0000
26 52 2337 2300.2 Right-Pallidum 97.1356 3.7968 82.0000 110.0000 28.0000
27 53 4736 4632.7 Right-Hippocampus 69.0817 7.5734 39.0000 96.0000 57.0000
28 54 2036 2080.5 Right-Amygdala 67.5570 6.4864 41.0000 87.0000 46.0000
29 58 942 933.3 Right-Accumbens-area 70.7930 5.3881 50.0000 89.0000 39.0000
30 60 5242 5030.0 Right-VentralDC 89.7234 10.4416 34.0000 111.0000 77.0000
31 62 9 24.6 Right-vessel 59.4444 5.7033 52.0000 70.0000 18.0000
32 63 403 359.7 Right-choroid-plexus 51.5881 11.6732 24.0000 76.0000 52.0000
33 72 1 1.0 5th-Ventricle 61.0000 0.0000 61.0000 61.0000 0.0000
34 77 1270 1232.9 WM-hypointensities 70.4701 10.7699 36.0000 99.0000 63.0000
35 78 0 0.0 Left-WM-hypointensities 0.0000 0.0000 0.0000 0.0000 0.0000
36 79 0 0.0 Right-WM-hypointensities 0.0000 0.0000 0.0000 0.0000 0.0000
37 80 0 0.0 non-WM-hypointensities 0.0000 0.0000 0.0000 0.0000 0.0000
38 81 0 0.0 Left-non-WM-hypointensities 0.0000 0.0000 0.0000 0.0000 0.0000
39 82 0 0.0 Right-non-WM-hypointensities 0.0000 0.0000 0.0000 0.0000 0.0000
40 85 235 254.1 Optic-Chiasm 75.2085 14.2614 39.0000 101.0000 62.0000
41 251 1292 1208.7 CC_Posterior 97.7128 12.6555 42.0000 112.0000 70.0000
42 252 778 714.6 CC_Mid_Posterior 95.5514 13.3839 40.0000 113.0000 73.0000
43 253 1014 956.4 CC_Central 94.4349 12.1622 33.0000 110.0000 77.0000
44 254 1027 918.8 CC_Mid_Anterior 89.2006 16.0601 41.0000 111.0000 70.0000
45 255 1049 1024.6 CC_Anterior 101.6416 8.2419 59.0000 112.0000 53.0000
