Index SegId NVoxels Volume_mm3 StructName normMean normStdDev normMin normMax normRange
1 4 12653 12880.9 Left-Lateral-Ventricle 17.5086 13.8048 0.0000 86.0000 86.0000
2 5 333 346.1 Left-Inf-Lat-Vent 28.9489 14.2188 2.0000 67.0000 65.0000
3 7 15009 15760.5 Left-Cerebellum-White-Matter 84.0321 7.6535 23.0000 112.0000 89.0000
4 8 64189 64173.4 Left-Cerebellum-Cortex 55.1027 12.7768 0.0000 97.0000 97.0000
5 10 8614 8344.0 Left-Thalamus 83.1356 10.7843 10.0000 109.0000 99.0000
6 11 3436 3302.1 Left-Caudate 69.4121 8.7749 26.0000 103.0000 77.0000
7 12 5674 5635.3 Left-Putamen 76.2526 5.9949 51.0000 102.0000 51.0000
8 13 2105 2020.5 Left-Pallidum 92.9059 5.4274 58.0000 111.0000 53.0000
9 14 1148 1151.7 3rd-Ventricle 24.6098 14.6975 4.0000 85.0000 81.0000
10 15 2143 2256.7 4th-Ventricle 23.2483 11.9075 2.0000 67.0000 65.0000
11 16 21571 21665.4 Brain-Stem 79.9501 10.3951 11.0000 116.0000 105.0000
12 17 5140 4977.7 Left-Hippocampus 59.9496 11.0245 3.0000 103.0000 100.0000
13 18 1715 1705.1 Left-Amygdala 63.3370 6.9195 39.0000 102.0000 63.0000
14 24 1381 1366.0 CSF 33.0529 15.8114 5.0000 87.0000 82.0000
15 26 481 477.3 Left-Accumbens-area 70.0270 5.6441 36.0000 86.0000 50.0000
16 28 3969 3868.7 Left-VentralDC 90.0791 12.9110 27.0000 121.0000 94.0000
17 30 8 17.9 Left-vessel 56.0000 5.0990 47.0000 65.0000 18.0000
18 31 744 641.5 Left-choroid-plexus 46.6936 13.6538 12.0000 84.0000 72.0000
19 43 15959 16174.3 Right-Lateral-Ventricle 16.9370 11.8257 0.0000 87.0000 87.0000
20 44 575 610.9 Right-Inf-Lat-Vent 35.2139 16.6860 3.0000 78.0000 75.0000
21 46 14769 15494.1 Right-Cerebellum-White-Matter 86.7854 7.2189 12.0000 114.0000 102.0000
22 47 66168 66359.5 Right-Cerebellum-Cortex 59.2402 12.8035 0.0000 107.0000 107.0000
23 49 7375 7086.7 Right-Thalamus 81.1089 9.9564 26.0000 107.0000 81.0000
24 50 3887 3731.2 Right-Caudate 65.7836 9.2655 29.0000 95.0000 66.0000
25 51 5948 5818.6 Right-Putamen 76.4620 7.3247 44.0000 98.0000 54.0000
26 52 2097 2042.0 Right-Pallidum 95.5575 6.1713 46.0000 115.0000 69.0000
27 53 4923 4820.8 Right-Hippocampus 63.7674 8.3117 8.0000 92.0000 84.0000
28 54 1922 1930.4 Right-Amygdala 64.3965 7.0407 39.0000 86.0000 47.0000
29 58 474 457.6 Right-Accumbens-area 67.9388 6.5928 36.0000 85.0000 49.0000
30 60 3961 3761.4 Right-VentralDC 88.3350 12.8303 21.0000 120.0000 99.0000
31 62 7 16.2 Right-vessel 55.8571 4.7056 46.0000 61.0000 15.0000
32 63 1110 1049.3 Right-choroid-plexus 42.8766 11.0039 13.0000 74.0000 61.0000
33 72 7 6.1 5th-Ventricle 33.8571 10.9305 22.0000 54.0000 32.0000
34 77 2302 2065.3 WM-hypointensities 71.8454 12.1143 29.0000 106.0000 77.0000
35 78 0 0.0 Left-WM-hypointensities 0.0000 0.0000 0.0000 0.0000 0.0000
36 79 0 0.0 Right-WM-hypointensities 0.0000 0.0000 0.0000 0.0000 0.0000
37 80 0 0.0 non-WM-hypointensities 0.0000 0.0000 0.0000 0.0000 0.0000
38 81 0 0.0 Left-non-WM-hypointensities 0.0000 0.0000 0.0000 0.0000 0.0000
39 82 0 0.0 Right-non-WM-hypointensities 0.0000 0.0000 0.0000 0.0000 0.0000
40 85 186 187.3 Optic-Chiasm 85.4893 22.2660 18.0000 135.0000 117.0000
41 251 1267 1309.2 CC_Posterior 112.0363 19.5887 32.0000 147.0000 115.0000
42 252 736 650.5 CC_Mid_Posterior 102.0340 29.0405 12.0000 142.0000 130.0000
43 253 739 628.1 CC_Central 104.5643 26.6144 30.0000 147.0000 117.0000
44 254 835 721.3 CC_Mid_Anterior 108.9737 28.3290 26.0000 151.0000 125.0000
45 255 1575 1479.8 CC_Anterior 118.4603 32.4186 27.0000 175.0000 148.0000
