Index SegId NVoxels Volume_mm3 StructName normMean normStdDev normMin normMax normRange
1 4 8562 8932.6 Left-Lateral-Ventricle 32.5633 11.2754 10.0000 87.0000 77.0000
2 5 228 268.3 Left-Inf-Lat-Vent 45.9561 14.9772 12.0000 76.0000 64.0000
3 7 15511 15933.3 Left-Cerebellum-White-Matter 86.3997 6.5392 22.0000 105.0000 83.0000
4 8 58102 58103.3 Left-Cerebellum-Cortex 63.7842 9.9041 13.0000 102.0000 89.0000
5 10 8644 8340.4 Left-Thalamus 89.7407 8.9118 38.0000 110.0000 72.0000
6 11 3373 3387.3 Left-Caudate 76.4714 7.5721 48.0000 104.0000 56.0000
7 12 4879 4890.1 Left-Putamen 84.6331 6.1846 64.0000 104.0000 40.0000
8 13 2301 2284.0 Left-Pallidum 99.3259 4.6950 64.0000 116.0000 52.0000
9 14 863 932.0 3rd-Ventricle 46.7729 11.9156 24.0000 90.0000 66.0000
10 15 923 1066.9 4th-Ventricle 37.0715 10.5199 15.0000 80.0000 65.0000
11 16 22080 21917.9 Brain-Stem 84.6846 9.7045 25.0000 129.0000 104.0000
12 17 4102 4011.6 Left-Hippocampus 69.7582 8.9374 25.0000 101.0000 76.0000
13 18 1853 1823.3 Left-Amygdala 70.7626 8.1467 40.0000 99.0000 59.0000
14 24 1000 1015.0 CSF 52.8100 13.4127 26.0000 92.0000 66.0000
15 26 520 542.2 Left-Accumbens-area 76.1442 6.0921 50.0000 117.0000 67.0000
16 28 4366 4145.4 Left-VentralDC 92.0875 9.9082 34.0000 118.0000 84.0000
17 30 3 7.9 Left-vessel 62.3333 4.7258 57.0000 66.0000 9.0000
18 31 637 575.8 Left-choroid-plexus 51.6860 12.4204 22.0000 94.0000 72.0000
19 43 5690 5945.6 Right-Lateral-Ventricle 35.3661 13.2528 12.0000 96.0000 84.0000
20 44 228 288.9 Right-Inf-Lat-Vent 40.6798 13.3901 12.0000 80.0000 68.0000
21 46 14481 14901.0 Right-Cerebellum-White-Matter 86.8513 6.5875 31.0000 113.0000 82.0000
22 47 59179 59146.5 Right-Cerebellum-Cortex 65.2207 10.1157 14.0000 97.0000 83.0000
23 49 8248 7970.4 Right-Thalamus 88.7461 8.4963 35.0000 111.0000 76.0000
24 50 3492 3471.6 Right-Caudate 76.6942 7.2339 45.0000 103.0000 58.0000
25 51 4810 4814.5 Right-Putamen 83.1141 6.6383 35.0000 103.0000 68.0000
26 52 2293 2245.4 Right-Pallidum 97.8570 5.5373 47.0000 114.0000 67.0000
27 53 4320 4271.7 Right-Hippocampus 69.4523 9.1619 15.0000 101.0000 86.0000
28 54 1881 1857.3 Right-Amygdala 73.7693 8.8506 41.0000 101.0000 60.0000
29 58 643 628.4 Right-Accumbens-area 77.1602 4.9873 58.0000 93.0000 35.0000
30 60 4477 4240.9 Right-VentralDC 91.8510 10.6560 42.0000 128.0000 86.0000
31 62 12 20.1 Right-vessel 51.6667 12.4121 32.0000 71.0000 39.0000
32 63 533 474.2 Right-choroid-plexus 52.5328 11.7757 22.0000 88.0000 66.0000
33 72 0 0.0 5th-Ventricle 0.0000 0.0000 0.0000 0.0000 0.0000
34 77 742 711.4 WM-hypointensities 70.4461 9.4233 40.0000 100.0000 60.0000
35 78 0 0.0 Left-WM-hypointensities 0.0000 0.0000 0.0000 0.0000 0.0000
36 79 0 0.0 Right-WM-hypointensities 0.0000 0.0000 0.0000 0.0000 0.0000
37 80 0 0.0 non-WM-hypointensities 0.0000 0.0000 0.0000 0.0000 0.0000
38 81 0 0.0 Left-non-WM-hypointensities 0.0000 0.0000 0.0000 0.0000 0.0000
39 82 0 0.0 Right-non-WM-hypointensities 0.0000 0.0000 0.0000 0.0000 0.0000
40 85 5 6.6 Optic-Chiasm 68.8000 7.1903 57.0000 76.0000 19.0000
41 251 1382 1342.9 CC_Posterior 99.8126 13.6668 34.0000 122.0000 88.0000
42 252 928 816.0 CC_Mid_Posterior 91.8772 17.3214 33.0000 120.0000 87.0000
43 253 968 858.5 CC_Central 90.6994 14.4521 42.0000 116.0000 74.0000
44 254 944 793.3 CC_Mid_Anterior 87.9968 15.0191 33.0000 113.0000 80.0000
45 255 1102 1017.7 CC_Anterior 98.6543 15.7519 37.0000 139.0000 102.0000
