Index SegId NVoxels Volume_mm3 StructName normMean normStdDev normMin normMax normRange
1 4 8605 8867.1 Left-Lateral-Ventricle 19.6522 13.4582 0.0000 90.0000 90.0000
2 5 310 353.4 Left-Inf-Lat-Vent 36.6387 15.5819 2.0000 72.0000 70.0000
3 7 14732 15067.4 Left-Cerebellum-White-Matter 84.5058 8.4001 36.0000 127.0000 91.0000
4 8 60499 60604.1 Left-Cerebellum-Cortex 58.8770 10.8285 6.0000 131.0000 125.0000
5 10 9259 8993.5 Left-Thalamus 81.0650 10.2489 27.0000 111.0000 84.0000
6 11 3797 3762.6 Left-Caudate 67.4756 8.2812 38.0000 93.0000 55.0000
7 12 4843 4840.8 Left-Putamen 75.2360 6.9793 43.0000 95.0000 52.0000
8 13 2062 1998.9 Left-Pallidum 93.7367 7.1757 46.0000 112.0000 66.0000
9 14 675 698.5 3rd-Ventricle 28.0237 16.1841 3.0000 84.0000 81.0000
10 15 1123 1202.8 4th-Ventricle 25.6839 13.0539 2.0000 76.0000 74.0000
11 16 21238 21275.7 Brain-Stem 79.2682 10.7599 15.0000 132.0000 117.0000
12 17 4095 3962.3 Left-Hippocampus 63.3885 9.4032 25.0000 107.0000 82.0000
13 18 1699 1697.6 Left-Amygdala 63.9706 7.6220 38.0000 91.0000 53.0000
14 24 972 985.7 CSF 36.9794 13.9073 6.0000 90.0000 84.0000
15 26 586 577.3 Left-Accumbens-area 65.7833 6.4828 27.0000 87.0000 60.0000
16 28 4213 4086.6 Left-VentralDC 89.7406 11.2665 39.0000 128.0000 89.0000
17 30 12 16.5 Left-vessel 53.9167 5.4682 46.0000 62.0000 16.0000
18 31 571 507.8 Left-choroid-plexus 47.1261 12.4474 10.0000 88.0000 78.0000
19 43 5728 5964.9 Right-Lateral-Ventricle 23.2444 14.5244 0.0000 82.0000 82.0000
20 44 320 371.3 Right-Inf-Lat-Vent 36.3781 15.1402 4.0000 78.0000 74.0000
21 46 14042 14464.4 Right-Cerebellum-White-Matter 86.1629 8.0097 35.0000 128.0000 93.0000
22 47 59740 59890.5 Right-Cerebellum-Cortex 61.4447 10.6221 6.0000 114.0000 108.0000
23 49 8529 8267.3 Right-Thalamus 78.8250 9.7360 27.0000 105.0000 78.0000
24 50 4010 3953.8 Right-Caudate 65.9863 8.2158 30.0000 92.0000 62.0000
25 51 5071 4995.3 Right-Putamen 73.1301 7.4708 25.0000 98.0000 73.0000
26 52 1939 1883.0 Right-Pallidum 93.0949 6.7341 35.0000 111.0000 76.0000
27 53 4119 4081.6 Right-Hippocampus 63.1316 8.2429 19.0000 94.0000 75.0000
28 54 1726 1747.3 Right-Amygdala 61.6582 7.2556 35.0000 82.0000 47.0000
29 58 656 635.9 Right-Accumbens-area 63.5091 7.0401 49.0000 88.0000 39.0000
30 60 4163 4010.1 Right-VentralDC 86.9733 12.1369 31.0000 119.0000 88.0000
31 62 10 14.9 Right-vessel 42.4000 15.7070 18.0000 71.0000 53.0000
32 63 493 413.6 Right-choroid-plexus 48.8479 11.8127 20.0000 77.0000 57.0000
33 72 0 0.0 5th-Ventricle 0.0000 0.0000 0.0000 0.0000 0.0000
34 77 1093 1041.1 WM-hypointensities 69.7731 11.2803 33.0000 107.0000 74.0000
35 78 0 0.0 Left-WM-hypointensities 0.0000 0.0000 0.0000 0.0000 0.0000
36 79 0 0.0 Right-WM-hypointensities 0.0000 0.0000 0.0000 0.0000 0.0000
37 80 0 0.0 non-WM-hypointensities 0.0000 0.0000 0.0000 0.0000 0.0000
38 81 0 0.0 Left-non-WM-hypointensities 0.0000 0.0000 0.0000 0.0000 0.0000
39 82 0 0.0 Right-non-WM-hypointensities 0.0000 0.0000 0.0000 0.0000 0.0000
40 85 194 194.8 Optic-Chiasm 82.9175 19.7044 28.0000 126.0000 98.0000
41 251 1477 1409.8 CC_Posterior 108.9797 18.1888 21.0000 141.0000 120.0000
42 252 835 756.4 CC_Mid_Posterior 100.9808 21.2285 13.0000 133.0000 120.0000
43 253 989 908.2 CC_Central 101.9798 23.1937 4.0000 142.0000 138.0000
44 254 1000 897.5 CC_Mid_Anterior 103.6700 25.6859 9.0000 148.0000 139.0000
45 255 1120 1071.7 CC_Anterior 119.2705 30.4080 13.0000 166.0000 153.0000
