Index SegId NVoxels Volume_mm3 StructName normMean normStdDev normMin normMax normRange
1 4 12312 12598.4 Left-Lateral-Ventricle 29.4410 12.7380 10.0000 88.0000 78.0000
2 5 407 447.3 Left-Inf-Lat-Vent 42.5209 13.7238 14.0000 78.0000 64.0000
3 7 18270 18994.1 Left-Cerebellum-White-Matter 88.2859 6.8807 26.0000 109.0000 83.0000
4 8 66105 65859.1 Left-Cerebellum-Cortex 65.9040 11.8047 14.0000 100.0000 86.0000
5 10 8084 7795.6 Left-Thalamus 89.1329 9.3133 25.0000 108.0000 83.0000
6 11 3244 3125.2 Left-Caudate 77.0049 8.1999 45.0000 103.0000 58.0000
7 12 5808 5727.5 Left-Putamen 86.9945 5.9735 58.0000 116.0000 58.0000
8 13 2177 2206.9 Left-Pallidum 100.2265 4.5267 77.0000 119.0000 42.0000
9 14 1210 1251.3 3rd-Ventricle 36.9107 13.0448 12.0000 77.0000 65.0000
10 15 2088 2219.7 4th-Ventricle 35.9459 11.2297 16.0000 82.0000 66.0000
11 16 22931 22739.0 Brain-Stem 83.6209 10.1914 21.0000 114.0000 93.0000
12 17 4475 4349.1 Left-Hippocampus 70.4963 9.1122 19.0000 99.0000 80.0000
13 18 1863 1947.3 Left-Amygdala 72.9673 6.1942 45.0000 92.0000 47.0000
14 24 1819 1750.2 CSF 47.3386 15.0176 16.0000 112.0000 96.0000
15 26 586 587.7 Left-Accumbens-area 74.6212 5.1067 56.0000 90.0000 34.0000
16 28 4516 4329.7 Left-VentralDC 90.3439 12.0581 35.0000 116.0000 81.0000
17 30 4 11.3 Left-vessel 67.0000 3.8297 62.0000 70.0000 8.0000
18 31 828 751.6 Left-choroid-plexus 49.9638 11.1727 21.0000 80.0000 59.0000
19 43 15515 15547.2 Right-Lateral-Ventricle 28.0891 11.7967 10.0000 93.0000 83.0000
20 44 384 426.0 Right-Inf-Lat-Vent 40.0026 11.9838 19.0000 76.0000 57.0000
21 46 16125 16797.0 Right-Cerebellum-White-Matter 88.5873 6.6247 28.0000 110.0000 82.0000
22 47 68199 68025.7 Right-Cerebellum-Cortex 68.0847 11.5806 19.0000 103.0000 84.0000
23 49 7831 7516.2 Right-Thalamus 88.0899 9.4495 37.0000 106.0000 69.0000
24 50 3645 3582.2 Right-Caudate 75.3646 7.8590 45.0000 101.0000 56.0000
25 51 5828 5760.1 Right-Putamen 85.5398 6.3755 45.0000 110.0000 65.0000
26 52 2104 2091.1 Right-Pallidum 98.7676 4.3013 52.0000 113.0000 61.0000
27 53 5004 4950.0 Right-Hippocampus 70.4484 8.0279 29.0000 100.0000 71.0000
28 54 1992 2016.3 Right-Amygdala 69.9257 6.9559 33.0000 98.0000 65.0000
29 58 639 606.8 Right-Accumbens-area 73.5634 5.7412 51.0000 92.0000 41.0000
30 60 4546 4277.8 Right-VentralDC 89.7202 11.7693 37.0000 113.0000 76.0000
31 62 7 16.1 Right-vessel 61.2857 4.7509 53.0000 67.0000 14.0000
32 63 1262 1216.4 Right-choroid-plexus 49.6593 10.6816 21.0000 85.0000 64.0000
33 72 0 0.0 5th-Ventricle 0.0000 0.0000 0.0000 0.0000 0.0000
34 77 973 909.8 WM-hypointensities 71.6300 9.6486 47.0000 107.0000 60.0000
35 78 0 0.0 Left-WM-hypointensities 0.0000 0.0000 0.0000 0.0000 0.0000
36 79 0 0.0 Right-WM-hypointensities 0.0000 0.0000 0.0000 0.0000 0.0000
37 80 0 0.0 non-WM-hypointensities 0.0000 0.0000 0.0000 0.0000 0.0000
38 81 0 0.0 Left-non-WM-hypointensities 0.0000 0.0000 0.0000 0.0000 0.0000
39 82 0 0.0 Right-non-WM-hypointensities 0.0000 0.0000 0.0000 0.0000 0.0000
40 85 182 170.6 Optic-Chiasm 77.8022 17.9041 38.0000 113.0000 75.0000
41 251 1224 1152.6 CC_Posterior 97.1144 12.4891 44.0000 112.0000 68.0000
42 252 664 595.8 CC_Mid_Posterior 94.0452 18.6319 21.0000 116.0000 95.0000
43 253 700 603.0 CC_Central 94.0486 17.8737 35.0000 116.0000 81.0000
44 254 578 526.6 CC_Mid_Anterior 97.2336 15.1694 45.0000 117.0000 72.0000
45 255 1289 1216.2 CC_Anterior 96.9441 13.3434 37.0000 112.0000 75.0000
