Index SegId NVoxels Volume_mm3 StructName normMean normStdDev normMin normMax normRange
1 4 12499 12837.5 Left-Lateral-Ventricle 28.6124 12.6184 10.0000 101.0000 91.0000
2 5 320 348.5 Left-Inf-Lat-Vent 40.2031 14.8638 14.0000 78.0000 64.0000
3 7 18500 19274.7 Left-Cerebellum-White-Matter 84.6182 6.7943 33.0000 104.0000 71.0000
4 8 63892 63770.5 Left-Cerebellum-Cortex 61.6430 11.3213 10.0000 96.0000 86.0000
5 10 7764 7384.0 Left-Thalamus 87.8494 9.8984 27.0000 109.0000 82.0000
6 11 3281 3180.0 Left-Caudate 76.9113 8.6430 46.0000 104.0000 58.0000
7 12 5634 5610.7 Left-Putamen 87.6818 5.7544 58.0000 105.0000 47.0000
8 13 2364 2352.4 Left-Pallidum 100.8693 4.5741 65.0000 121.0000 56.0000
9 14 1143 1237.6 3rd-Ventricle 36.9143 12.3948 17.0000 73.0000 56.0000
10 15 2052 2219.4 4th-Ventricle 33.3782 10.9461 13.0000 80.0000 67.0000
11 16 22049 21977.9 Brain-Stem 82.9075 9.9466 27.0000 111.0000 84.0000
12 17 4781 4615.2 Left-Hippocampus 68.1893 9.8648 12.0000 99.0000 87.0000
13 18 1829 1866.5 Left-Amygdala 71.5593 6.0245 48.0000 93.0000 45.0000
14 24 1790 1756.4 CSF 45.6682 13.8907 15.0000 103.0000 88.0000
15 26 525 527.9 Left-Accumbens-area 75.8819 5.5768 50.0000 90.0000 40.0000
16 28 4370 4147.4 Left-VentralDC 90.4423 11.8059 35.0000 113.0000 78.0000
17 30 2 6.8 Left-vessel 66.5000 2.1213 65.0000 68.0000 3.0000
18 31 869 780.3 Left-choroid-plexus 48.6041 11.2536 15.0000 85.0000 70.0000
19 43 15758 15828.2 Right-Lateral-Ventricle 27.2250 12.1432 9.0000 90.0000 81.0000
20 44 507 561.4 Right-Inf-Lat-Vent 42.6706 14.1641 13.0000 75.0000 62.0000
21 46 16267 17143.7 Right-Cerebellum-White-Matter 85.7850 5.9520 34.0000 105.0000 71.0000
22 47 67814 67557.8 Right-Cerebellum-Cortex 63.9474 11.1480 17.0000 97.0000 80.0000
23 49 7996 7632.5 Right-Thalamus 87.6912 9.5819 30.0000 106.0000 76.0000
24 50 3566 3521.8 Right-Caudate 74.5519 8.4126 36.0000 100.0000 64.0000
25 51 5925 5789.0 Right-Putamen 84.9887 6.0930 55.0000 105.0000 50.0000
26 52 2128 2110.1 Right-Pallidum 98.7049 3.8988 54.0000 113.0000 59.0000
27 53 5170 5017.2 Right-Hippocampus 69.3099 7.9103 27.0000 98.0000 71.0000
28 54 2079 2117.7 Right-Amygdala 70.1034 6.1458 40.0000 88.0000 48.0000
29 58 578 545.9 Right-Accumbens-area 74.4862 5.2955 56.0000 93.0000 37.0000
30 60 4387 4140.2 Right-VentralDC 90.1276 11.7502 29.0000 116.0000 87.0000
31 62 8 21.1 Right-vessel 64.7500 3.5757 58.0000 69.0000 11.0000
32 63 1253 1204.3 Right-choroid-plexus 47.3990 10.3341 20.0000 87.0000 67.0000
33 72 0 0.0 5th-Ventricle 0.0000 0.0000 0.0000 0.0000 0.0000
34 77 1387 1238.7 WM-hypointensities 70.7217 10.3863 36.0000 104.0000 68.0000
35 78 0 0.0 Left-WM-hypointensities 0.0000 0.0000 0.0000 0.0000 0.0000
36 79 0 0.0 Right-WM-hypointensities 0.0000 0.0000 0.0000 0.0000 0.0000
37 80 0 0.0 non-WM-hypointensities 0.0000 0.0000 0.0000 0.0000 0.0000
38 81 0 0.0 Left-non-WM-hypointensities 0.0000 0.0000 0.0000 0.0000 0.0000
39 82 0 0.0 Right-non-WM-hypointensities 0.0000 0.0000 0.0000 0.0000 0.0000
40 85 211 205.8 Optic-Chiasm 77.6398 17.6042 36.0000 109.0000 73.0000
41 251 1229 1174.1 CC_Posterior 97.1237 12.4487 31.0000 111.0000 80.0000
42 252 728 640.2 CC_Mid_Posterior 89.0701 18.9747 19.0000 113.0000 94.0000
43 253 621 551.9 CC_Central 95.2705 16.8091 41.0000 116.0000 75.0000
44 254 604 538.5 CC_Mid_Anterior 95.5281 16.3595 45.0000 115.0000 70.0000
45 255 1318 1234.1 CC_Anterior 97.3308 14.8580 40.0000 117.0000 77.0000
