Index SegId NVoxels Volume_mm3 StructName normMean normStdDev normMin normMax normRange
1 4 9197 9503.2 Left-Lateral-Ventricle 34.1046 11.7423 15.0000 85.0000 70.0000
2 5 274 355.0 Left-Inf-Lat-Vent 48.0328 12.9154 18.0000 75.0000 57.0000
3 7 18066 18479.3 Left-Cerebellum-White-Matter 85.2768 6.6451 21.0000 104.0000 83.0000
4 8 58732 58943.8 Left-Cerebellum-Cortex 63.5629 9.2705 21.0000 99.0000 78.0000
5 10 9001 8644.4 Left-Thalamus 88.4806 8.2801 40.0000 106.0000 66.0000
6 11 3495 3458.7 Left-Caudate 76.7082 7.3903 47.0000 98.0000 51.0000
7 12 4653 4681.7 Left-Putamen 87.5055 5.4925 62.0000 107.0000 45.0000
8 13 2140 2168.9 Left-Pallidum 99.9056 4.5407 60.0000 113.0000 53.0000
9 14 1018 1052.9 3rd-Ventricle 46.8438 13.6006 16.0000 86.0000 70.0000
10 15 989 1168.0 4th-Ventricle 39.5662 11.0081 21.0000 81.0000 60.0000
11 16 22152 21935.0 Brain-Stem 83.5653 9.5566 26.0000 114.0000 88.0000
12 17 4316 4178.1 Left-Hippocampus 72.3591 7.8972 42.0000 102.0000 60.0000
13 18 1705 1746.8 Left-Amygdala 71.0358 6.2672 50.0000 90.0000 40.0000
14 24 1100 1092.8 CSF 55.2673 13.2246 26.0000 101.0000 75.0000
15 26 565 578.8 Left-Accumbens-area 73.1911 4.2919 49.0000 88.0000 39.0000
16 28 4752 4587.9 Left-VentralDC 93.1016 9.7399 42.0000 112.0000 70.0000
17 30 5 11.2 Left-vessel 63.8000 3.1145 61.0000 69.0000 8.0000
18 31 541 483.6 Left-choroid-plexus 51.3420 11.8166 24.0000 81.0000 57.0000
19 43 6160 6402.3 Right-Lateral-Ventricle 37.1289 13.4101 16.0000 95.0000 79.0000
20 44 200 247.1 Right-Inf-Lat-Vent 41.6450 12.3292 15.0000 73.0000 58.0000
21 46 16841 17210.9 Right-Cerebellum-White-Matter 85.2861 6.2457 31.0000 104.0000 73.0000
22 47 59488 59627.1 Right-Cerebellum-Cortex 63.6620 9.2814 21.0000 97.0000 76.0000
23 49 8858 8498.7 Right-Thalamus 88.5755 8.1476 34.0000 106.0000 72.0000
24 50 3589 3544.6 Right-Caudate 75.3218 7.1402 43.0000 99.0000 56.0000
25 51 4783 4786.4 Right-Putamen 84.1988 6.1447 63.0000 101.0000 38.0000
26 52 1977 1929.7 Right-Pallidum 97.8118 4.9074 58.0000 111.0000 53.0000
27 53 4306 4289.9 Right-Hippocampus 70.5778 7.1520 31.0000 97.0000 66.0000
28 54 1780 1826.8 Right-Amygdala 68.5449 6.4666 38.0000 88.0000 50.0000
29 58 771 743.4 Right-Accumbens-area 72.3139 4.9609 58.0000 93.0000 35.0000
30 60 4857 4654.6 Right-VentralDC 91.9288 10.4423 35.0000 110.0000 75.0000
31 62 45 62.3 Right-vessel 55.4444 7.9446 39.0000 68.0000 29.0000
32 63 507 452.4 Right-choroid-plexus 54.6805 10.5937 27.0000 77.0000 50.0000
33 72 0 0.0 5th-Ventricle 0.0000 0.0000 0.0000 0.0000 0.0000
34 77 771 698.1 WM-hypointensities 71.0272 9.3026 43.0000 97.0000 54.0000
35 78 0 0.0 Left-WM-hypointensities 0.0000 0.0000 0.0000 0.0000 0.0000
36 79 0 0.0 Right-WM-hypointensities 0.0000 0.0000 0.0000 0.0000 0.0000
37 80 0 0.0 non-WM-hypointensities 0.0000 0.0000 0.0000 0.0000 0.0000
38 81 0 0.0 Left-non-WM-hypointensities 0.0000 0.0000 0.0000 0.0000 0.0000
39 82 0 0.0 Right-non-WM-hypointensities 0.0000 0.0000 0.0000 0.0000 0.0000
40 85 149 150.1 Optic-Chiasm 78.0201 14.6193 46.0000 104.0000 58.0000
41 251 1383 1318.1 CC_Posterior 97.6840 12.7817 38.0000 113.0000 75.0000
42 252 863 758.3 CC_Mid_Posterior 91.8806 14.6525 29.0000 111.0000 82.0000
43 253 742 676.3 CC_Central 91.9960 14.8977 45.0000 111.0000 66.0000
44 254 748 658.2 CC_Mid_Anterior 91.5428 16.2172 36.0000 112.0000 76.0000
45 255 981 926.2 CC_Anterior 100.4648 11.2600 39.0000 114.0000 75.0000
