Index SegId NVoxels Volume_mm3 StructName normMean normStdDev normMin normMax normRange
1 4 8931 9295.5 Left-Lateral-Ventricle 30.8421 11.5989 14.0000 88.0000 74.0000
2 5 322 378.7 Left-Inf-Lat-Vent 46.8696 14.5329 11.0000 80.0000 69.0000
3 7 20361 20527.8 Left-Cerebellum-White-Matter 84.7504 7.0586 35.0000 107.0000 72.0000
4 8 56783 57276.6 Left-Cerebellum-Cortex 61.5530 9.3738 15.0000 97.0000 82.0000
5 10 8715 8288.1 Left-Thalamus 86.9349 8.4279 40.0000 105.0000 65.0000
6 11 3464 3467.4 Left-Caudate 75.9229 7.2553 46.0000 100.0000 54.0000
7 12 4736 4783.8 Left-Putamen 86.0186 5.3248 69.0000 104.0000 35.0000
8 13 2283 2285.1 Left-Pallidum 98.8064 4.1824 63.0000 112.0000 49.0000
9 14 908 987.4 3rd-Ventricle 44.0452 12.2432 19.0000 78.0000 59.0000
10 15 976 1116.5 4th-Ventricle 37.9078 11.7156 18.0000 73.0000 55.0000
11 16 20912 20766.8 Brain-Stem 84.8182 9.2829 32.0000 112.0000 80.0000
12 17 4299 4201.8 Left-Hippocampus 70.3515 7.9807 32.0000 99.0000 67.0000
13 18 1666 1631.3 Left-Amygdala 70.5102 6.0751 38.0000 92.0000 54.0000
14 24 1078 1073.7 CSF 53.0046 12.8812 24.0000 101.0000 77.0000
15 26 545 570.2 Left-Accumbens-area 71.9780 3.9852 49.0000 85.0000 36.0000
16 28 4500 4262.3 Left-VentralDC 92.1727 9.8554 44.0000 114.0000 70.0000
17 30 8 13.2 Left-vessel 68.5000 2.5071 65.0000 73.0000 8.0000
18 31 724 614.5 Left-choroid-plexus 51.0207 11.9663 24.0000 78.0000 54.0000
19 43 6145 6394.6 Right-Lateral-Ventricle 34.9211 13.3302 10.0000 88.0000 78.0000
20 44 277 335.4 Right-Inf-Lat-Vent 45.0217 14.0418 12.0000 74.0000 62.0000
21 46 17117 17500.6 Right-Cerebellum-White-Matter 85.7554 6.2299 40.0000 106.0000 66.0000
22 47 59382 59535.4 Right-Cerebellum-Cortex 64.9428 9.2030 18.0000 98.0000 80.0000
23 49 8449 8086.9 Right-Thalamus 85.8943 8.1971 29.0000 104.0000 75.0000
24 50 3659 3593.2 Right-Caudate 76.2446 6.8930 47.0000 97.0000 50.0000
25 51 5003 4904.9 Right-Putamen 84.1357 5.9459 65.0000 104.0000 39.0000
26 52 2072 2074.3 Right-Pallidum 97.5734 4.2773 56.0000 107.0000 51.0000
27 53 4337 4235.6 Right-Hippocampus 72.1718 7.1516 42.0000 99.0000 57.0000
28 54 1776 1818.6 Right-Amygdala 70.3902 5.6691 49.0000 88.0000 39.0000
29 58 710 712.3 Right-Accumbens-area 72.8127 4.3917 58.0000 88.0000 30.0000
30 60 4718 4470.7 Right-VentralDC 91.0165 10.4768 37.0000 114.0000 77.0000
31 62 51 66.8 Right-vessel 58.0392 9.2390 38.0000 74.0000 36.0000
32 63 564 508.4 Right-choroid-plexus 54.6223 9.8751 24.0000 76.0000 52.0000
33 72 0 0.0 5th-Ventricle 0.0000 0.0000 0.0000 0.0000 0.0000
34 77 796 697.0 WM-hypointensities 69.1269 9.1389 41.0000 93.0000 52.0000
35 78 0 0.0 Left-WM-hypointensities 0.0000 0.0000 0.0000 0.0000 0.0000
36 79 0 0.0 Right-WM-hypointensities 0.0000 0.0000 0.0000 0.0000 0.0000
37 80 0 0.0 non-WM-hypointensities 0.0000 0.0000 0.0000 0.0000 0.0000
38 81 0 0.0 Left-non-WM-hypointensities 0.0000 0.0000 0.0000 0.0000 0.0000
39 82 0 0.0 Right-non-WM-hypointensities 0.0000 0.0000 0.0000 0.0000 0.0000
40 85 172 159.8 Optic-Chiasm 74.8314 16.5254 45.0000 104.0000 59.0000
41 251 1436 1355.9 CC_Posterior 97.4756 13.9993 25.0000 113.0000 88.0000
42 252 800 709.3 CC_Mid_Posterior 92.9962 14.6939 35.0000 112.0000 77.0000
43 253 567 507.9 CC_Central 94.5591 13.7854 40.0000 111.0000 71.0000
44 254 712 629.2 CC_Mid_Anterior 92.8567 14.7113 40.0000 109.0000 69.0000
45 255 1026 933.1 CC_Anterior 98.8168 13.8723 37.0000 118.0000 81.0000
