Index SegId NVoxels Volume_mm3 StructName normMean normStdDev normMin normMax normRange
1 4 12517 12844.8 Left-Lateral-Ventricle 31.9771 12.1139 8.0000 88.0000 80.0000
2 5 225 244.4 Left-Inf-Lat-Vent 41.1778 11.2220 20.0000 69.0000 49.0000
3 7 17907 18693.1 Left-Cerebellum-White-Matter 85.6337 6.5387 28.0000 106.0000 78.0000
4 8 65494 65373.0 Left-Cerebellum-Cortex 62.7757 11.2193 15.0000 96.0000 81.0000
5 10 7778 7393.3 Left-Thalamus 89.7827 9.5496 27.0000 109.0000 82.0000
6 11 3322 3169.2 Left-Caudate 78.2766 8.3742 41.0000 104.0000 63.0000
7 12 5461 5439.4 Left-Putamen 89.0474 5.4085 66.0000 109.0000 43.0000
8 13 2295 2305.6 Left-Pallidum 101.2392 3.8290 77.0000 117.0000 40.0000
9 14 1242 1312.3 3rd-Ventricle 40.0982 11.9475 20.0000 76.0000 56.0000
10 15 2022 2225.3 4th-Ventricle 35.9941 10.4270 17.0000 78.0000 61.0000
11 16 22045 21924.0 Brain-Stem 84.0502 9.9624 30.0000 110.0000 80.0000
12 17 4666 4474.5 Left-Hippocampus 68.7370 9.3146 22.0000 91.0000 69.0000
13 18 1760 1792.0 Left-Amygdala 73.0080 5.7032 45.0000 91.0000 46.0000
14 24 1888 1834.5 CSF 49.0789 14.1906 19.0000 109.0000 90.0000
15 26 493 511.9 Left-Accumbens-area 75.8438 4.0673 56.0000 87.0000 31.0000
16 28 4683 4522.4 Left-VentralDC 91.4211 11.8301 45.0000 113.0000 68.0000
17 30 3 10.2 Left-vessel 59.6667 5.1316 54.0000 64.0000 10.0000
18 31 926 870.7 Left-choroid-plexus 51.1101 10.5814 23.0000 76.0000 53.0000
19 43 15911 15998.1 Right-Lateral-Ventricle 30.3537 11.4549 15.0000 82.0000 67.0000
20 44 397 484.1 Right-Inf-Lat-Vent 43.2872 12.4427 18.0000 81.0000 63.0000
21 46 16566 17328.8 Right-Cerebellum-White-Matter 85.9310 6.0804 34.0000 105.0000 71.0000
22 47 68393 68278.0 Right-Cerebellum-Cortex 63.8696 10.8839 14.0000 96.0000 82.0000
23 49 7965 7630.4 Right-Thalamus 88.9913 9.3036 37.0000 108.0000 71.0000
24 50 3611 3535.1 Right-Caudate 76.8535 7.6966 41.0000 102.0000 61.0000
25 51 5701 5649.1 Right-Putamen 85.3627 5.7714 55.0000 107.0000 52.0000
26 52 2227 2193.9 Right-Pallidum 98.9165 3.9904 55.0000 113.0000 58.0000
27 53 5117 4996.5 Right-Hippocampus 70.1124 7.6364 32.0000 94.0000 62.0000
28 54 2019 2033.6 Right-Amygdala 70.1357 6.2038 38.0000 88.0000 50.0000
29 58 622 587.7 Right-Accumbens-area 75.7862 4.8192 59.0000 92.0000 33.0000
30 60 4556 4247.3 Right-VentralDC 90.6736 11.9754 34.0000 110.0000 76.0000
31 62 5 15.2 Right-vessel 64.8000 1.7888 63.0000 67.0000 4.0000
32 63 1240 1171.1 Right-choroid-plexus 49.3177 10.4240 24.0000 81.0000 57.0000
33 72 0 0.0 5th-Ventricle 0.0000 0.0000 0.0000 0.0000 0.0000
34 77 949 875.6 WM-hypointensities 71.6396 9.9467 42.0000 111.0000 69.0000
35 78 0 0.0 Left-WM-hypointensities 0.0000 0.0000 0.0000 0.0000 0.0000
36 79 0 0.0 Right-WM-hypointensities 0.0000 0.0000 0.0000 0.0000 0.0000
37 80 0 0.0 non-WM-hypointensities 0.0000 0.0000 0.0000 0.0000 0.0000
38 81 0 0.0 Left-non-WM-hypointensities 0.0000 0.0000 0.0000 0.0000 0.0000
39 82 0 0.0 Right-non-WM-hypointensities 0.0000 0.0000 0.0000 0.0000 0.0000
40 85 187 189.7 Optic-Chiasm 76.1176 14.8276 40.0000 100.0000 60.0000
41 251 1202 1160.1 CC_Posterior 99.5067 11.3661 48.0000 113.0000 65.0000
42 252 663 602.7 CC_Mid_Posterior 94.2278 18.1450 23.0000 121.0000 98.0000
43 253 682 581.6 CC_Central 93.0455 16.5551 41.0000 113.0000 72.0000
44 254 604 522.2 CC_Mid_Anterior 95.6325 15.6878 41.0000 113.0000 72.0000
45 255 1256 1193.2 CC_Anterior 99.5231 12.7708 42.0000 116.0000 74.0000
