Index SegId NVoxels Volume_mm3 StructName normMean normStdDev normMin normMax normRange
1 4 12319 12614.9 Left-Lateral-Ventricle 30.4724 12.3568 12.0000 89.0000 77.0000
2 5 389 403.1 Left-Inf-Lat-Vent 43.6195 13.9356 12.0000 81.0000 69.0000
3 7 18089 18853.0 Left-Cerebellum-White-Matter 85.4645 6.5695 26.0000 104.0000 78.0000
4 8 64282 64302.9 Left-Cerebellum-Cortex 62.3558 11.2664 13.0000 96.0000 83.0000
5 10 8082 7685.7 Left-Thalamus 87.9027 9.5982 31.0000 106.0000 75.0000
6 11 3317 3172.4 Left-Caudate 77.1492 8.6372 43.0000 109.0000 66.0000
7 12 5834 5796.3 Left-Putamen 87.3360 5.8836 64.0000 106.0000 42.0000
8 13 2174 2177.5 Left-Pallidum 100.2530 3.9988 76.0000 117.0000 41.0000
9 14 1229 1309.9 3rd-Ventricle 38.6339 11.8292 18.0000 77.0000 59.0000
10 15 2063 2245.1 4th-Ventricle 36.0141 10.4508 16.0000 79.0000 63.0000
11 16 22171 22014.2 Brain-Stem 83.3243 10.0511 27.0000 111.0000 84.0000
12 17 4760 4626.6 Left-Hippocampus 68.6345 9.2346 19.0000 97.0000 78.0000
13 18 1770 1779.6 Left-Amygdala 72.5994 6.5516 48.0000 95.0000 47.0000
14 24 1843 1801.0 CSF 47.1812 13.9208 18.0000 107.0000 89.0000
15 26 595 595.3 Left-Accumbens-area 74.1765 4.5933 51.0000 88.0000 37.0000
16 28 4620 4390.8 Left-VentralDC 89.8145 11.9719 28.0000 115.0000 87.0000
17 30 4 10.3 Left-vessel 65.7500 2.6300 62.0000 68.0000 6.0000
18 31 833 759.3 Left-choroid-plexus 48.8043 10.7720 20.0000 77.0000 57.0000
19 43 15713 15810.4 Right-Lateral-Ventricle 28.9252 11.8624 11.0000 85.0000 74.0000
20 44 399 491.0 Right-Inf-Lat-Vent 42.1003 12.1308 17.0000 76.0000 59.0000
21 46 15666 16595.8 Right-Cerebellum-White-Matter 85.8417 5.9799 30.0000 104.0000 74.0000
22 47 68629 68436.7 Right-Cerebellum-Cortex 64.4218 10.9029 19.0000 95.0000 76.0000
23 49 7762 7405.1 Right-Thalamus 87.4836 9.1932 28.0000 105.0000 77.0000
24 50 4392 4177.6 Right-Caudate 78.4085 10.8921 46.0000 106.0000 60.0000
25 51 5581 5554.4 Right-Putamen 84.6787 6.3478 54.0000 103.0000 49.0000
26 52 2154 2102.0 Right-Pallidum 98.0789 3.9979 80.0000 111.0000 31.0000
27 53 5071 4950.0 Right-Hippocampus 69.3782 7.9355 30.0000 94.0000 64.0000
28 54 1885 1918.8 Right-Amygdala 67.6281 6.9749 28.0000 89.0000 61.0000
29 58 638 577.3 Right-Accumbens-area 74.1944 6.4309 59.0000 97.0000 38.0000
30 60 4472 4212.5 Right-VentralDC 89.7802 11.7353 26.0000 114.0000 88.0000
31 62 4 15.1 Right-vessel 61.0000 3.5590 58.0000 66.0000 8.0000
32 63 1205 1151.0 Right-choroid-plexus 48.0199 10.2017 21.0000 76.0000 55.0000
33 72 0 0.0 5th-Ventricle 0.0000 0.0000 0.0000 0.0000 0.0000
34 77 1330 1236.8 WM-hypointensities 71.4602 10.4279 41.0000 103.0000 62.0000
35 78 0 0.0 Left-WM-hypointensities 0.0000 0.0000 0.0000 0.0000 0.0000
36 79 0 0.0 Right-WM-hypointensities 0.0000 0.0000 0.0000 0.0000 0.0000
37 80 0 0.0 non-WM-hypointensities 0.0000 0.0000 0.0000 0.0000 0.0000
38 81 0 0.0 Left-non-WM-hypointensities 0.0000 0.0000 0.0000 0.0000 0.0000
39 82 0 0.0 Right-non-WM-hypointensities 0.0000 0.0000 0.0000 0.0000 0.0000
40 85 198 200.4 Optic-Chiasm 77.5606 17.4988 34.0000 108.0000 74.0000
41 251 1208 1156.7 CC_Posterior 97.4180 12.0552 48.0000 110.0000 62.0000
42 252 704 630.3 CC_Mid_Posterior 89.9801 18.7420 22.0000 115.0000 93.0000
43 253 706 603.2 CC_Central 91.4688 17.9665 40.0000 114.0000 74.0000
44 254 601 541.8 CC_Mid_Anterior 96.6423 14.8021 42.0000 112.0000 70.0000
45 255 1330 1249.9 CC_Anterior 96.0248 14.2886 40.0000 112.0000 72.0000
