Index SegId NVoxels Volume_mm3 StructName normMean normStdDev normMin normMax normRange
1 4 12532 12832.7 Left-Lateral-Ventricle 29.2177 12.6105 7.0000 86.0000 79.0000
2 5 320 341.1 Left-Inf-Lat-Vent 38.1719 12.7670 16.0000 79.0000 63.0000
3 7 17291 18031.2 Left-Cerebellum-White-Matter 86.1124 6.8599 31.0000 107.0000 76.0000
4 8 66360 66335.4 Left-Cerebellum-Cortex 62.1452 11.2334 12.0000 102.0000 90.0000
5 10 8229 7979.8 Left-Thalamus 91.2855 9.2934 32.0000 114.0000 82.0000
6 11 3278 3173.0 Left-Caudate 77.1815 8.1724 44.0000 101.0000 57.0000
7 12 5494 5577.2 Left-Putamen 87.3362 5.3176 59.0000 107.0000 48.0000
8 13 2331 2279.5 Left-Pallidum 101.6697 4.7419 64.0000 121.0000 57.0000
9 14 1157 1232.0 3rd-Ventricle 36.5039 12.4627 15.0000 72.0000 57.0000
10 15 2012 2189.0 4th-Ventricle 33.7197 10.4117 16.0000 74.0000 58.0000
11 16 22307 22169.4 Brain-Stem 83.2593 10.3365 23.0000 113.0000 90.0000
12 17 4553 4410.2 Left-Hippocampus 69.6666 9.4410 21.0000 99.0000 78.0000
13 18 1924 1967.9 Left-Amygdala 72.1112 5.7120 49.0000 91.0000 42.0000
14 24 1852 1788.4 CSF 46.3672 13.8495 18.0000 103.0000 85.0000
15 26 479 495.3 Left-Accumbens-area 76.7098 4.7601 52.0000 89.0000 37.0000
16 28 4343 4197.9 Left-VentralDC 91.7711 12.5778 33.0000 118.0000 85.0000
17 30 0 0.0 Left-vessel 0.0000 0.0000 0.0000 0.0000 0.0000
18 31 893 848.0 Left-choroid-plexus 50.1355 10.7254 22.0000 80.0000 58.0000
19 43 15744 15886.5 Right-Lateral-Ventricle 28.0480 11.7525 10.0000 89.0000 79.0000
20 44 496 584.2 Right-Inf-Lat-Vent 43.7641 12.6070 16.0000 70.0000 54.0000
21 46 16297 17035.1 Right-Cerebellum-White-Matter 84.8492 5.9889 31.0000 104.0000 73.0000
22 47 71676 71733.3 Right-Cerebellum-Cortex 64.0724 10.8981 12.0000 96.0000 84.0000
23 49 7356 7039.5 Right-Thalamus 87.2155 9.3325 25.0000 107.0000 82.0000
24 50 3479 3414.9 Right-Caudate 75.0537 8.2438 35.0000 105.0000 70.0000
25 51 5835 5795.9 Right-Putamen 84.8278 5.7507 51.0000 102.0000 51.0000
26 52 2381 2354.8 Right-Pallidum 98.7509 4.5104 57.0000 116.0000 59.0000
27 53 4991 4870.1 Right-Hippocampus 70.8311 7.1802 33.0000 95.0000 62.0000
28 54 2063 2048.5 Right-Amygdala 71.0528 5.7353 44.0000 88.0000 44.0000
29 58 524 507.7 Right-Accumbens-area 75.6088 5.4025 44.0000 91.0000 47.0000
30 60 4523 4246.1 Right-VentralDC 89.5684 11.5445 34.0000 116.0000 82.0000
31 62 5 13.6 Right-vessel 61.6000 4.9800 53.0000 65.0000 12.0000
32 63 1195 1124.4 Right-choroid-plexus 48.0929 10.3860 21.0000 80.0000 59.0000
33 72 0 0.0 5th-Ventricle 0.0000 0.0000 0.0000 0.0000 0.0000
34 77 1320 1178.2 WM-hypointensities 70.2356 10.6587 39.0000 107.0000 68.0000
35 78 0 0.0 Left-WM-hypointensities 0.0000 0.0000 0.0000 0.0000 0.0000
36 79 0 0.0 Right-WM-hypointensities 0.0000 0.0000 0.0000 0.0000 0.0000
37 80 0 0.0 non-WM-hypointensities 0.0000 0.0000 0.0000 0.0000 0.0000
38 81 0 0.0 Left-non-WM-hypointensities 0.0000 0.0000 0.0000 0.0000 0.0000
39 82 0 0.0 Right-non-WM-hypointensities 0.0000 0.0000 0.0000 0.0000 0.0000
40 85 186 178.7 Optic-Chiasm 75.9624 18.3575 33.0000 108.0000 75.0000
41 251 1267 1196.1 CC_Posterior 99.4199 12.8151 44.0000 118.0000 74.0000
42 252 686 609.9 CC_Mid_Posterior 91.5423 18.6298 26.0000 115.0000 89.0000
43 253 646 559.6 CC_Central 92.7136 17.3732 26.0000 114.0000 88.0000
44 254 613 549.8 CC_Mid_Anterior 94.9674 15.4486 41.0000 113.0000 72.0000
45 255 1352 1231.6 CC_Anterior 97.4001 15.2314 34.0000 114.0000 80.0000
