Index SegId NVoxels Volume_mm3 StructName normMean normStdDev normMin normMax normRange
1 4 12867 13131.9 Left-Lateral-Ventricle 34.1489 11.8562 9.0000 82.0000 73.0000
2 5 353 399.5 Left-Inf-Lat-Vent 44.1756 12.6560 18.0000 82.0000 64.0000
3 7 17509 18287.1 Left-Cerebellum-White-Matter 85.7907 6.2764 32.0000 105.0000 73.0000
4 8 64097 63683.2 Left-Cerebellum-Cortex 63.9440 11.0790 11.0000 97.0000 86.0000
5 10 8413 8114.8 Left-Thalamus 89.0521 9.7486 24.0000 108.0000 84.0000
6 11 3200 3083.1 Left-Caudate 79.3978 8.6912 41.0000 108.0000 67.0000
7 12 5592 5530.0 Left-Putamen 87.1354 6.1736 64.0000 109.0000 45.0000
8 13 2187 2183.9 Left-Pallidum 99.2172 3.7494 76.0000 112.0000 36.0000
9 14 1259 1320.2 3rd-Ventricle 40.7387 10.7578 23.0000 79.0000 56.0000
10 15 2006 2154.6 4th-Ventricle 37.8539 10.5200 18.0000 76.0000 58.0000
11 16 22064 21762.0 Brain-Stem 83.3406 10.0960 20.0000 111.0000 91.0000
12 17 4533 4305.7 Left-Hippocampus 71.7022 9.3087 27.0000 99.0000 72.0000
13 18 1981 2039.7 Left-Amygdala 76.2857 5.8948 43.0000 93.0000 50.0000
14 24 1843 1797.0 CSF 50.3988 14.3666 15.0000 105.0000 90.0000
15 26 545 541.2 Left-Accumbens-area 74.8752 5.9284 56.0000 91.0000 35.0000
16 28 4389 4227.4 Left-VentralDC 90.8298 11.6436 41.0000 123.0000 82.0000
17 30 12 29.0 Left-vessel 65.5000 2.9388 62.0000 72.0000 10.0000
18 31 801 731.5 Left-choroid-plexus 52.1673 10.7753 24.0000 78.0000 54.0000
19 43 16222 16254.4 Right-Lateral-Ventricle 31.3816 11.5397 9.0000 91.0000 82.0000
20 44 443 519.6 Right-Inf-Lat-Vent 42.4176 12.3125 16.0000 77.0000 61.0000
21 46 15675 16478.0 Right-Cerebellum-White-Matter 87.1792 5.8842 39.0000 106.0000 67.0000
22 47 65688 65290.1 Right-Cerebellum-Cortex 63.9804 11.5369 11.0000 96.0000 85.0000
23 49 7853 7530.3 Right-Thalamus 87.9580 9.4348 29.0000 107.0000 78.0000
24 50 3658 3549.9 Right-Caudate 77.1785 8.1993 46.0000 102.0000 56.0000
25 51 6066 5917.6 Right-Putamen 86.0351 5.8749 58.0000 105.0000 47.0000
26 52 2292 2329.2 Right-Pallidum 98.4969 3.7628 77.0000 116.0000 39.0000
27 53 5082 4936.6 Right-Hippocampus 70.7918 7.8545 27.0000 93.0000 66.0000
28 54 2233 2238.6 Right-Amygdala 72.9127 5.9883 48.0000 91.0000 43.0000
29 58 557 529.5 Right-Accumbens-area 76.5476 5.6419 59.0000 92.0000 33.0000
30 60 4605 4359.4 Right-VentralDC 90.1868 12.1922 23.0000 114.0000 91.0000
31 62 5 16.0 Right-vessel 64.4000 4.5607 60.0000 71.0000 11.0000
32 63 1001 976.1 Right-choroid-plexus 49.0889 10.1752 25.0000 75.0000 50.0000
33 72 0 0.0 5th-Ventricle 0.0000 0.0000 0.0000 0.0000 0.0000
34 77 1067 1015.7 WM-hypointensities 72.2052 9.4535 49.0000 103.0000 54.0000
35 78 0 0.0 Left-WM-hypointensities 0.0000 0.0000 0.0000 0.0000 0.0000
36 79 0 0.0 Right-WM-hypointensities 0.0000 0.0000 0.0000 0.0000 0.0000
37 80 0 0.0 non-WM-hypointensities 0.0000 0.0000 0.0000 0.0000 0.0000
38 81 0 0.0 Left-non-WM-hypointensities 0.0000 0.0000 0.0000 0.0000 0.0000
39 82 0 0.0 Right-non-WM-hypointensities 0.0000 0.0000 0.0000 0.0000 0.0000
40 85 179 167.0 Optic-Chiasm 78.2402 20.6472 24.0000 114.0000 90.0000
41 251 1226 1163.4 CC_Posterior 97.2431 12.4653 42.0000 113.0000 71.0000
42 252 653 573.8 CC_Mid_Posterior 91.1240 17.2354 26.0000 116.0000 90.0000
43 253 672 573.5 CC_Central 93.5208 18.2805 44.0000 118.0000 74.0000
44 254 584 534.3 CC_Mid_Anterior 97.6986 15.3448 41.0000 119.0000 78.0000
45 255 1357 1235.8 CC_Anterior 95.8548 14.9659 41.0000 117.0000 76.0000
