Index SegId NVoxels Volume_mm3 StructName normMean normStdDev normMin normMax normRange
1 4 9000 9386.9 Left-Lateral-Ventricle 33.8000 11.5893 16.0000 83.0000 67.0000
2 5 217 283.0 Left-Inf-Lat-Vent 44.1014 12.2667 17.0000 72.0000 55.0000
3 7 17624 18055.0 Left-Cerebellum-White-Matter 85.7564 6.6741 22.0000 104.0000 82.0000
4 8 59445 59722.4 Left-Cerebellum-Cortex 63.6960 9.4021 22.0000 95.0000 73.0000
5 10 8653 8292.1 Left-Thalamus 88.2175 8.6132 36.0000 107.0000 71.0000
6 11 3524 3500.8 Left-Caudate 78.4004 7.4714 47.0000 102.0000 55.0000
7 12 4796 4792.0 Left-Putamen 89.3011 5.2908 70.0000 106.0000 36.0000
8 13 2278 2298.0 Left-Pallidum 101.5439 3.7652 74.0000 114.0000 40.0000
9 14 1048 1089.9 3rd-Ventricle 47.4132 12.9673 21.0000 94.0000 73.0000
10 15 1006 1183.0 4th-Ventricle 40.0169 11.8530 20.0000 81.0000 61.0000
11 16 22561 22367.1 Brain-Stem 83.8741 9.5595 26.0000 110.0000 84.0000
12 17 4306 4185.4 Left-Hippocampus 72.1853 7.9815 38.0000 101.0000 63.0000
13 18 1813 1864.2 Left-Amygdala 73.2543 6.3940 48.0000 93.0000 45.0000
14 24 1077 1074.9 CSF 55.8171 12.3046 28.0000 102.0000 74.0000
15 26 496 529.7 Left-Accumbens-area 75.0927 3.9695 60.0000 91.0000 31.0000
16 28 4858 4674.1 Left-VentralDC 92.7124 10.1729 38.0000 118.0000 80.0000
17 30 3 8.7 Left-vessel 69.6667 1.1549 69.0000 71.0000 2.0000
18 31 648 572.9 Left-choroid-plexus 51.5756 10.7741 26.0000 79.0000 53.0000
19 43 6141 6392.5 Right-Lateral-Ventricle 37.2218 13.0900 17.0000 102.0000 85.0000
20 44 222 268.3 Right-Inf-Lat-Vent 45.3964 12.9557 19.0000 79.0000 60.0000
21 46 16948 17263.2 Right-Cerebellum-White-Matter 85.5735 6.3267 27.0000 104.0000 77.0000
22 47 59579 59840.2 Right-Cerebellum-Cortex 63.9275 9.4593 23.0000 95.0000 72.0000
23 49 8872 8557.0 Right-Thalamus 88.4216 8.1584 33.0000 110.0000 77.0000
24 50 3651 3612.6 Right-Caudate 77.1942 7.0011 34.0000 98.0000 64.0000
25 51 5061 4998.5 Right-Putamen 85.2966 6.3445 47.0000 102.0000 55.0000
26 52 1997 1970.5 Right-Pallidum 98.5869 4.6171 61.0000 109.0000 48.0000
27 53 4366 4310.5 Right-Hippocampus 71.6377 7.2635 31.0000 100.0000 69.0000
28 54 1661 1692.3 Right-Amygdala 69.6839 6.7921 45.0000 90.0000 45.0000
29 58 681 677.6 Right-Accumbens-area 73.4112 4.6347 57.0000 90.0000 33.0000
30 60 4819 4619.9 Right-VentralDC 91.9946 10.3764 35.0000 110.0000 75.0000
31 62 27 41.4 Right-vessel 55.8519 8.5201 41.0000 71.0000 30.0000
32 63 544 470.1 Right-choroid-plexus 53.8989 11.3948 25.0000 83.0000 58.0000
33 72 0 0.0 5th-Ventricle 0.0000 0.0000 0.0000 0.0000 0.0000
34 77 791 687.8 WM-hypointensities 69.9368 10.1166 44.0000 101.0000 57.0000
35 78 0 0.0 Left-WM-hypointensities 0.0000 0.0000 0.0000 0.0000 0.0000
36 79 0 0.0 Right-WM-hypointensities 0.0000 0.0000 0.0000 0.0000 0.0000
37 80 0 0.0 non-WM-hypointensities 0.0000 0.0000 0.0000 0.0000 0.0000
38 81 0 0.0 Left-non-WM-hypointensities 0.0000 0.0000 0.0000 0.0000 0.0000
39 82 0 0.0 Right-non-WM-hypointensities 0.0000 0.0000 0.0000 0.0000 0.0000
40 85 153 161.9 Optic-Chiasm 78.4706 16.2792 31.0000 104.0000 73.0000
41 251 1402 1317.8 CC_Posterior 98.1234 13.4673 33.0000 112.0000 79.0000
42 252 866 775.7 CC_Mid_Posterior 92.3684 14.8559 33.0000 112.0000 79.0000
43 253 570 505.8 CC_Central 93.7035 15.8572 33.0000 115.0000 82.0000
44 254 648 583.4 CC_Mid_Anterior 94.5772 14.9026 44.0000 109.0000 65.0000
45 255 1022 978.2 CC_Anterior 101.3444 12.0280 35.0000 119.0000 84.0000
