Index SegId NVoxels Volume_mm3 StructName normMean normStdDev normMin normMax normRange
1 4 12360 12760.4 Left-Lateral-Ventricle 31.2511 12.2800 12.0000 93.0000 81.0000
2 5 258 280.6 Left-Inf-Lat-Vent 39.1589 12.9089 17.0000 77.0000 60.0000
3 7 18346 19305.7 Left-Cerebellum-White-Matter 86.7491 6.8388 33.0000 110.0000 77.0000
4 8 63351 63017.6 Left-Cerebellum-Cortex 63.4061 11.3141 14.0000 97.0000 83.0000
5 10 7779 7352.4 Left-Thalamus 87.7158 10.1823 24.0000 108.0000 84.0000
6 11 3093 3032.3 Left-Caudate 75.8445 8.3899 41.0000 99.0000 58.0000
7 12 5605 5556.5 Left-Putamen 88.1647 5.5813 62.0000 113.0000 51.0000
8 13 2297 2311.9 Left-Pallidum 100.2277 4.2109 77.0000 117.0000 40.0000
9 14 1188 1295.5 3rd-Ventricle 37.7365 11.3940 19.0000 71.0000 52.0000
10 15 2135 2335.0 4th-Ventricle 34.7911 10.5972 15.0000 72.0000 57.0000
11 16 22008 21800.6 Brain-Stem 83.4195 10.2893 25.0000 116.0000 91.0000
12 17 4550 4398.0 Left-Hippocampus 69.7178 9.5723 17.0000 104.0000 87.0000
13 18 1823 1899.3 Left-Amygdala 73.2962 5.6733 46.0000 91.0000 45.0000
14 24 1847 1803.4 CSF 47.0709 14.4426 18.0000 108.0000 90.0000
15 26 513 535.1 Left-Accumbens-area 74.4464 4.9408 51.0000 98.0000 47.0000
16 28 4477 4257.0 Left-VentralDC 90.7431 11.4189 39.0000 118.0000 79.0000
17 30 5 14.2 Left-vessel 73.0000 14.0178 65.0000 98.0000 33.0000
18 31 841 770.2 Left-choroid-plexus 48.6873 10.4425 18.0000 79.0000 61.0000
19 43 15747 15830.4 Right-Lateral-Ventricle 29.4530 11.8516 12.0000 94.0000 82.0000
20 44 415 472.0 Right-Inf-Lat-Vent 40.9349 11.7807 16.0000 71.0000 55.0000
21 46 18145 19012.3 Right-Cerebellum-White-Matter 86.8344 6.5950 37.0000 109.0000 72.0000
22 47 65908 65704.9 Right-Cerebellum-Cortex 64.5466 11.0744 17.0000 98.0000 81.0000
23 49 7907 7502.3 Right-Thalamus 87.5020 9.8480 31.0000 106.0000 75.0000
24 50 3548 3481.5 Right-Caudate 75.1559 8.4384 34.0000 102.0000 68.0000
25 51 5965 5830.4 Right-Putamen 85.4406 6.2877 50.0000 105.0000 55.0000
26 52 2103 2114.7 Right-Pallidum 98.8654 4.2389 55.0000 110.0000 55.0000
27 53 5153 5047.7 Right-Hippocampus 69.4857 7.5753 27.0000 94.0000 67.0000
28 54 2006 2039.2 Right-Amygdala 69.4297 6.4206 36.0000 88.0000 52.0000
29 58 646 640.7 Right-Accumbens-area 74.2322 4.9433 50.0000 93.0000 43.0000
30 60 4503 4189.7 Right-VentralDC 89.3833 11.6784 35.0000 111.0000 76.0000
31 62 9 22.3 Right-vessel 65.7778 4.3237 59.0000 72.0000 13.0000
32 63 1169 1124.2 Right-choroid-plexus 48.3764 10.1687 20.0000 75.0000 55.0000
33 72 0 0.0 5th-Ventricle 0.0000 0.0000 0.0000 0.0000 0.0000
34 77 1337 1181.9 WM-hypointensities 70.0247 10.0467 44.0000 104.0000 60.0000
35 78 0 0.0 Left-WM-hypointensities 0.0000 0.0000 0.0000 0.0000 0.0000
36 79 0 0.0 Right-WM-hypointensities 0.0000 0.0000 0.0000 0.0000 0.0000
37 80 0 0.0 non-WM-hypointensities 0.0000 0.0000 0.0000 0.0000 0.0000
38 81 0 0.0 Left-non-WM-hypointensities 0.0000 0.0000 0.0000 0.0000 0.0000
39 82 0 0.0 Right-non-WM-hypointensities 0.0000 0.0000 0.0000 0.0000 0.0000
40 85 198 199.6 Optic-Chiasm 75.6970 17.7260 31.0000 105.0000 74.0000
41 251 1228 1168.4 CC_Posterior 97.3404 12.8800 43.0000 112.0000 69.0000
42 252 694 625.5 CC_Mid_Posterior 90.1484 17.3918 26.0000 114.0000 88.0000
43 253 781 653.6 CC_Central 88.1575 19.0278 38.0000 113.0000 75.0000
44 254 646 566.5 CC_Mid_Anterior 93.9783 16.5972 40.0000 113.0000 73.0000
45 255 1320 1229.5 CC_Anterior 97.5015 14.0046 45.0000 119.0000 74.0000
