Index SegId NVoxels Volume_mm3 StructName normMean normStdDev normMin normMax normRange
1 4 12396 12727.9 Left-Lateral-Ventricle 29.4305 12.4251 9.0000 82.0000 73.0000
2 5 329 356.2 Left-Inf-Lat-Vent 36.6717 14.6525 8.0000 82.0000 74.0000
3 7 19049 19687.7 Left-Cerebellum-White-Matter 87.5895 7.3090 35.0000 110.0000 75.0000
4 8 63400 63281.6 Left-Cerebellum-Cortex 64.5656 11.4384 15.0000 104.0000 89.0000
5 10 8046 7696.3 Left-Thalamus 87.4260 9.7925 26.0000 110.0000 84.0000
6 11 3219 3107.6 Left-Caudate 76.1243 8.2549 44.0000 98.0000 54.0000
7 12 5576 5563.8 Left-Putamen 86.9344 5.4518 60.0000 112.0000 52.0000
8 13 2239 2219.9 Left-Pallidum 100.3184 4.6650 71.0000 119.0000 48.0000
9 14 1164 1243.6 3rd-Ventricle 36.2268 12.4334 15.0000 82.0000 67.0000
10 15 2059 2276.0 4th-Ventricle 34.8426 10.6487 16.0000 85.0000 69.0000
11 16 22541 22371.2 Brain-Stem 82.8782 10.2252 26.0000 110.0000 84.0000
12 17 4549 4349.8 Left-Hippocampus 67.9332 9.2396 16.0000 93.0000 77.0000
13 18 2008 2067.0 Left-Amygdala 70.8989 6.4119 46.0000 90.0000 44.0000
14 24 1901 1850.4 CSF 45.2525 14.5181 17.0000 103.0000 86.0000
15 26 535 538.7 Left-Accumbens-area 74.1084 4.6333 54.0000 89.0000 35.0000
16 28 4530 4325.2 Left-VentralDC 89.6658 12.0564 38.0000 111.0000 73.0000
17 30 10 18.5 Left-vessel 70.0000 2.4495 68.0000 75.0000 7.0000
18 31 764 711.2 Left-choroid-plexus 48.6401 10.9997 18.0000 81.0000 63.0000
19 43 15686 15825.8 Right-Lateral-Ventricle 27.3282 11.6394 7.0000 91.0000 84.0000
20 44 463 552.0 Right-Inf-Lat-Vent 42.1965 12.9112 17.0000 83.0000 66.0000
21 46 17110 17841.5 Right-Cerebellum-White-Matter 88.0288 6.6359 35.0000 111.0000 76.0000
22 47 65667 65363.3 Right-Cerebellum-Cortex 65.9739 11.3852 16.0000 105.0000 89.0000
23 49 8085 7729.5 Right-Thalamus 86.9020 9.2669 35.0000 106.0000 71.0000
24 50 3524 3459.9 Right-Caudate 74.0630 8.4172 39.0000 103.0000 64.0000
25 51 5869 5848.2 Right-Putamen 84.1580 6.2317 47.0000 104.0000 57.0000
26 52 2120 2087.4 Right-Pallidum 98.2283 4.7153 56.0000 115.0000 59.0000
27 53 5059 4910.0 Right-Hippocampus 69.2789 7.4259 31.0000 91.0000 60.0000
28 54 1995 2073.4 Right-Amygdala 68.6251 6.1567 44.0000 89.0000 45.0000
29 58 618 585.7 Right-Accumbens-area 72.2071 5.2012 47.0000 92.0000 45.0000
30 60 4415 4153.0 Right-VentralDC 88.6227 11.7179 31.0000 121.0000 90.0000
31 62 6 13.8 Right-vessel 63.6667 4.0332 60.0000 70.0000 10.0000
32 63 1111 1068.3 Right-choroid-plexus 47.5743 10.3629 15.0000 81.0000 66.0000
33 72 0 0.0 5th-Ventricle 0.0000 0.0000 0.0000 0.0000 0.0000
34 77 1519 1387.8 WM-hypointensities 69.9138 10.2861 43.0000 101.0000 58.0000
35 78 0 0.0 Left-WM-hypointensities 0.0000 0.0000 0.0000 0.0000 0.0000
36 79 0 0.0 Right-WM-hypointensities 0.0000 0.0000 0.0000 0.0000 0.0000
37 80 0 0.0 non-WM-hypointensities 0.0000 0.0000 0.0000 0.0000 0.0000
38 81 0 0.0 Left-non-WM-hypointensities 0.0000 0.0000 0.0000 0.0000 0.0000
39 82 0 0.0 Right-non-WM-hypointensities 0.0000 0.0000 0.0000 0.0000 0.0000
40 85 207 206.1 Optic-Chiasm 75.9227 19.0198 27.0000 110.0000 83.0000
41 251 1212 1166.7 CC_Posterior 97.5157 11.9230 47.0000 112.0000 65.0000
42 252 707 623.5 CC_Mid_Posterior 87.7426 19.2381 25.0000 113.0000 88.0000
43 253 672 580.1 CC_Central 92.3810 16.9029 40.0000 114.0000 74.0000
44 254 610 543.0 CC_Mid_Anterior 95.2033 16.6551 40.0000 112.0000 72.0000
45 255 1318 1239.5 CC_Anterior 96.6457 13.7854 31.0000 117.0000 86.0000
