Index SegId NVoxels Volume_mm3 StructName normMean normStdDev normMin normMax normRange
1 4 12366 12678.3 Left-Lateral-Ventricle 34.8307 11.9571 17.0000 82.0000 65.0000
2 5 292 319.0 Left-Inf-Lat-Vent 44.1336 14.4095 21.0000 91.0000 70.0000
3 7 17455 18266.1 Left-Cerebellum-White-Matter 85.6517 6.0864 33.0000 101.0000 68.0000
4 8 65467 65048.4 Left-Cerebellum-Cortex 66.4056 10.5347 17.0000 96.0000 79.0000
5 10 7799 7433.0 Left-Thalamus 90.1254 9.9650 30.0000 108.0000 78.0000
6 11 3111 2967.2 Left-Caudate 81.5256 8.0099 46.0000 106.0000 60.0000
7 12 5510 5483.9 Left-Putamen 89.2702 5.0552 64.0000 107.0000 43.0000
8 13 2309 2308.6 Left-Pallidum 100.8480 3.5516 78.0000 114.0000 36.0000
9 14 1222 1288.7 3rd-Ventricle 41.6187 10.9834 25.0000 85.0000 60.0000
10 15 2161 2348.3 4th-Ventricle 36.5752 10.5171 18.0000 73.0000 55.0000
11 16 21951 21572.3 Brain-Stem 82.9955 9.8644 24.0000 108.0000 84.0000
12 17 4677 4484.4 Left-Hippocampus 72.0071 9.3215 21.0000 100.0000 79.0000
13 18 1994 2023.3 Left-Amygdala 74.7974 5.7213 41.0000 93.0000 52.0000
14 24 1788 1717.6 CSF 50.2545 13.3191 26.0000 99.0000 73.0000
15 26 461 475.3 Left-Accumbens-area 81.2625 4.9394 54.0000 90.0000 36.0000
16 28 4746 4474.0 Left-VentralDC 89.4992 11.5057 33.0000 109.0000 76.0000
17 30 6 20.2 Left-vessel 66.8333 1.4719 65.0000 68.0000 3.0000
18 31 765 698.7 Left-choroid-plexus 51.4301 11.1803 22.0000 77.0000 55.0000
19 43 16027 16051.3 Right-Lateral-Ventricle 31.2393 11.7241 9.0000 99.0000 90.0000
20 44 386 431.4 Right-Inf-Lat-Vent 40.6762 12.8803 14.0000 76.0000 62.0000
21 46 16401 17076.0 Right-Cerebellum-White-Matter 85.4591 5.8209 36.0000 101.0000 65.0000
22 47 65224 64926.9 Right-Cerebellum-Cortex 63.7937 11.2567 11.0000 99.0000 88.0000
23 49 8292 7967.7 Right-Thalamus 90.3622 8.9469 34.0000 107.0000 73.0000
24 50 3488 3411.2 Right-Caudate 78.5568 7.7591 43.0000 103.0000 60.0000
25 51 5720 5654.0 Right-Putamen 87.7895 4.9268 48.0000 110.0000 62.0000
26 52 2227 2224.1 Right-Pallidum 98.4288 3.6092 62.0000 109.0000 47.0000
27 53 5088 4979.5 Right-Hippocampus 70.9581 7.6144 24.0000 95.0000 71.0000
28 54 2139 2144.2 Right-Amygdala 72.8897 5.8425 38.0000 90.0000 52.0000
29 58 622 599.0 Right-Accumbens-area 80.6190 4.7448 48.0000 95.0000 47.0000
30 60 4347 3995.2 Right-VentralDC 89.1686 11.7467 33.0000 112.0000 79.0000
31 62 5 14.7 Right-vessel 62.8000 2.7749 60.0000 67.0000 7.0000
32 63 843 776.4 Right-choroid-plexus 50.0249 11.2868 22.0000 76.0000 54.0000
33 72 0 0.0 5th-Ventricle 0.0000 0.0000 0.0000 0.0000 0.0000
34 77 900 811.1 WM-hypointensities 72.2978 9.8837 41.0000 100.0000 59.0000
35 78 0 0.0 Left-WM-hypointensities 0.0000 0.0000 0.0000 0.0000 0.0000
36 79 0 0.0 Right-WM-hypointensities 0.0000 0.0000 0.0000 0.0000 0.0000
37 80 0 0.0 non-WM-hypointensities 0.0000 0.0000 0.0000 0.0000 0.0000
38 81 0 0.0 Left-non-WM-hypointensities 0.0000 0.0000 0.0000 0.0000 0.0000
39 82 0 0.0 Right-non-WM-hypointensities 0.0000 0.0000 0.0000 0.0000 0.0000
40 85 187 182.1 Optic-Chiasm 78.0749 18.5172 32.0000 114.0000 82.0000
41 251 1226 1181.3 CC_Posterior 97.8891 12.1927 43.0000 111.0000 68.0000
42 252 744 659.8 CC_Mid_Posterior 90.9019 18.3022 28.0000 112.0000 84.0000
43 253 680 586.2 CC_Central 92.1588 15.5530 36.0000 110.0000 74.0000
44 254 628 558.1 CC_Mid_Anterior 94.5955 14.4594 40.0000 111.0000 71.0000
45 255 1337 1253.0 CC_Anterior 96.7584 12.9403 40.0000 112.0000 72.0000
