Index SegId NVoxels Volume_mm3 StructName normMean normStdDev normMin normMax normRange
1 4 8483 8826.3 Left-Lateral-Ventricle 36.6691 11.3137 18.0000 91.0000 73.0000
2 5 179 222.2 Left-Inf-Lat-Vent 48.9944 14.2385 22.0000 74.0000 52.0000
3 7 16329 16970.1 Left-Cerebellum-White-Matter 87.1256 5.4111 39.0000 106.0000 67.0000
4 8 58031 57841.0 Left-Cerebellum-Cortex 67.8577 9.2887 27.0000 96.0000 69.0000
5 10 9034 8673.9 Left-Thalamus 92.7017 8.0503 40.0000 108.0000 68.0000
6 11 3125 3156.8 Left-Caudate 80.6147 7.1080 54.0000 103.0000 49.0000
7 12 4746 4738.2 Left-Putamen 90.2735 5.4573 70.0000 106.0000 36.0000
8 13 2205 2186.2 Left-Pallidum 102.0236 3.7316 74.0000 115.0000 41.0000
9 14 955 977.3 3rd-Ventricle 49.0974 13.7446 23.0000 85.0000 62.0000
10 15 1088 1214.6 4th-Ventricle 42.6075 11.3655 18.0000 74.0000 56.0000
11 16 21425 21145.2 Brain-Stem 83.4771 9.1156 21.0000 107.0000 86.0000
12 17 4144 4042.4 Left-Hippocampus 74.3012 7.3164 37.0000 98.0000 61.0000
13 18 1822 1847.0 Left-Amygdala 73.5467 5.5740 44.0000 89.0000 45.0000
14 24 1076 1079.2 CSF 59.9108 14.4914 26.0000 109.0000 83.0000
15 26 523 570.8 Left-Accumbens-area 77.9331 4.4345 55.0000 89.0000 34.0000
16 28 4689 4465.1 Left-VentralDC 91.9490 9.8433 34.0000 111.0000 77.0000
17 30 3 8.3 Left-vessel 67.3333 4.6188 62.0000 70.0000 8.0000
18 31 535 506.0 Left-choroid-plexus 53.2598 10.5965 28.0000 80.0000 52.0000
19 43 5919 6124.0 Right-Lateral-Ventricle 39.9091 13.3356 17.0000 91.0000 74.0000
20 44 206 264.0 Right-Inf-Lat-Vent 45.2573 11.7181 23.0000 82.0000 59.0000
21 46 15709 16213.3 Right-Cerebellum-White-Matter 86.4141 5.4727 38.0000 103.0000 65.0000
22 47 56854 56936.2 Right-Cerebellum-Cortex 64.8659 10.2016 12.0000 96.0000 84.0000
23 49 8483 8158.2 Right-Thalamus 92.2361 7.6085 37.0000 109.0000 72.0000
24 50 3504 3511.1 Right-Caudate 78.6059 6.6710 49.0000 97.0000 48.0000
25 51 4829 4793.7 Right-Putamen 87.1056 6.1474 37.0000 102.0000 65.0000
26 52 2133 2094.7 Right-Pallidum 99.4712 4.1184 51.0000 109.0000 58.0000
27 53 4438 4371.3 Right-Hippocampus 73.0239 6.9388 34.0000 100.0000 66.0000
28 54 1850 1898.7 Right-Amygdala 71.2189 6.2278 34.0000 88.0000 54.0000
29 58 685 681.1 Right-Accumbens-area 77.1241 4.4790 56.0000 97.0000 41.0000
30 60 4786 4513.9 Right-VentralDC 90.5606 10.5293 29.0000 110.0000 81.0000
31 62 9 16.1 Right-vessel 59.4444 9.1803 46.0000 70.0000 24.0000
32 63 397 352.7 Right-choroid-plexus 56.2670 11.6586 23.0000 84.0000 61.0000
33 72 0 0.0 5th-Ventricle 0.0000 0.0000 0.0000 0.0000 0.0000
34 77 620 580.4 WM-hypointensities 70.7274 9.5909 47.0000 105.0000 58.0000
35 78 0 0.0 Left-WM-hypointensities 0.0000 0.0000 0.0000 0.0000 0.0000
36 79 0 0.0 Right-WM-hypointensities 0.0000 0.0000 0.0000 0.0000 0.0000
37 80 0 0.0 non-WM-hypointensities 0.0000 0.0000 0.0000 0.0000 0.0000
38 81 0 0.0 Left-non-WM-hypointensities 0.0000 0.0000 0.0000 0.0000 0.0000
39 82 0 0.0 Right-non-WM-hypointensities 0.0000 0.0000 0.0000 0.0000 0.0000
40 85 115 110.6 Optic-Chiasm 71.5565 16.2698 35.0000 98.0000 63.0000
41 251 1424 1370.6 CC_Posterior 98.2907 13.2177 31.0000 111.0000 80.0000
42 252 878 755.8 CC_Mid_Posterior 91.6264 16.1592 29.0000 117.0000 88.0000
43 253 784 712.4 CC_Central 92.3878 13.9885 43.0000 113.0000 70.0000
44 254 722 631.7 CC_Mid_Anterior 92.1551 13.5921 39.0000 106.0000 67.0000
45 255 973 894.1 CC_Anterior 97.8325 12.7746 33.0000 116.0000 83.0000
