Index SegId NVoxels Volume_mm3 StructName normMean normStdDev normMin normMax normRange
1 4 12327 12704.1 Left-Lateral-Ventricle 29.4967 12.2014 10.0000 88.0000 78.0000
2 5 383 399.9 Left-Inf-Lat-Vent 42.5457 13.7368 13.0000 76.0000 63.0000
3 7 19142 19830.8 Left-Cerebellum-White-Matter 84.6136 6.9376 28.0000 109.0000 81.0000
4 8 64394 64128.6 Left-Cerebellum-Cortex 62.6166 11.1353 13.0000 102.0000 89.0000
5 10 7830 7441.9 Left-Thalamus 87.6041 9.8041 26.0000 108.0000 82.0000
6 11 3313 3203.2 Left-Caudate 77.2629 8.4275 47.0000 106.0000 59.0000
7 12 5817 5765.3 Left-Putamen 87.3933 5.5031 63.0000 110.0000 47.0000
8 13 2221 2236.7 Left-Pallidum 100.1643 4.2324 56.0000 120.0000 64.0000
9 14 1219 1300.8 3rd-Ventricle 37.7211 12.2844 16.0000 73.0000 57.0000
10 15 2086 2266.0 4th-Ventricle 33.7622 10.3432 16.0000 74.0000 58.0000
11 16 22407 22208.0 Brain-Stem 82.1448 10.3236 20.0000 115.0000 95.0000
12 17 4853 4708.9 Left-Hippocampus 68.8055 9.2706 13.0000 92.0000 79.0000
13 18 1848 1884.2 Left-Amygdala 72.2029 6.1655 47.0000 92.0000 45.0000
14 24 1853 1787.6 CSF 46.4544 14.2084 19.0000 107.0000 88.0000
15 26 506 509.3 Left-Accumbens-area 75.5632 4.2151 55.0000 90.0000 35.0000
16 28 4669 4482.0 Left-VentralDC 90.1210 11.6342 38.0000 116.0000 78.0000
17 30 2 6.1 Left-vessel 59.0000 2.8284 57.0000 61.0000 4.0000
18 31 921 848.6 Left-choroid-plexus 48.8914 10.5256 20.0000 78.0000 58.0000
19 43 15853 15996.8 Right-Lateral-Ventricle 27.8424 11.6827 9.0000 90.0000 81.0000
20 44 435 512.9 Right-Inf-Lat-Vent 41.8782 13.6450 14.0000 82.0000 68.0000
21 46 17397 18123.6 Right-Cerebellum-White-Matter 85.9756 6.4124 30.0000 108.0000 78.0000
22 47 68506 67929.0 Right-Cerebellum-Cortex 65.0515 11.0757 15.0000 98.0000 83.0000
23 49 7980 7605.9 Right-Thalamus 87.3544 9.8075 35.0000 107.0000 72.0000
24 50 3635 3586.5 Right-Caudate 74.9524 8.5998 30.0000 103.0000 73.0000
25 51 5937 5831.7 Right-Putamen 85.4322 6.1407 56.0000 105.0000 49.0000
26 52 2125 2090.1 Right-Pallidum 98.8955 4.0187 79.0000 114.0000 35.0000
27 53 5042 4961.1 Right-Hippocampus 69.6587 8.0643 21.0000 98.0000 77.0000
28 54 2037 2039.1 Right-Amygdala 69.3373 6.4633 33.0000 89.0000 56.0000
29 58 625 600.7 Right-Accumbens-area 74.9120 5.0704 50.0000 95.0000 45.0000
30 60 4591 4339.6 Right-VentralDC 89.8693 11.5301 41.0000 116.0000 75.0000
31 62 6 22.5 Right-vessel 61.5000 2.4290 58.0000 65.0000 7.0000
32 63 1167 1086.4 Right-choroid-plexus 47.6230 10.6930 22.0000 78.0000 56.0000
33 72 0 0.0 5th-Ventricle 0.0000 0.0000 0.0000 0.0000 0.0000
34 77 1266 1136.4 WM-hypointensities 71.4013 10.7309 37.0000 105.0000 68.0000
35 78 0 0.0 Left-WM-hypointensities 0.0000 0.0000 0.0000 0.0000 0.0000
36 79 0 0.0 Right-WM-hypointensities 0.0000 0.0000 0.0000 0.0000 0.0000
37 80 0 0.0 non-WM-hypointensities 0.0000 0.0000 0.0000 0.0000 0.0000
38 81 0 0.0 Left-non-WM-hypointensities 0.0000 0.0000 0.0000 0.0000 0.0000
39 82 0 0.0 Right-non-WM-hypointensities 0.0000 0.0000 0.0000 0.0000 0.0000
40 85 198 192.0 Optic-Chiasm 75.6263 18.7116 27.0000 113.0000 86.0000
41 251 1205 1161.0 CC_Posterior 98.0100 12.6681 41.0000 114.0000 73.0000
42 252 711 620.1 CC_Mid_Posterior 90.1702 19.7035 24.0000 115.0000 91.0000
43 253 648 567.9 CC_Central 94.5154 17.4626 25.0000 116.0000 91.0000
44 254 594 531.4 CC_Mid_Anterior 96.6919 16.0256 40.0000 117.0000 77.0000
45 255 1298 1232.4 CC_Anterior 98.1032 13.7539 41.0000 115.0000 74.0000
