Index SegId NVoxels Volume_mm3 StructName normMean normStdDev normMin normMax normRange
1 4 3329 3674.1 Left-Lateral-Ventricle 39.3869 13.3870 14.0000 90.0000 76.0000
2 5 76 103.8 Left-Inf-Lat-Vent 53.5921 11.2038 30.0000 74.0000 44.0000
3 7 14244 14801.1 Left-Cerebellum-White-Matter 85.6252 6.0745 37.0000 104.0000 67.0000
4 8 47185 46939.1 Left-Cerebellum-Cortex 62.1366 10.0184 6.0000 92.0000 86.0000
5 10 7656 7425.5 Left-Thalamus 90.3459 8.5523 43.0000 110.0000 67.0000
6 11 3494 3471.4 Left-Caudate 78.2335 6.4395 53.0000 101.0000 48.0000
7 12 4531 4496.3 Left-Putamen 87.0333 5.7273 65.0000 103.0000 38.0000
8 13 1908 1898.3 Left-Pallidum 99.1520 3.4859 83.0000 110.0000 27.0000
9 14 551 639.0 3rd-Ventricle 52.5245 12.5844 24.0000 88.0000 64.0000
10 15 814 949.7 4th-Ventricle 35.2518 12.3350 13.0000 79.0000 66.0000
11 16 19295 19109.0 Brain-Stem 83.9860 8.8573 29.0000 106.0000 77.0000
12 17 3980 3883.9 Left-Hippocampus 64.8641 7.8440 31.0000 96.0000 65.0000
13 18 1503 1515.6 Left-Amygdala 67.5309 5.4370 43.0000 87.0000 44.0000
14 24 896 919.9 CSF 51.2567 13.3997 23.0000 100.0000 77.0000
15 26 556 567.4 Left-Accumbens-area 76.8363 3.9419 59.0000 88.0000 29.0000
16 28 3960 3818.6 Left-VentralDC 91.4187 9.2836 44.0000 111.0000 67.0000
17 30 19 33.8 Left-vessel 62.2105 5.7308 53.0000 71.0000 18.0000
18 31 362 337.2 Left-choroid-plexus 54.4309 12.3959 30.0000 80.0000 50.0000
19 43 3192 3433.0 Right-Lateral-Ventricle 37.6999 13.9952 13.0000 90.0000 77.0000
20 44 361 408.9 Right-Inf-Lat-Vent 39.4986 13.5409 5.0000 79.0000 74.0000
21 46 13680 14186.7 Right-Cerebellum-White-Matter 85.5649 6.0732 39.0000 108.0000 69.0000
22 47 47485 47184.2 Right-Cerebellum-Cortex 62.9791 9.9659 11.0000 96.0000 85.0000
23 49 6911 6598.9 Right-Thalamus 88.9026 8.3848 42.0000 108.0000 66.0000
24 50 3428 3513.3 Right-Caudate 77.6158 6.4204 49.0000 99.0000 50.0000
25 51 4385 4428.2 Right-Putamen 86.5567 6.1556 60.0000 104.0000 44.0000
26 52 1936 1889.3 Right-Pallidum 99.2521 3.8907 74.0000 110.0000 36.0000
27 53 4075 3982.6 Right-Hippocampus 66.5055 7.9306 30.0000 93.0000 63.0000
28 54 1700 1678.3 Right-Amygdala 70.4565 5.8934 44.0000 94.0000 50.0000
29 58 560 571.2 Right-Accumbens-area 77.1161 4.2294 59.0000 90.0000 31.0000
30 60 4015 3789.7 Right-VentralDC 91.8844 10.3664 35.0000 114.0000 79.0000
31 62 2 7.0 Right-vessel 58.0000 1.4142 57.0000 59.0000 2.0000
32 63 568 527.5 Right-choroid-plexus 53.6884 12.2801 22.0000 88.0000 66.0000
33 72 0 0.0 5th-Ventricle 0.0000 0.0000 0.0000 0.0000 0.0000
34 77 896 885.5 WM-hypointensities 71.0592 9.5404 22.0000 104.0000 82.0000
35 78 0 0.0 Left-WM-hypointensities 0.0000 0.0000 0.0000 0.0000 0.0000
36 79 0 0.0 Right-WM-hypointensities 0.0000 0.0000 0.0000 0.0000 0.0000
37 80 0 0.0 non-WM-hypointensities 0.0000 0.0000 0.0000 0.0000 0.0000
38 81 0 0.0 Left-non-WM-hypointensities 0.0000 0.0000 0.0000 0.0000 0.0000
39 82 0 0.0 Right-non-WM-hypointensities 0.0000 0.0000 0.0000 0.0000 0.0000
40 85 158 146.1 Optic-Chiasm 84.9684 17.7604 47.0000 112.0000 65.0000
41 251 1040 989.9 CC_Posterior 98.9442 12.4535 40.0000 110.0000 70.0000
42 252 560 495.4 CC_Mid_Posterior 96.6000 14.2665 32.0000 112.0000 80.0000
43 253 728 661.6 CC_Central 94.0632 13.7227 36.0000 109.0000 73.0000
44 254 685 594.8 CC_Mid_Anterior 91.2321 15.4212 44.0000 109.0000 65.0000
45 255 874 805.0 CC_Anterior 97.0789 11.4776 40.0000 110.0000 70.0000
