Index SegId NVoxels Volume_mm3 StructName normMean normStdDev normMin normMax normRange
1 4 2941 3265.8 Left-Lateral-Ventricle 38.1894 13.9475 6.0000 85.0000 79.0000
2 5 58 88.8 Left-Inf-Lat-Vent 60.0000 8.0568 41.0000 75.0000 34.0000
3 7 15423 15922.4 Left-Cerebellum-White-Matter 84.2061 5.2981 37.0000 96.0000 59.0000
4 8 46577 46364.7 Left-Cerebellum-Cortex 65.0005 9.0631 16.0000 93.0000 77.0000
5 10 7561 7330.7 Left-Thalamus 91.6761 8.3113 40.0000 110.0000 70.0000
6 11 3356 3393.2 Left-Caudate 79.4943 6.9008 51.0000 102.0000 51.0000
7 12 4201 4244.8 Left-Putamen 88.5396 5.4676 58.0000 104.0000 46.0000
8 13 1879 1855.1 Left-Pallidum 99.5966 3.2607 77.0000 109.0000 32.0000
9 14 467 543.4 3rd-Ventricle 51.1563 13.4716 18.0000 82.0000 64.0000
10 15 820 962.1 4th-Ventricle 40.2841 10.5829 18.0000 69.0000 51.0000
11 16 18741 18548.7 Brain-Stem 83.0853 8.9201 23.0000 107.0000 84.0000
12 17 3929 3840.2 Left-Hippocampus 69.5793 6.8623 43.0000 97.0000 54.0000
13 18 1512 1530.4 Left-Amygdala 71.0628 5.7903 46.0000 97.0000 51.0000
14 24 809 834.4 CSF 53.2905 13.6633 21.0000 96.0000 75.0000
15 26 469 487.2 Left-Accumbens-area 77.5501 3.5668 66.0000 88.0000 22.0000
16 28 4102 3874.8 Left-VentralDC 92.1828 9.2973 33.0000 111.0000 78.0000
17 30 11 21.1 Left-vessel 62.6364 5.5004 55.0000 74.0000 19.0000
18 31 352 330.5 Left-choroid-plexus 55.0341 12.5747 26.0000 85.0000 59.0000
19 43 3176 3431.6 Right-Lateral-Ventricle 37.9014 13.8702 11.0000 82.0000 71.0000
20 44 309 354.2 Right-Inf-Lat-Vent 40.5825 11.7151 14.0000 75.0000 61.0000
21 46 13742 14326.9 Right-Cerebellum-White-Matter 84.7743 4.8002 38.0000 99.0000 61.0000
22 47 47181 46700.4 Right-Cerebellum-Cortex 66.4825 9.0545 17.0000 96.0000 79.0000
23 49 6950 6576.5 Right-Thalamus 89.5623 8.2020 42.0000 106.0000 64.0000
24 50 3287 3357.2 Right-Caudate 79.1938 6.6612 48.0000 97.0000 49.0000
25 51 4437 4495.9 Right-Putamen 88.4402 6.1111 56.0000 105.0000 49.0000
26 52 1862 1813.8 Right-Pallidum 99.7626 3.3509 77.0000 108.0000 31.0000
27 53 4220 4095.9 Right-Hippocampus 69.4671 7.5096 32.0000 102.0000 70.0000
28 54 1679 1743.9 Right-Amygdala 71.6176 5.4374 49.0000 93.0000 44.0000
29 58 560 542.7 Right-Accumbens-area 78.3286 4.4653 59.0000 92.0000 33.0000
30 60 4164 3915.0 Right-VentralDC 92.6847 9.6678 39.0000 112.0000 73.0000
31 62 2 6.1 Right-vessel 64.5000 0.7071 64.0000 65.0000 1.0000
32 63 425 390.9 Right-choroid-plexus 55.6259 12.6478 30.0000 90.0000 60.0000
33 72 0 0.0 5th-Ventricle 0.0000 0.0000 0.0000 0.0000 0.0000
34 77 1832 1848.2 WM-hypointensities 71.8979 9.7968 29.0000 111.0000 82.0000
35 78 0 0.0 Left-WM-hypointensities 0.0000 0.0000 0.0000 0.0000 0.0000
36 79 0 0.0 Right-WM-hypointensities 0.0000 0.0000 0.0000 0.0000 0.0000
37 80 0 0.0 non-WM-hypointensities 0.0000 0.0000 0.0000 0.0000 0.0000
38 81 0 0.0 Left-non-WM-hypointensities 0.0000 0.0000 0.0000 0.0000 0.0000
39 82 0 0.0 Right-non-WM-hypointensities 0.0000 0.0000 0.0000 0.0000 0.0000
40 85 154 145.6 Optic-Chiasm 83.2078 16.8141 46.0000 113.0000 67.0000
41 251 1072 991.9 CC_Posterior 97.7136 13.5674 43.0000 112.0000 69.0000
42 252 607 532.7 CC_Mid_Posterior 95.2867 15.0185 36.0000 113.0000 77.0000
43 253 742 678.4 CC_Central 96.1658 11.9036 45.0000 109.0000 64.0000
44 254 722 644.4 CC_Mid_Anterior 91.2050 15.2968 40.0000 109.0000 69.0000
45 255 847 802.5 CC_Anterior 98.3932 11.3925 48.0000 110.0000 62.0000
