Index SegId NVoxels Volume_mm3 StructName normMean normStdDev normMin normMax normRange
1 4 3207 3593.6 Left-Lateral-Ventricle 36.5120 13.8582 10.0000 89.0000 79.0000
2 5 91 129.1 Left-Inf-Lat-Vent 55.3736 10.1387 34.0000 72.0000 38.0000
3 7 15434 16123.8 Left-Cerebellum-White-Matter 84.2960 6.3685 33.0000 104.0000 71.0000
4 8 49029 48996.9 Left-Cerebellum-Cortex 60.5598 9.6328 10.0000 88.0000 78.0000
5 10 7051 6694.9 Left-Thalamus 88.0381 8.7389 36.0000 106.0000 70.0000
6 11 3504 3523.0 Left-Caudate 77.6130 6.6671 47.0000 99.0000 52.0000
7 12 4299 4309.9 Left-Putamen 87.4136 5.5437 59.0000 104.0000 45.0000
8 13 1973 1971.5 Left-Pallidum 99.6199 3.5019 82.0000 109.0000 27.0000
9 14 515 616.5 3rd-Ventricle 48.5359 11.8063 20.0000 79.0000 59.0000
10 15 800 936.4 4th-Ventricle 36.8812 11.5994 15.0000 78.0000 63.0000
11 16 18280 18242.3 Brain-Stem 84.4534 8.9696 27.0000 108.0000 81.0000
12 17 3946 3849.3 Left-Hippocampus 68.0568 7.4391 41.0000 98.0000 57.0000
13 18 1471 1458.7 Left-Amygdala 68.9470 6.1814 44.0000 88.0000 44.0000
14 24 764 818.3 CSF 49.7382 12.3348 18.0000 79.0000 61.0000
15 26 434 440.6 Left-Accumbens-area 73.9585 3.5611 63.0000 86.0000 23.0000
16 28 4091 3897.6 Left-VentralDC 91.8030 10.0667 43.0000 110.0000 67.0000
17 30 18 27.8 Left-vessel 61.7778 4.8088 56.0000 72.0000 16.0000
18 31 394 377.9 Left-choroid-plexus 53.8553 13.3507 23.0000 85.0000 62.0000
19 43 3234 3528.6 Right-Lateral-Ventricle 35.6704 13.9634 12.0000 89.0000 77.0000
20 44 417 484.6 Right-Inf-Lat-Vent 45.7818 14.3206 11.0000 76.0000 65.0000
21 46 14747 15369.8 Right-Cerebellum-White-Matter 84.6761 6.2249 38.0000 103.0000 65.0000
22 47 50100 50038.7 Right-Cerebellum-Cortex 61.3461 9.9826 11.0000 91.0000 80.0000
23 49 7076 6695.9 Right-Thalamus 87.0644 8.4282 39.0000 106.0000 67.0000
24 50 3408 3452.4 Right-Caudate 77.6576 6.2557 50.0000 98.0000 48.0000
25 51 4764 4675.9 Right-Putamen 86.3008 5.9951 61.0000 104.0000 43.0000
26 52 1895 1894.9 Right-Pallidum 98.8069 3.1513 81.0000 107.0000 26.0000
27 53 3986 3902.6 Right-Hippocampus 68.7434 7.1956 39.0000 99.0000 60.0000
28 54 1642 1650.3 Right-Amygdala 69.0347 6.1815 42.0000 87.0000 45.0000
29 58 614 600.4 Right-Accumbens-area 74.0863 5.0019 54.0000 92.0000 38.0000
30 60 4248 4011.2 Right-VentralDC 91.1048 10.4618 38.0000 110.0000 72.0000
31 62 3 10.7 Right-vessel 63.6667 3.7859 61.0000 68.0000 7.0000
32 63 553 508.0 Right-choroid-plexus 52.8264 11.6395 25.0000 82.0000 57.0000
33 72 0 0.0 5th-Ventricle 0.0000 0.0000 0.0000 0.0000 0.0000
34 77 985 980.6 WM-hypointensities 68.6193 10.5689 16.0000 97.0000 81.0000
35 78 0 0.0 Left-WM-hypointensities 0.0000 0.0000 0.0000 0.0000 0.0000
36 79 0 0.0 Right-WM-hypointensities 0.0000 0.0000 0.0000 0.0000 0.0000
37 80 0 0.0 non-WM-hypointensities 0.0000 0.0000 0.0000 0.0000 0.0000
38 81 0 0.0 Left-non-WM-hypointensities 0.0000 0.0000 0.0000 0.0000 0.0000
39 82 0 0.0 Right-non-WM-hypointensities 0.0000 0.0000 0.0000 0.0000 0.0000
40 85 168 170.4 Optic-Chiasm 80.7024 15.6808 36.0000 104.0000 68.0000
41 251 1089 1011.6 CC_Posterior 99.3581 14.5156 39.0000 115.0000 76.0000
42 252 591 517.5 CC_Mid_Posterior 94.0355 16.4143 33.0000 111.0000 78.0000
43 253 728 668.0 CC_Central 92.8420 12.8154 42.0000 110.0000 68.0000
44 254 639 568.0 CC_Mid_Anterior 91.2770 14.7086 41.0000 109.0000 68.0000
45 255 874 820.1 CC_Anterior 99.3638 12.1547 42.0000 111.0000 69.0000
