Index SegId NVoxels Volume_mm3 StructName normMean normStdDev normMin normMax normRange
1 4 3299 3665.9 Left-Lateral-Ventricle 36.1355 13.5565 10.0000 87.0000 77.0000
2 5 89 131.7 Left-Inf-Lat-Vent 50.5506 10.5357 19.0000 75.0000 56.0000
3 7 15640 16311.6 Left-Cerebellum-White-Matter 84.4909 6.2154 39.0000 102.0000 63.0000
4 8 47936 47713.0 Left-Cerebellum-Cortex 63.0773 9.6320 13.0000 93.0000 80.0000
5 10 7266 6887.6 Left-Thalamus 85.9021 8.8405 33.0000 106.0000 73.0000
6 11 3524 3504.0 Left-Caudate 75.9291 7.2661 43.0000 103.0000 60.0000
7 12 4599 4499.4 Left-Putamen 86.9591 5.8285 55.0000 106.0000 51.0000
8 13 1956 1988.7 Left-Pallidum 98.2633 3.9705 80.0000 110.0000 30.0000
9 14 500 604.6 3rd-Ventricle 47.3680 12.3833 17.0000 81.0000 64.0000
10 15 854 982.9 4th-Ventricle 36.4157 12.1611 16.0000 77.0000 61.0000
11 16 18466 18357.5 Brain-Stem 82.8572 8.9172 31.0000 107.0000 76.0000
12 17 4053 3962.0 Left-Hippocampus 68.0715 7.3983 33.0000 100.0000 67.0000
13 18 1505 1563.7 Left-Amygdala 69.5482 5.8661 44.0000 86.0000 42.0000
14 24 931 978.6 CSF 47.1246 11.6211 22.0000 78.0000 56.0000
15 26 487 509.4 Left-Accumbens-area 73.0431 3.7351 56.0000 87.0000 31.0000
16 28 4178 4052.7 Left-VentralDC 90.0914 9.9303 39.0000 111.0000 72.0000
17 30 17 27.4 Left-vessel 62.7647 5.1177 52.0000 71.0000 19.0000
18 31 448 419.6 Left-choroid-plexus 54.1161 12.7832 18.0000 81.0000 63.0000
19 43 3201 3505.5 Right-Lateral-Ventricle 34.3215 13.8575 10.0000 80.0000 70.0000
20 44 361 409.1 Right-Inf-Lat-Vent 41.6981 13.3358 13.0000 76.0000 63.0000
21 46 13741 14489.6 Right-Cerebellum-White-Matter 85.8006 5.5711 41.0000 103.0000 62.0000
22 47 50095 49721.8 Right-Cerebellum-Cortex 63.9740 10.1340 14.0000 95.0000 81.0000
23 49 7514 7136.5 Right-Thalamus 85.1793 8.2276 33.0000 103.0000 70.0000
24 50 3583 3562.7 Right-Caudate 74.8641 7.1910 45.0000 95.0000 50.0000
25 51 4729 4676.4 Right-Putamen 84.2893 6.0353 56.0000 104.0000 48.0000
26 52 1907 1880.1 Right-Pallidum 96.2255 4.1814 71.0000 107.0000 36.0000
27 53 4205 4087.3 Right-Hippocampus 67.9712 7.5241 35.0000 99.0000 64.0000
28 54 1379 1441.3 Right-Amygdala 68.1117 6.0674 39.0000 100.0000 61.0000
29 58 607 594.4 Right-Accumbens-area 72.0099 4.8006 50.0000 91.0000 41.0000
30 60 4249 4067.7 Right-VentralDC 89.0282 10.0272 36.0000 109.0000 73.0000
31 62 3 7.8 Right-vessel 63.3333 3.2146 61.0000 67.0000 6.0000
32 63 552 522.5 Right-choroid-plexus 51.6413 12.3775 25.0000 84.0000 59.0000
33 72 0 0.0 5th-Ventricle 0.0000 0.0000 0.0000 0.0000 0.0000
34 77 950 907.3 WM-hypointensities 68.3568 10.8834 15.0000 99.0000 84.0000
35 78 0 0.0 Left-WM-hypointensities 0.0000 0.0000 0.0000 0.0000 0.0000
36 79 0 0.0 Right-WM-hypointensities 0.0000 0.0000 0.0000 0.0000 0.0000
37 80 0 0.0 non-WM-hypointensities 0.0000 0.0000 0.0000 0.0000 0.0000
38 81 0 0.0 Left-non-WM-hypointensities 0.0000 0.0000 0.0000 0.0000 0.0000
39 82 0 0.0 Right-non-WM-hypointensities 0.0000 0.0000 0.0000 0.0000 0.0000
40 85 177 181.5 Optic-Chiasm 78.0847 15.6669 40.0000 103.0000 63.0000
41 251 1116 1043.8 CC_Posterior 98.4176 14.7081 42.0000 113.0000 71.0000
42 252 568 492.3 CC_Mid_Posterior 92.6021 15.4570 35.0000 112.0000 77.0000
43 253 696 638.6 CC_Central 92.8003 12.3706 44.0000 109.0000 65.0000
44 254 643 560.5 CC_Mid_Anterior 89.8476 15.9660 38.0000 107.0000 69.0000
45 255 863 808.5 CC_Anterior 98.2746 12.7551 20.0000 112.0000 92.0000
