Index SegId NVoxels Volume_mm3 StructName normMean normStdDev normMin normMax normRange
1 4 3447 3808.9 Left-Lateral-Ventricle 36.7052 13.7789 12.0000 91.0000 79.0000
2 5 88 135.8 Left-Inf-Lat-Vent 53.0795 9.7500 31.0000 75.0000 44.0000
3 7 15078 15733.9 Left-Cerebellum-White-Matter 85.0606 6.5121 35.0000 104.0000 69.0000
4 8 48970 48818.8 Left-Cerebellum-Cortex 61.0188 9.7552 9.0000 90.0000 81.0000
5 10 7090 6756.9 Left-Thalamus 87.8769 8.9791 32.0000 106.0000 74.0000
6 11 3405 3439.5 Left-Caudate 75.5536 6.8487 48.0000 100.0000 52.0000
7 12 4413 4393.7 Left-Putamen 87.5935 5.9157 55.0000 106.0000 51.0000
8 13 1869 1905.0 Left-Pallidum 99.7640 3.8270 74.0000 112.0000 38.0000
9 14 561 658.5 3rd-Ventricle 48.3619 13.2444 18.0000 86.0000 68.0000
10 15 827 949.8 4th-Ventricle 37.2382 11.8548 17.0000 77.0000 60.0000
11 16 18393 18370.7 Brain-Stem 84.9801 9.1855 24.0000 108.0000 84.0000
12 17 3910 3841.7 Left-Hippocampus 67.9933 7.1771 40.0000 101.0000 61.0000
13 18 1486 1513.9 Left-Amygdala 69.7551 5.9398 47.0000 88.0000 41.0000
14 24 924 941.5 CSF 50.1591 12.5674 19.0000 88.0000 69.0000
15 26 371 404.2 Left-Accumbens-area 73.8167 3.2738 63.0000 87.0000 24.0000
16 28 4048 3870.6 Left-VentralDC 91.9190 9.5710 46.0000 110.0000 64.0000
17 30 12 22.7 Left-vessel 62.5833 6.4309 52.0000 71.0000 19.0000
18 31 367 362.0 Left-choroid-plexus 54.4496 13.2251 21.0000 82.0000 61.0000
19 43 3315 3599.6 Right-Lateral-Ventricle 35.5487 14.0168 10.0000 83.0000 73.0000
20 44 297 357.6 Right-Inf-Lat-Vent 39.5488 12.5851 13.0000 72.0000 59.0000
21 46 13316 14102.4 Right-Cerebellum-White-Matter 85.5154 5.8330 39.0000 103.0000 64.0000
22 47 50207 49888.6 Right-Cerebellum-Cortex 62.7505 9.9100 16.0000 90.0000 74.0000
23 49 7340 7001.6 Right-Thalamus 88.0480 8.7288 37.0000 107.0000 70.0000
24 50 3475 3494.8 Right-Caudate 76.5902 6.8298 45.0000 99.0000 54.0000
25 51 4756 4628.6 Right-Putamen 86.2243 5.9860 59.0000 105.0000 46.0000
26 52 1846 1848.8 Right-Pallidum 99.3754 3.2736 82.0000 109.0000 27.0000
27 53 4025 3957.1 Right-Hippocampus 67.6857 7.6036 38.0000 102.0000 64.0000
28 54 1534 1554.6 Right-Amygdala 69.5319 5.8578 40.0000 89.0000 49.0000
29 58 598 585.3 Right-Accumbens-area 74.4030 4.2328 51.0000 88.0000 37.0000
30 60 4106 3856.2 Right-VentralDC 90.7065 10.4621 40.0000 109.0000 69.0000
31 62 2 8.0 Right-vessel 65.5000 2.1213 64.0000 67.0000 3.0000
32 63 578 533.1 Right-choroid-plexus 53.5606 12.4713 23.0000 81.0000 58.0000
33 72 0 0.0 5th-Ventricle 0.0000 0.0000 0.0000 0.0000 0.0000
34 77 1017 977.3 WM-hypointensities 68.7325 10.1081 20.0000 93.0000 73.0000
35 78 0 0.0 Left-WM-hypointensities 0.0000 0.0000 0.0000 0.0000 0.0000
36 79 0 0.0 Right-WM-hypointensities 0.0000 0.0000 0.0000 0.0000 0.0000
37 80 0 0.0 non-WM-hypointensities 0.0000 0.0000 0.0000 0.0000 0.0000
38 81 0 0.0 Left-non-WM-hypointensities 0.0000 0.0000 0.0000 0.0000 0.0000
39 82 0 0.0 Right-non-WM-hypointensities 0.0000 0.0000 0.0000 0.0000 0.0000
40 85 163 168.2 Optic-Chiasm 80.5767 15.5916 38.0000 105.0000 67.0000
41 251 1106 1052.5 CC_Posterior 99.3617 13.8128 43.0000 112.0000 69.0000
42 252 545 483.5 CC_Mid_Posterior 95.9651 13.7229 45.0000 115.0000 70.0000
43 253 734 675.7 CC_Central 92.2670 12.8010 50.0000 107.0000 57.0000
44 254 684 610.2 CC_Mid_Anterior 89.3626 15.6518 47.0000 108.0000 61.0000
45 255 884 828.6 CC_Anterior 98.9152 12.5375 38.0000 114.0000 76.0000
