Index SegId NVoxels Volume_mm3 StructName normMean normStdDev normMin normMax normRange
1 4 3210 3607.0 Left-Lateral-Ventricle 36.1171 13.4681 10.0000 81.0000 71.0000
2 5 113 166.9 Left-Inf-Lat-Vent 51.6991 10.9584 23.0000 71.0000 48.0000
3 7 15438 16123.3 Left-Cerebellum-White-Matter 84.7695 6.8654 37.0000 103.0000 66.0000
4 8 48804 48628.4 Left-Cerebellum-Cortex 60.3143 9.8393 9.0000 89.0000 80.0000
5 10 7352 7014.8 Left-Thalamus 87.5299 8.7874 38.0000 104.0000 66.0000
6 11 3513 3498.8 Left-Caudate 76.2459 7.0503 47.0000 101.0000 54.0000
7 12 4567 4527.4 Left-Putamen 87.0952 5.4910 53.0000 103.0000 50.0000
8 13 1931 1956.6 Left-Pallidum 99.5987 3.5333 80.0000 111.0000 31.0000
9 14 529 618.1 3rd-Ventricle 48.9093 13.5109 17.0000 86.0000 69.0000
10 15 819 941.2 4th-Ventricle 36.9084 12.2443 16.0000 73.0000 57.0000
11 16 18540 18441.8 Brain-Stem 84.4409 8.9296 21.0000 111.0000 90.0000
12 17 4086 3955.6 Left-Hippocampus 69.2851 7.5294 44.0000 99.0000 55.0000
13 18 1539 1532.3 Left-Amygdala 70.7570 6.0002 47.0000 87.0000 40.0000
14 24 831 882.5 CSF 48.5235 12.7520 23.0000 89.0000 66.0000
15 26 419 448.1 Left-Accumbens-area 74.4535 3.8050 59.0000 85.0000 26.0000
16 28 4167 4033.2 Left-VentralDC 92.1711 9.8454 45.0000 114.0000 69.0000
17 30 12 24.4 Left-vessel 61.5833 4.3580 56.0000 68.0000 12.0000
18 31 381 372.7 Left-choroid-plexus 53.3727 12.8376 27.0000 81.0000 54.0000
19 43 3160 3452.4 Right-Lateral-Ventricle 35.1506 13.8971 10.0000 84.0000 74.0000
20 44 304 355.9 Right-Inf-Lat-Vent 40.7697 12.8877 10.0000 79.0000 69.0000
21 46 14388 15012.8 Right-Cerebellum-White-Matter 85.4080 6.1576 35.0000 103.0000 68.0000
22 47 49822 49519.0 Right-Cerebellum-Cortex 62.3179 10.1339 15.0000 91.0000 76.0000
23 49 7418 7065.8 Right-Thalamus 87.0406 8.6226 36.0000 108.0000 72.0000
24 50 3571 3556.7 Right-Caudate 75.9129 7.0496 43.0000 98.0000 55.0000
25 51 4771 4721.6 Right-Putamen 86.0780 6.0269 53.0000 105.0000 52.0000
26 52 1875 1860.0 Right-Pallidum 98.1659 3.4556 74.0000 107.0000 33.0000
27 53 4318 4164.1 Right-Hippocampus 68.0910 7.4776 38.0000 96.0000 58.0000
28 54 1487 1503.3 Right-Amygdala 67.7566 6.1128 49.0000 90.0000 41.0000
29 58 570 552.1 Right-Accumbens-area 73.8018 4.8045 55.0000 93.0000 38.0000
30 60 4094 3858.3 Right-VentralDC 89.8229 9.8782 38.0000 109.0000 71.0000
31 62 4 12.1 Right-vessel 66.5000 2.3805 63.0000 68.0000 5.0000
32 63 514 467.0 Right-choroid-plexus 52.8424 12.5273 26.0000 81.0000 55.0000
33 72 0 0.0 5th-Ventricle 0.0000 0.0000 0.0000 0.0000 0.0000
34 77 1090 1073.4 WM-hypointensities 69.1844 10.4316 17.0000 107.0000 90.0000
35 78 0 0.0 Left-WM-hypointensities 0.0000 0.0000 0.0000 0.0000 0.0000
36 79 0 0.0 Right-WM-hypointensities 0.0000 0.0000 0.0000 0.0000 0.0000
37 80 0 0.0 non-WM-hypointensities 0.0000 0.0000 0.0000 0.0000 0.0000
38 81 0 0.0 Left-non-WM-hypointensities 0.0000 0.0000 0.0000 0.0000 0.0000
39 82 0 0.0 Right-non-WM-hypointensities 0.0000 0.0000 0.0000 0.0000 0.0000
40 85 146 150.9 Optic-Chiasm 84.1370 14.2377 49.0000 110.0000 61.0000
41 251 1081 1027.5 CC_Posterior 99.1462 13.0436 43.0000 112.0000 69.0000
42 252 577 507.7 CC_Mid_Posterior 93.8856 15.5573 32.0000 109.0000 77.0000
43 253 741 686.8 CC_Central 91.5277 12.9004 34.0000 106.0000 72.0000
44 254 678 592.3 CC_Mid_Anterior 90.1003 15.9024 34.0000 108.0000 74.0000
45 255 864 790.4 CC_Anterior 98.5243 13.1510 32.0000 114.0000 82.0000
