Index SegId NVoxels Volume_mm3 StructName normMean normStdDev normMin normMax normRange
1 4 3297 3668.4 Left-Lateral-Ventricle 35.8938 13.8143 10.0000 84.0000 74.0000
2 5 55 82.3 Left-Inf-Lat-Vent 50.0000 9.0513 33.0000 71.0000 38.0000
3 7 16057 16649.5 Left-Cerebellum-White-Matter 84.2720 6.6387 37.0000 103.0000 66.0000
4 8 48184 48157.2 Left-Cerebellum-Cortex 60.1001 9.5978 12.0000 89.0000 77.0000
5 10 7714 7468.8 Left-Thalamus 89.7801 8.7596 42.0000 110.0000 68.0000
6 11 3438 3484.5 Left-Caudate 76.6068 6.7640 45.0000 102.0000 57.0000
7 12 4317 4340.5 Left-Putamen 87.3665 5.5245 60.0000 107.0000 47.0000
8 13 1815 1824.4 Left-Pallidum 99.4490 3.7211 77.0000 110.0000 33.0000
9 14 522 609.3 3rd-Ventricle 47.3008 12.5846 15.0000 84.0000 69.0000
10 15 767 914.0 4th-Ventricle 36.8579 11.2329 18.0000 73.0000 55.0000
11 16 18213 18132.1 Brain-Stem 83.6825 8.9162 30.0000 106.0000 76.0000
12 17 4009 3948.1 Left-Hippocampus 68.4191 6.9624 38.0000 99.0000 61.0000
13 18 1424 1438.8 Left-Amygdala 69.8230 5.1753 46.0000 86.0000 40.0000
14 24 912 942.6 CSF 48.6480 12.7176 24.0000 88.0000 64.0000
15 26 396 409.8 Left-Accumbens-area 73.0303 3.6733 54.0000 85.0000 31.0000
16 28 3955 3776.4 Left-VentralDC 90.7598 10.0105 42.0000 111.0000 69.0000
17 30 14 27.7 Left-vessel 63.5714 6.2599 50.0000 72.0000 22.0000
18 31 476 445.8 Left-choroid-plexus 55.2668 13.1576 25.0000 81.0000 56.0000
19 43 3325 3616.7 Right-Lateral-Ventricle 36.3014 14.1223 11.0000 85.0000 74.0000
20 44 322 367.2 Right-Inf-Lat-Vent 40.0217 12.6453 16.0000 82.0000 66.0000
21 46 15069 15629.4 Right-Cerebellum-White-Matter 84.3901 6.0589 39.0000 103.0000 64.0000
22 47 50121 50084.8 Right-Cerebellum-Cortex 61.9056 9.9213 13.0000 90.0000 77.0000
23 49 7274 6968.6 Right-Thalamus 87.9417 8.3475 36.0000 106.0000 70.0000
24 50 3484 3536.3 Right-Caudate 77.6191 6.5603 47.0000 97.0000 50.0000
25 51 4657 4656.8 Right-Putamen 86.6399 6.2957 58.0000 106.0000 48.0000
26 52 1794 1770.4 Right-Pallidum 99.2932 3.7798 72.0000 110.0000 38.0000
27 53 4160 4089.2 Right-Hippocampus 67.1192 6.9750 37.0000 93.0000 56.0000
28 54 1482 1517.3 Right-Amygdala 67.9399 5.7482 45.0000 86.0000 41.0000
29 58 570 547.1 Right-Accumbens-area 73.8298 4.6717 55.0000 92.0000 37.0000
30 60 4338 4104.1 Right-VentralDC 88.9020 10.2352 33.0000 107.0000 74.0000
31 62 1 3.3 Right-vessel 61.0000 0.0000 61.0000 61.0000 0.0000
32 63 479 432.6 Right-choroid-plexus 52.7912 12.5829 23.0000 90.0000 67.0000
33 72 0 0.0 5th-Ventricle 0.0000 0.0000 0.0000 0.0000 0.0000
34 77 857 817.6 WM-hypointensities 68.2789 10.4705 24.0000 95.0000 71.0000
35 78 0 0.0 Left-WM-hypointensities 0.0000 0.0000 0.0000 0.0000 0.0000
36 79 0 0.0 Right-WM-hypointensities 0.0000 0.0000 0.0000 0.0000 0.0000
37 80 0 0.0 non-WM-hypointensities 0.0000 0.0000 0.0000 0.0000 0.0000
38 81 0 0.0 Left-non-WM-hypointensities 0.0000 0.0000 0.0000 0.0000 0.0000
39 82 0 0.0 Right-non-WM-hypointensities 0.0000 0.0000 0.0000 0.0000 0.0000
40 85 187 192.0 Optic-Chiasm 79.4973 14.3667 42.0000 101.0000 59.0000
41 251 1090 1045.6 CC_Posterior 99.5064 13.6170 39.0000 113.0000 74.0000
42 252 597 515.6 CC_Mid_Posterior 94.4154 14.9015 37.0000 112.0000 75.0000
43 253 726 656.4 CC_Central 92.7548 13.1977 40.0000 109.0000 69.0000
44 254 700 616.2 CC_Mid_Anterior 89.9429 15.3484 40.0000 109.0000 69.0000
45 255 910 834.0 CC_Anterior 97.6066 13.8011 41.0000 114.0000 73.0000
