Index SegId NVoxels Volume_mm3 StructName normMean normStdDev normMin normMax normRange
1 4 3388 3766.3 Left-Lateral-Ventricle 35.7996 13.8043 10.0000 81.0000 71.0000
2 5 96 129.7 Left-Inf-Lat-Vent 56.6250 11.7976 25.0000 74.0000 49.0000
3 7 15284 15877.9 Left-Cerebellum-White-Matter 84.5086 6.8327 42.0000 108.0000 66.0000
4 8 49308 49268.5 Left-Cerebellum-Cortex 60.2974 9.6961 10.0000 90.0000 80.0000
5 10 7497 7215.3 Left-Thalamus 87.9297 8.9265 31.0000 111.0000 80.0000
6 11 3422 3496.9 Left-Caudate 76.5836 6.7648 45.0000 98.0000 53.0000
7 12 4375 4385.6 Left-Putamen 87.8985 5.5883 62.0000 103.0000 41.0000
8 13 1787 1809.7 Left-Pallidum 99.2524 3.6579 82.0000 111.0000 29.0000
9 14 572 664.2 3rd-Ventricle 47.9948 12.5928 18.0000 81.0000 63.0000
10 15 820 943.1 4th-Ventricle 36.3598 11.7595 15.0000 70.0000 55.0000
11 16 18227 18211.5 Brain-Stem 84.2789 9.0874 29.0000 109.0000 80.0000
12 17 3949 3847.4 Left-Hippocampus 67.7004 7.6597 36.0000 97.0000 61.0000
13 18 1476 1491.8 Left-Amygdala 69.7974 5.4325 46.0000 87.0000 41.0000
14 24 912 964.3 CSF 49.9814 12.1690 21.0000 85.0000 64.0000
15 26 411 437.6 Left-Accumbens-area 73.7980 3.6540 62.0000 88.0000 26.0000
16 28 3985 3794.2 Left-VentralDC 91.2954 9.9386 45.0000 110.0000 65.0000
17 30 11 25.1 Left-vessel 63.8182 2.8572 59.0000 68.0000 9.0000
18 31 425 405.7 Left-choroid-plexus 55.2776 13.2963 27.0000 88.0000 61.0000
19 43 3291 3547.6 Right-Lateral-Ventricle 35.2285 14.4455 10.0000 82.0000 72.0000
20 44 296 351.7 Right-Inf-Lat-Vent 41.0811 11.7315 14.0000 74.0000 60.0000
21 46 14203 14882.2 Right-Cerebellum-White-Matter 84.9026 5.9776 37.0000 104.0000 67.0000
22 47 51671 51679.3 Right-Cerebellum-Cortex 62.1405 9.8126 11.0000 90.0000 79.0000
23 49 6948 6563.0 Right-Thalamus 85.9381 8.7126 34.0000 105.0000 71.0000
24 50 3340 3404.9 Right-Caudate 77.1084 6.6255 43.0000 98.0000 55.0000
25 51 4657 4660.8 Right-Putamen 87.0792 5.7842 60.0000 104.0000 44.0000
26 52 1917 1889.1 Right-Pallidum 99.4309 3.4571 79.0000 109.0000 30.0000
27 53 4201 4084.9 Right-Hippocampus 67.7605 7.2115 36.0000 92.0000 56.0000
28 54 1578 1600.9 Right-Amygdala 69.7003 5.7207 47.0000 87.0000 40.0000
29 58 537 533.9 Right-Accumbens-area 74.7691 4.5383 57.0000 89.0000 32.0000
30 60 4030 3797.7 Right-VentralDC 90.9553 10.4698 35.0000 110.0000 75.0000
31 62 3 9.7 Right-vessel 63.0000 1.7321 61.0000 64.0000 3.0000
32 63 609 572.2 Right-choroid-plexus 53.8637 12.1797 27.0000 89.0000 62.0000
33 72 0 0.0 5th-Ventricle 0.0000 0.0000 0.0000 0.0000 0.0000
34 77 996 956.6 WM-hypointensities 68.3635 11.1140 14.0000 95.0000 81.0000
35 78 0 0.0 Left-WM-hypointensities 0.0000 0.0000 0.0000 0.0000 0.0000
36 79 0 0.0 Right-WM-hypointensities 0.0000 0.0000 0.0000 0.0000 0.0000
37 80 0 0.0 non-WM-hypointensities 0.0000 0.0000 0.0000 0.0000 0.0000
38 81 0 0.0 Left-non-WM-hypointensities 0.0000 0.0000 0.0000 0.0000 0.0000
39 82 0 0.0 Right-non-WM-hypointensities 0.0000 0.0000 0.0000 0.0000 0.0000
40 85 166 158.0 Optic-Chiasm 81.0422 16.9607 36.0000 107.0000 71.0000
41 251 1143 1061.5 CC_Posterior 98.2782 14.0791 48.0000 113.0000 65.0000
42 252 565 494.0 CC_Mid_Posterior 93.3115 15.1320 32.0000 110.0000 78.0000
43 253 709 649.4 CC_Central 92.5148 12.3254 46.0000 109.0000 63.0000
44 254 696 616.1 CC_Mid_Anterior 89.8865 15.2032 42.0000 109.0000 67.0000
45 255 895 822.8 CC_Anterior 97.7710 13.3012 40.0000 110.0000 70.0000
