Index SegId NVoxels Volume_mm3 StructName normMean normStdDev normMin normMax normRange
1 4 3413 3775.8 Left-Lateral-Ventricle 36.9924 14.1363 9.0000 82.0000 73.0000
2 5 102 155.8 Left-Inf-Lat-Vent 53.1569 10.8196 30.0000 73.0000 43.0000
3 7 14972 15475.8 Left-Cerebellum-White-Matter 85.7763 6.8830 38.0000 106.0000 68.0000
4 8 48916 48837.3 Left-Cerebellum-Cortex 60.8862 9.9716 9.0000 93.0000 84.0000
5 10 7393 7083.7 Left-Thalamus 88.3774 8.7912 36.0000 107.0000 71.0000
6 11 3503 3522.7 Left-Caudate 76.3577 6.6900 48.0000 100.0000 52.0000
7 12 4508 4479.2 Left-Putamen 86.7329 5.8099 54.0000 105.0000 51.0000
8 13 1901 1917.2 Left-Pallidum 99.7985 4.0075 69.0000 113.0000 44.0000
9 14 517 597.3 3rd-Ventricle 46.9981 13.3803 18.0000 83.0000 65.0000
10 15 792 897.0 4th-Ventricle 36.7551 12.5770 17.0000 80.0000 63.0000
11 16 18479 18429.4 Brain-Stem 85.5182 9.1482 25.0000 116.0000 91.0000
12 17 3860 3790.5 Left-Hippocampus 67.9412 7.3383 35.0000 98.0000 63.0000
13 18 1372 1382.2 Left-Amygdala 69.5445 6.1293 45.0000 92.0000 47.0000
14 24 867 910.6 CSF 49.5167 12.8968 19.0000 84.0000 65.0000
15 26 443 465.3 Left-Accumbens-area 73.2664 4.0508 57.0000 84.0000 27.0000
16 28 4108 3929.3 Left-VentralDC 91.7714 10.1813 41.0000 114.0000 73.0000
17 30 11 20.5 Left-vessel 62.1818 6.0468 51.0000 72.0000 21.0000
18 31 353 343.5 Left-choroid-plexus 55.3003 12.6030 23.0000 80.0000 57.0000
19 43 3211 3474.4 Right-Lateral-Ventricle 35.7113 13.7189 13.0000 86.0000 73.0000
20 44 308 354.5 Right-Inf-Lat-Vent 39.1558 12.5377 11.0000 74.0000 63.0000
21 46 14074 14684.0 Right-Cerebellum-White-Matter 85.6343 6.4742 31.0000 105.0000 74.0000
22 47 51457 51286.5 Right-Cerebellum-Cortex 62.3111 10.1143 14.0000 93.0000 79.0000
23 49 6990 6586.2 Right-Thalamus 86.4532 8.4032 37.0000 106.0000 69.0000
24 50 3469 3556.3 Right-Caudate 76.3701 6.4793 43.0000 95.0000 52.0000
25 51 4791 4687.9 Right-Putamen 85.8572 6.2130 57.0000 105.0000 48.0000
26 52 1983 2017.1 Right-Pallidum 99.1795 3.6224 74.0000 109.0000 35.0000
27 53 4098 4045.3 Right-Hippocampus 68.0878 7.2211 38.0000 95.0000 57.0000
28 54 1465 1465.9 Right-Amygdala 68.9515 6.4149 44.0000 90.0000 46.0000
29 58 591 569.5 Right-Accumbens-area 73.8714 4.9024 58.0000 92.0000 34.0000
30 60 4170 3939.3 Right-VentralDC 90.9909 10.4696 30.0000 115.0000 85.0000
31 62 1 4.0 Right-vessel 54.0000 0.0000 54.0000 54.0000 0.0000
32 63 557 531.4 Right-choroid-plexus 54.0503 12.0640 28.0000 93.0000 65.0000
33 72 0 0.0 5th-Ventricle 0.0000 0.0000 0.0000 0.0000 0.0000
34 77 805 788.2 WM-hypointensities 68.4820 11.0411 15.0000 93.0000 78.0000
35 78 0 0.0 Left-WM-hypointensities 0.0000 0.0000 0.0000 0.0000 0.0000
36 79 0 0.0 Right-WM-hypointensities 0.0000 0.0000 0.0000 0.0000 0.0000
37 80 0 0.0 non-WM-hypointensities 0.0000 0.0000 0.0000 0.0000 0.0000
38 81 0 0.0 Left-non-WM-hypointensities 0.0000 0.0000 0.0000 0.0000 0.0000
39 82 0 0.0 Right-non-WM-hypointensities 0.0000 0.0000 0.0000 0.0000 0.0000
40 85 155 159.2 Optic-Chiasm 84.8516 17.7778 44.0000 113.0000 69.0000
41 251 1073 1025.2 CC_Posterior 98.4883 13.7316 41.0000 112.0000 71.0000
42 252 570 499.4 CC_Mid_Posterior 93.5719 15.4609 35.0000 110.0000 75.0000
43 253 744 683.0 CC_Central 92.6479 12.9564 38.0000 109.0000 71.0000
44 254 682 605.4 CC_Mid_Anterior 89.9604 15.4590 31.0000 109.0000 78.0000
45 255 876 811.7 CC_Anterior 98.3174 12.7111 33.0000 111.0000 78.0000
