Index SegId NVoxels Volume_mm3 StructName normMean normStdDev normMin normMax normRange
1 4 3571 3805.1 Left-Lateral-Ventricle 23.4268 16.6927 0.0000 81.0000 81.0000
2 5 127 167.1 Left-Inf-Lat-Vent 41.1339 10.7278 11.0000 61.0000 50.0000
3 7 12721 13330.5 Left-Cerebellum-White-Matter 83.4441 8.4322 30.0000 114.0000 84.0000
4 8 49868 49744.3 Left-Cerebellum-Cortex 54.3909 10.9915 1.0000 92.0000 91.0000
5 10 7141 6825.6 Left-Thalamus 78.1585 10.1772 28.0000 104.0000 76.0000
6 11 3943 3907.0 Left-Caudate 66.8407 7.3254 31.0000 89.0000 58.0000
7 12 4613 4552.5 Left-Putamen 74.9564 6.1091 42.0000 97.0000 55.0000
8 13 1850 1813.4 Left-Pallidum 92.4097 4.8631 72.0000 105.0000 33.0000
9 14 430 462.6 3rd-Ventricle 27.2674 17.1877 0.0000 82.0000 82.0000
10 15 918 985.8 4th-Ventricle 23.7538 13.8286 1.0000 66.0000 65.0000
11 16 18401 18496.0 Brain-Stem 77.0821 10.4236 7.0000 120.0000 113.0000
12 17 3578 3500.8 Left-Hippocampus 57.7118 8.4268 23.0000 95.0000 72.0000
13 18 1325 1332.4 Left-Amygdala 62.1426 5.7777 41.0000 85.0000 44.0000
14 24 699 739.0 CSF 30.7654 14.9487 1.0000 90.0000 89.0000
15 26 404 395.9 Left-Accumbens-area 66.3465 5.1743 44.0000 81.0000 37.0000
16 28 3694 3575.4 Left-VentralDC 87.6148 11.7006 24.0000 119.0000 95.0000
17 30 17 21.8 Left-vessel 51.7647 8.0896 37.0000 63.0000 26.0000
18 31 582 515.1 Left-choroid-plexus 51.7096 12.1883 19.0000 82.0000 63.0000
19 43 3568 3805.2 Right-Lateral-Ventricle 23.0485 16.9941 0.0000 91.0000 91.0000
20 44 318 359.2 Right-Inf-Lat-Vent 29.6289 13.8188 0.0000 63.0000 63.0000
21 46 11564 12309.5 Right-Cerebellum-White-Matter 84.3034 7.7289 35.0000 119.0000 84.0000
22 47 50154 50089.0 Right-Cerebellum-Cortex 56.2695 11.1262 2.0000 96.0000 94.0000
23 49 7013 6683.3 Right-Thalamus 76.1148 10.4755 25.0000 104.0000 79.0000
24 50 3827 3796.4 Right-Caudate 63.8782 7.4933 32.0000 88.0000 56.0000
25 51 4905 4769.2 Right-Putamen 73.7484 6.9581 38.0000 102.0000 64.0000
26 52 1803 1763.4 Right-Pallidum 93.6106 5.1537 63.0000 108.0000 45.0000
27 53 3763 3689.0 Right-Hippocampus 58.8467 8.5842 18.0000 91.0000 73.0000
28 54 1528 1565.9 Right-Amygdala 62.4987 6.1098 34.0000 86.0000 52.0000
29 58 544 517.9 Right-Accumbens-area 62.6176 5.7889 34.0000 85.0000 51.0000
30 60 3536 3326.4 Right-VentralDC 83.2455 12.5159 12.0000 119.0000 107.0000
31 62 6 12.4 Right-vessel 52.8333 10.7781 33.0000 60.0000 27.0000
32 63 738 660.4 Right-choroid-plexus 48.7385 12.4035 13.0000 80.0000 67.0000
33 72 0 0.0 5th-Ventricle 0.0000 0.0000 0.0000 0.0000 0.0000
34 77 981 871.3 WM-hypointensities 67.2355 12.0902 6.0000 96.0000 90.0000
35 78 0 0.0 Left-WM-hypointensities 0.0000 0.0000 0.0000 0.0000 0.0000
36 79 0 0.0 Right-WM-hypointensities 0.0000 0.0000 0.0000 0.0000 0.0000
37 80 0 0.0 non-WM-hypointensities 0.0000 0.0000 0.0000 0.0000 0.0000
38 81 0 0.0 Left-non-WM-hypointensities 0.0000 0.0000 0.0000 0.0000 0.0000
39 82 0 0.0 Right-non-WM-hypointensities 0.0000 0.0000 0.0000 0.0000 0.0000
40 85 184 193.1 Optic-Chiasm 85.2500 17.8265 40.0000 120.0000 80.0000
41 251 1077 1170.0 CC_Posterior 109.5877 16.7840 43.0000 138.0000 95.0000
42 252 583 513.7 CC_Mid_Posterior 100.6861 21.3883 9.0000 134.0000 125.0000
43 253 785 696.5 CC_Central 99.3962 18.2295 36.0000 128.0000 92.0000
44 254 719 666.4 CC_Mid_Anterior 101.5174 19.3117 41.0000 131.0000 90.0000
45 255 900 847.5 CC_Anterior 112.6200 22.2410 21.0000 142.0000 121.0000
