Index SegId NVoxels Volume_mm3 StructName normMean normStdDev normMin normMax normRange
1 4 3187 3552.4 Left-Lateral-Ventricle 37.1883 13.8460 12.0000 88.0000 76.0000
2 5 71 119.3 Left-Inf-Lat-Vent 51.9577 11.2801 31.0000 75.0000 44.0000
3 7 16834 17454.2 Left-Cerebellum-White-Matter 82.8581 6.6500 41.0000 100.0000 59.0000
4 8 48279 48341.2 Left-Cerebellum-Cortex 59.6110 9.6967 6.0000 92.0000 86.0000
5 10 7769 7470.8 Left-Thalamus 87.2065 8.8081 41.0000 108.0000 67.0000
6 11 3397 3399.9 Left-Caudate 77.7598 6.9183 48.0000 102.0000 54.0000
7 12 4490 4473.5 Left-Putamen 87.7283 5.5048 53.0000 104.0000 51.0000
8 13 1808 1841.2 Left-Pallidum 98.6975 3.7342 75.0000 110.0000 35.0000
9 14 475 573.0 3rd-Ventricle 46.0547 11.9058 19.0000 74.0000 55.0000
10 15 768 896.2 4th-Ventricle 37.0104 12.0561 16.0000 72.0000 56.0000
11 16 18754 18689.8 Brain-Stem 84.4614 8.7879 29.0000 110.0000 81.0000
12 17 3979 3900.9 Left-Hippocampus 68.8319 7.7802 42.0000 100.0000 58.0000
13 18 1324 1345.1 Left-Amygdala 68.8180 7.1537 45.0000 96.0000 51.0000
14 24 826 860.3 CSF 48.3208 12.1437 22.0000 90.0000 68.0000
15 26 525 541.3 Left-Accumbens-area 74.3638 3.9693 56.0000 88.0000 32.0000
16 28 4054 3893.0 Left-VentralDC 90.6265 9.8231 42.0000 108.0000 66.0000
17 30 12 23.4 Left-vessel 63.0000 5.3598 56.0000 72.0000 16.0000
18 31 415 391.8 Left-choroid-plexus 55.0867 13.2385 22.0000 85.0000 63.0000
19 43 3178 3480.1 Right-Lateral-Ventricle 35.7454 13.9313 13.0000 84.0000 71.0000
20 44 323 373.3 Right-Inf-Lat-Vent 40.9009 13.1410 13.0000 77.0000 64.0000
21 46 14895 15480.1 Right-Cerebellum-White-Matter 84.2007 6.2065 38.0000 102.0000 64.0000
22 47 50565 50548.5 Right-Cerebellum-Cortex 60.4909 10.2142 13.0000 92.0000 79.0000
23 49 7286 6897.5 Right-Thalamus 85.9028 8.5579 36.0000 103.0000 67.0000
24 50 3413 3444.4 Right-Caudate 76.7269 6.8033 43.0000 98.0000 55.0000
25 51 4639 4650.5 Right-Putamen 86.0500 5.7923 57.0000 105.0000 48.0000
26 52 1923 1911.6 Right-Pallidum 98.3391 3.5964 74.0000 109.0000 35.0000
27 53 4141 4029.5 Right-Hippocampus 69.2429 7.5958 36.0000 96.0000 60.0000
28 54 1618 1633.1 Right-Amygdala 70.4190 7.6424 45.0000 99.0000 54.0000
29 58 547 536.3 Right-Accumbens-area 73.8117 4.8892 50.0000 90.0000 40.0000
30 60 4207 3970.6 Right-VentralDC 90.2439 10.5187 27.0000 111.0000 84.0000
31 62 3 9.1 Right-vessel 66.0000 3.0000 63.0000 69.0000 6.0000
32 63 482 460.2 Right-choroid-plexus 54.3050 11.9891 26.0000 87.0000 61.0000
33 72 0 0.0 5th-Ventricle 0.0000 0.0000 0.0000 0.0000 0.0000
34 77 1179 1136.0 WM-hypointensities 68.9067 10.6736 27.0000 107.0000 80.0000
35 78 0 0.0 Left-WM-hypointensities 0.0000 0.0000 0.0000 0.0000 0.0000
36 79 0 0.0 Right-WM-hypointensities 0.0000 0.0000 0.0000 0.0000 0.0000
37 80 0 0.0 non-WM-hypointensities 0.0000 0.0000 0.0000 0.0000 0.0000
38 81 0 0.0 Left-non-WM-hypointensities 0.0000 0.0000 0.0000 0.0000 0.0000
39 82 0 0.0 Right-non-WM-hypointensities 0.0000 0.0000 0.0000 0.0000 0.0000
40 85 164 164.5 Optic-Chiasm 81.7622 15.7942 44.0000 106.0000 62.0000
41 251 1112 1060.1 CC_Posterior 98.8507 12.5290 43.0000 112.0000 69.0000
42 252 561 501.7 CC_Mid_Posterior 94.5562 14.8777 31.0000 110.0000 79.0000
43 253 671 639.6 CC_Central 92.8778 12.9045 34.0000 107.0000 73.0000
44 254 672 596.9 CC_Mid_Anterior 89.3185 15.9690 32.0000 109.0000 77.0000
45 255 848 790.7 CC_Anterior 98.8998 12.5594 44.0000 113.0000 69.0000
