Index SegId NVoxels Volume_mm3 StructName normMean normStdDev normMin normMax normRange
1 4 6629 6952.6 Left-Lateral-Ventricle 35.0066 13.0343 12.0000 86.0000 74.0000
2 5 326 406.0 Left-Inf-Lat-Vent 52.6626 12.7333 17.0000 81.0000 64.0000
3 7 16449 17095.0 Left-Cerebellum-White-Matter 86.1621 5.5242 41.0000 103.0000 62.0000
4 8 54229 53937.2 Left-Cerebellum-Cortex 67.8784 10.2170 15.0000 97.0000 82.0000
5 10 8439 8198.3 Left-Thalamus 91.9438 8.3886 34.0000 109.0000 75.0000
6 11 3022 2927.0 Left-Caudate 77.4461 7.9000 48.0000 103.0000 55.0000
7 12 4645 4599.0 Left-Putamen 86.9845 5.5151 39.0000 104.0000 65.0000
8 13 2002 1968.4 Left-Pallidum 99.3397 3.8382 63.0000 112.0000 49.0000
9 14 1000 1074.3 3rd-Ventricle 43.4600 12.6652 20.0000 79.0000 59.0000
10 15 1883 2026.7 4th-Ventricle 35.5417 10.4810 17.0000 71.0000 54.0000
11 16 20707 20501.1 Brain-Stem 84.1862 9.1452 31.0000 108.0000 77.0000
12 17 4291 4153.9 Left-Hippocampus 71.8434 7.8458 37.0000 100.0000 63.0000
13 18 1696 1762.5 Left-Amygdala 75.4281 5.4563 44.0000 95.0000 51.0000
14 24 1178 1175.7 CSF 54.1952 14.2442 25.0000 107.0000 82.0000
15 26 378 376.3 Left-Accumbens-area 78.4418 5.8467 46.0000 93.0000 47.0000
16 28 4011 3884.1 Left-VentralDC 93.2718 10.6276 38.0000 120.0000 82.0000
17 30 54 68.9 Left-vessel 50.7037 13.7397 19.0000 75.0000 56.0000
18 31 745 756.6 Left-choroid-plexus 53.9960 10.6630 25.0000 84.0000 59.0000
19 43 6694 6944.6 Right-Lateral-Ventricle 34.7223 13.4125 9.0000 94.0000 85.0000
20 44 218 263.0 Right-Inf-Lat-Vent 44.5780 12.1464 15.0000 76.0000 61.0000
21 46 15085 15710.2 Right-Cerebellum-White-Matter 86.1578 5.6796 29.0000 101.0000 72.0000
22 47 55267 55119.8 Right-Cerebellum-Cortex 66.2516 10.5294 17.0000 99.0000 82.0000
23 49 7658 7329.3 Right-Thalamus 89.2508 9.0892 27.0000 107.0000 80.0000
24 50 3057 3013.5 Right-Caudate 74.4429 7.6864 45.0000 96.0000 51.0000
25 51 4768 4795.8 Right-Putamen 84.4614 5.9304 36.0000 103.0000 67.0000
26 52 1990 1974.4 Right-Pallidum 98.9236 3.5565 84.0000 112.0000 28.0000
27 53 4514 4389.2 Right-Hippocampus 70.2771 8.6595 20.0000 105.0000 85.0000
28 54 1768 1858.1 Right-Amygdala 72.8535 5.4981 43.0000 89.0000 46.0000
29 58 502 468.2 Right-Accumbens-area 78.2450 5.6198 44.0000 92.0000 48.0000
30 60 4083 3844.6 Right-VentralDC 91.4641 11.4747 29.0000 117.0000 88.0000
31 62 6 14.7 Right-vessel 55.8333 5.4924 51.0000 66.0000 15.0000
32 63 574 570.8 Right-choroid-plexus 52.9303 10.5444 19.0000 80.0000 61.0000
33 72 0 0.0 5th-Ventricle 0.0000 0.0000 0.0000 0.0000 0.0000
34 77 503 437.4 WM-hypointensities 68.7714 9.8953 45.0000 96.0000 51.0000
35 78 0 0.0 Left-WM-hypointensities 0.0000 0.0000 0.0000 0.0000 0.0000
36 79 0 0.0 Right-WM-hypointensities 0.0000 0.0000 0.0000 0.0000 0.0000
37 80 0 0.0 non-WM-hypointensities 0.0000 0.0000 0.0000 0.0000 0.0000
38 81 0 0.0 Left-non-WM-hypointensities 0.0000 0.0000 0.0000 0.0000 0.0000
39 82 0 0.0 Right-non-WM-hypointensities 0.0000 0.0000 0.0000 0.0000 0.0000
40 85 186 177.2 Optic-Chiasm 87.3387 18.9434 30.0000 116.0000 86.0000
41 251 831 772.0 CC_Posterior 99.3755 12.8361 41.0000 114.0000 73.0000
42 252 536 460.9 CC_Mid_Posterior 90.6250 18.7708 24.0000 111.0000 87.0000
43 253 508 459.0 CC_Central 94.0118 16.1060 31.0000 112.0000 81.0000
44 254 553 495.9 CC_Mid_Anterior 92.6383 14.2636 40.0000 108.0000 68.0000
45 255 1049 982.3 CC_Anterior 97.4948 12.7341 42.0000 113.0000 71.0000
