Index SegId NVoxels Volume_mm3 StructName normMean normStdDev normMin normMax normRange
1 4 6726 7092.0 Left-Lateral-Ventricle 33.3827 12.9759 9.0000 85.0000 76.0000
2 5 349 416.5 Left-Inf-Lat-Vent 50.1089 13.1902 15.0000 81.0000 66.0000
3 7 15169 15910.0 Left-Cerebellum-White-Matter 87.8229 5.9729 30.0000 105.0000 75.0000
4 8 53840 53686.4 Left-Cerebellum-Cortex 66.4999 10.4435 17.0000 98.0000 81.0000
5 10 8196 7950.7 Left-Thalamus 90.6872 8.8490 32.0000 110.0000 78.0000
6 11 3105 2958.1 Left-Caudate 77.1272 8.6618 44.0000 104.0000 60.0000
7 12 4699 4662.0 Left-Putamen 85.0306 6.1614 34.0000 103.0000 69.0000
8 13 2040 1981.9 Left-Pallidum 98.8314 4.2258 80.0000 112.0000 32.0000
9 14 1082 1114.6 3rd-Ventricle 42.2172 13.7221 18.0000 86.0000 68.0000
10 15 1841 2006.7 4th-Ventricle 34.9017 10.8398 17.0000 75.0000 58.0000
11 16 20789 20616.6 Brain-Stem 85.1966 9.4619 20.0000 109.0000 89.0000
12 17 4423 4308.4 Left-Hippocampus 68.4818 8.2219 22.0000 96.0000 74.0000
13 18 1635 1668.0 Left-Amygdala 71.2086 6.4644 39.0000 91.0000 52.0000
14 24 1183 1185.0 CSF 52.7929 14.3853 21.0000 96.0000 75.0000
15 26 525 543.7 Left-Accumbens-area 75.4267 5.4191 47.0000 92.0000 45.0000
16 28 4187 4084.9 Left-VentralDC 93.3571 10.5078 28.0000 116.0000 88.0000
17 30 80 86.5 Left-vessel 52.9625 14.2264 20.0000 78.0000 58.0000
18 31 769 767.0 Left-choroid-plexus 53.5176 10.9960 24.0000 80.0000 56.0000
19 43 7064 7262.9 Right-Lateral-Ventricle 35.3892 13.8951 9.0000 95.0000 86.0000
20 44 231 282.6 Right-Inf-Lat-Vent 45.6493 13.9122 18.0000 84.0000 66.0000
21 46 15338 15998.2 Right-Cerebellum-White-Matter 86.8324 6.4366 30.0000 104.0000 74.0000
22 47 55077 54951.3 Right-Cerebellum-Cortex 64.5851 10.9957 14.0000 95.0000 81.0000
23 49 7495 7211.5 Right-Thalamus 89.6502 9.2968 38.0000 109.0000 71.0000
24 50 3105 3019.6 Right-Caudate 75.8341 7.8435 42.0000 102.0000 60.0000
25 51 4912 4893.7 Right-Putamen 84.8312 6.1525 40.0000 106.0000 66.0000
26 52 2034 2005.3 Right-Pallidum 99.3009 4.8218 61.0000 117.0000 56.0000
27 53 4610 4523.5 Right-Hippocampus 67.5126 9.0912 23.0000 99.0000 76.0000
28 54 1703 1746.1 Right-Amygdala 70.8691 6.0396 46.0000 90.0000 44.0000
29 58 480 476.3 Right-Accumbens-area 77.9750 5.7360 48.0000 90.0000 42.0000
30 60 4092 3923.4 Right-VentralDC 92.4348 11.2711 32.0000 116.0000 84.0000
31 62 12 18.9 Right-vessel 59.0000 8.0904 46.0000 70.0000 24.0000
32 63 569 541.5 Right-choroid-plexus 52.1336 11.1789 19.0000 77.0000 58.0000
33 72 0 0.0 5th-Ventricle 0.0000 0.0000 0.0000 0.0000 0.0000
34 77 614 538.2 WM-hypointensities 70.2638 10.0288 35.0000 99.0000 64.0000
35 78 0 0.0 Left-WM-hypointensities 0.0000 0.0000 0.0000 0.0000 0.0000
36 79 0 0.0 Right-WM-hypointensities 0.0000 0.0000 0.0000 0.0000 0.0000
37 80 0 0.0 non-WM-hypointensities 0.0000 0.0000 0.0000 0.0000 0.0000
38 81 0 0.0 Left-non-WM-hypointensities 0.0000 0.0000 0.0000 0.0000 0.0000
39 82 0 0.0 Right-non-WM-hypointensities 0.0000 0.0000 0.0000 0.0000 0.0000
40 85 189 188.0 Optic-Chiasm 81.6667 17.6674 23.0000 112.0000 89.0000
41 251 826 764.9 CC_Posterior 97.7736 14.6139 33.0000 111.0000 78.0000
42 252 592 513.9 CC_Mid_Posterior 87.6689 19.3707 20.0000 113.0000 93.0000
43 253 493 452.7 CC_Central 95.7688 14.5242 45.0000 112.0000 67.0000
44 254 530 494.1 CC_Mid_Anterior 95.1943 13.8454 46.0000 109.0000 63.0000
45 255 1037 986.6 CC_Anterior 97.8168 13.4713 13.0000 117.0000 104.0000
