Index SegId NVoxels Volume_mm3 StructName normMean normStdDev normMin normMax normRange
1 4 6664 7010.1 Left-Lateral-Ventricle 34.4824 13.1613 11.0000 88.0000 77.0000
2 5 191 239.0 Left-Inf-Lat-Vent 45.8848 13.0213 16.0000 79.0000 63.0000
3 7 17460 18052.4 Left-Cerebellum-White-Matter 86.5553 6.8557 27.0000 107.0000 80.0000
4 8 53422 53366.8 Left-Cerebellum-Cortex 64.5694 10.7658 16.0000 102.0000 86.0000
5 10 8580 8323.3 Left-Thalamus 89.6128 9.1104 28.0000 109.0000 81.0000
6 11 3076 3009.4 Left-Caudate 74.9561 7.8005 41.0000 101.0000 60.0000
7 12 4942 4867.4 Left-Putamen 87.1127 6.3288 30.0000 109.0000 79.0000
8 13 1875 1887.9 Left-Pallidum 100.6816 4.5992 59.0000 118.0000 59.0000
9 14 1060 1074.3 3rd-Ventricle 42.6396 14.6894 16.0000 83.0000 67.0000
10 15 1765 1938.9 4th-Ventricle 34.4323 10.2960 18.0000 72.0000 54.0000
11 16 21275 21040.1 Brain-Stem 83.4798 9.6484 28.0000 113.0000 85.0000
12 17 4538 4507.5 Left-Hippocampus 68.8435 7.4982 36.0000 99.0000 63.0000
13 18 1622 1678.1 Left-Amygdala 69.8046 5.8842 44.0000 90.0000 46.0000
14 24 1116 1078.0 CSF 51.9776 14.3618 20.0000 97.0000 77.0000
15 26 339 347.1 Left-Accumbens-area 74.2035 6.4117 41.0000 84.0000 43.0000
16 28 4176 4038.1 Left-VentralDC 93.6643 11.0706 38.0000 119.0000 81.0000
17 30 46 57.6 Left-vessel 53.6522 13.4217 28.0000 74.0000 46.0000
18 31 713 704.3 Left-choroid-plexus 53.1417 10.9732 23.0000 80.0000 57.0000
19 43 6617 6908.5 Right-Lateral-Ventricle 35.6266 13.6888 11.0000 84.0000 73.0000
20 44 172 215.0 Right-Inf-Lat-Vent 44.5349 13.7213 16.0000 77.0000 61.0000
21 46 15111 15891.9 Right-Cerebellum-White-Matter 87.0459 6.4705 36.0000 108.0000 72.0000
22 47 56223 55978.8 Right-Cerebellum-Cortex 65.6373 10.3823 17.0000 100.0000 83.0000
23 49 8130 7805.2 Right-Thalamus 88.5599 8.6654 44.0000 108.0000 64.0000
24 50 3312 3173.1 Right-Caudate 75.2923 7.9775 43.0000 103.0000 60.0000
25 51 5059 5012.4 Right-Putamen 85.6337 6.1387 48.0000 103.0000 55.0000
26 52 1935 1912.6 Right-Pallidum 100.1984 4.7166 68.0000 115.0000 47.0000
27 53 4597 4595.8 Right-Hippocampus 69.3204 7.8362 32.0000 101.0000 69.0000
28 54 1661 1726.4 Right-Amygdala 70.0734 5.9894 46.0000 101.0000 55.0000
29 58 512 488.2 Right-Accumbens-area 75.4512 5.0988 55.0000 90.0000 35.0000
30 60 4237 4098.6 Right-VentralDC 92.3528 12.0603 28.0000 115.0000 87.0000
31 62 10 23.6 Right-vessel 60.4000 6.7032 50.0000 68.0000 18.0000
32 63 608 569.1 Right-choroid-plexus 52.0921 10.7522 20.0000 84.0000 64.0000
33 72 0 0.0 5th-Ventricle 0.0000 0.0000 0.0000 0.0000 0.0000
34 77 720 618.5 WM-hypointensities 71.8736 9.8035 38.0000 98.0000 60.0000
35 78 0 0.0 Left-WM-hypointensities 0.0000 0.0000 0.0000 0.0000 0.0000
36 79 0 0.0 Right-WM-hypointensities 0.0000 0.0000 0.0000 0.0000 0.0000
37 80 0 0.0 non-WM-hypointensities 0.0000 0.0000 0.0000 0.0000 0.0000
38 81 0 0.0 Left-non-WM-hypointensities 0.0000 0.0000 0.0000 0.0000 0.0000
39 82 0 0.0 Right-non-WM-hypointensities 0.0000 0.0000 0.0000 0.0000 0.0000
40 85 216 226.0 Optic-Chiasm 80.1435 17.8282 29.0000 108.0000 79.0000
41 251 823 777.7 CC_Posterior 100.5164 12.4317 41.0000 115.0000 74.0000
42 252 548 483.8 CC_Mid_Posterior 87.8850 17.8689 23.0000 111.0000 88.0000
43 253 543 490.7 CC_Central 92.1197 15.2086 41.0000 111.0000 70.0000
44 254 566 511.7 CC_Mid_Anterior 93.7968 15.5317 28.0000 110.0000 82.0000
45 255 1041 962.1 CC_Anterior 100.1191 14.6355 24.0000 118.0000 94.0000
