Index SegId NVoxels Volume_mm3 StructName normMean normStdDev normMin normMax normRange
1 4 6655 7027.8 Left-Lateral-Ventricle 33.3459 13.1106 9.0000 84.0000 75.0000
2 5 318 374.1 Left-Inf-Lat-Vent 47.1384 12.8767 7.0000 76.0000 69.0000
3 7 15319 16026.1 Left-Cerebellum-White-Matter 87.0461 6.0730 41.0000 105.0000 64.0000
4 8 53152 52916.5 Left-Cerebellum-Cortex 64.9335 10.5727 15.0000 96.0000 81.0000
5 10 8462 8204.0 Left-Thalamus 90.5811 9.0077 32.0000 110.0000 78.0000
6 11 3062 2965.8 Left-Caudate 74.6365 8.3357 47.0000 103.0000 56.0000
7 12 4649 4650.2 Left-Putamen 83.3906 6.6625 38.0000 102.0000 64.0000
8 13 1935 1883.7 Left-Pallidum 97.9240 4.2819 79.0000 117.0000 38.0000
9 14 1120 1138.6 3rd-Ventricle 43.2295 13.9828 17.0000 80.0000 63.0000
10 15 1794 1953.9 4th-Ventricle 34.0201 10.5772 15.0000 73.0000 58.0000
11 16 21226 21046.5 Brain-Stem 84.5910 9.4705 23.0000 115.0000 92.0000
12 17 4378 4267.5 Left-Hippocampus 68.2853 8.1703 30.0000 96.0000 66.0000
13 18 1697 1715.1 Left-Amygdala 70.9882 6.7354 38.0000 92.0000 54.0000
14 24 1099 1095.7 CSF 51.8335 14.2124 18.0000 91.0000 73.0000
15 26 508 503.8 Left-Accumbens-area 72.5217 5.4813 45.0000 86.0000 41.0000
16 28 4157 4033.2 Left-VentralDC 93.0262 10.9037 37.0000 116.0000 79.0000
17 30 65 80.8 Left-vessel 47.2462 13.9721 11.0000 73.0000 62.0000
18 31 733 733.9 Left-choroid-plexus 52.9468 11.7284 22.0000 88.0000 66.0000
19 43 6920 7131.1 Right-Lateral-Ventricle 35.2345 14.1196 11.0000 89.0000 78.0000
20 44 240 285.1 Right-Inf-Lat-Vent 45.9875 15.1283 16.0000 82.0000 66.0000
21 46 15042 15770.9 Right-Cerebellum-White-Matter 87.0206 6.2105 36.0000 105.0000 69.0000
22 47 55138 54846.1 Right-Cerebellum-Cortex 64.5139 10.9161 7.0000 95.0000 88.0000
23 49 7739 7455.4 Right-Thalamus 89.0588 9.0270 35.0000 110.0000 75.0000
24 50 3103 3031.1 Right-Caudate 73.9027 7.9084 21.0000 102.0000 81.0000
25 51 4986 4916.1 Right-Putamen 82.9138 6.4959 40.0000 104.0000 64.0000
26 52 1999 1986.1 Right-Pallidum 97.9715 4.6383 65.0000 113.0000 48.0000
27 53 4531 4434.9 Right-Hippocampus 66.8949 9.0647 18.0000 103.0000 85.0000
28 54 1812 1864.0 Right-Amygdala 70.7351 6.2962 38.0000 89.0000 51.0000
29 58 526 509.1 Right-Accumbens-area 74.7719 5.2833 54.0000 90.0000 36.0000
30 60 4088 3951.6 Right-VentralDC 92.4633 11.2909 25.0000 115.0000 90.0000
31 62 6 12.1 Right-vessel 55.1667 9.2826 40.0000 66.0000 26.0000
32 63 609 578.2 Right-choroid-plexus 52.6650 10.5960 14.0000 78.0000 64.0000
33 72 0 0.0 5th-Ventricle 0.0000 0.0000 0.0000 0.0000 0.0000
34 77 556 484.6 WM-hypointensities 70.2680 10.2940 43.0000 103.0000 60.0000
35 78 0 0.0 Left-WM-hypointensities 0.0000 0.0000 0.0000 0.0000 0.0000
36 79 0 0.0 Right-WM-hypointensities 0.0000 0.0000 0.0000 0.0000 0.0000
37 80 0 0.0 non-WM-hypointensities 0.0000 0.0000 0.0000 0.0000 0.0000
38 81 0 0.0 Left-non-WM-hypointensities 0.0000 0.0000 0.0000 0.0000 0.0000
39 82 0 0.0 Right-non-WM-hypointensities 0.0000 0.0000 0.0000 0.0000 0.0000
40 85 224 217.3 Optic-Chiasm 81.3170 17.0626 33.0000 110.0000 77.0000
41 251 813 759.2 CC_Posterior 98.8303 13.2398 43.0000 115.0000 72.0000
42 252 575 507.0 CC_Mid_Posterior 87.4122 19.3829 21.0000 114.0000 93.0000
43 253 545 496.1 CC_Central 92.9284 16.6721 36.0000 109.0000 73.0000
44 254 538 499.1 CC_Mid_Anterior 94.6673 13.8800 30.0000 109.0000 79.0000
45 255 1034 966.2 CC_Anterior 96.5309 13.4793 30.0000 117.0000 87.0000
