Index SegId NVoxels Volume_mm3 StructName normMean normStdDev normMin normMax normRange
1 4 6949 7306.6 Left-Lateral-Ventricle 32.1156 12.8925 8.0000 83.0000 75.0000
2 5 306 361.0 Left-Inf-Lat-Vent 46.1242 12.8187 13.0000 76.0000 63.0000
3 7 15797 16427.7 Left-Cerebellum-White-Matter 87.5887 6.6051 26.0000 106.0000 80.0000
4 8 53280 53077.1 Left-Cerebellum-Cortex 66.5205 10.7347 15.0000 100.0000 85.0000
5 10 8374 8147.2 Left-Thalamus 90.3764 9.0688 31.0000 109.0000 78.0000
6 11 3086 2974.3 Left-Caudate 75.6734 8.1927 47.0000 105.0000 58.0000
7 12 4741 4686.9 Left-Putamen 82.8553 5.7961 34.0000 103.0000 69.0000
8 13 1947 1914.1 Left-Pallidum 97.3744 4.1771 64.0000 114.0000 50.0000
9 14 1072 1119.8 3rd-Ventricle 42.0569 12.8544 20.0000 77.0000 57.0000
10 15 1792 1991.1 4th-Ventricle 32.1256 11.1719 13.0000 80.0000 67.0000
11 16 20785 20575.0 Brain-Stem 85.3867 9.6491 24.0000 114.0000 90.0000
12 17 4455 4361.2 Left-Hippocampus 68.5538 8.2759 32.0000 95.0000 63.0000
13 18 1472 1492.6 Left-Amygdala 67.8084 6.2407 40.0000 98.0000 58.0000
14 24 1209 1219.1 CSF 51.7196 14.5995 21.0000 98.0000 77.0000
15 26 447 446.7 Left-Accumbens-area 76.6711 5.7844 52.0000 88.0000 36.0000
16 28 4137 4026.3 Left-VentralDC 92.0674 10.6594 35.0000 114.0000 79.0000
17 30 67 84.0 Left-vessel 48.6866 12.9067 24.0000 77.0000 53.0000
18 31 707 688.4 Left-choroid-plexus 52.6337 11.0588 27.0000 82.0000 55.0000
19 43 7139 7315.4 Right-Lateral-Ventricle 34.0233 13.5339 5.0000 85.0000 80.0000
20 44 328 391.1 Right-Inf-Lat-Vent 46.0701 13.3752 14.0000 80.0000 66.0000
21 46 15089 15797.7 Right-Cerebellum-White-Matter 87.4548 6.6351 28.0000 110.0000 82.0000
22 47 55051 54864.1 Right-Cerebellum-Cortex 66.2236 10.7027 12.0000 97.0000 85.0000
23 49 7766 7440.1 Right-Thalamus 88.2592 9.3789 33.0000 107.0000 74.0000
24 50 2952 2929.5 Right-Caudate 75.2276 7.2693 45.0000 98.0000 53.0000
25 51 4828 4837.5 Right-Putamen 83.7237 5.7849 47.0000 103.0000 56.0000
26 52 1996 1968.4 Right-Pallidum 98.3863 3.9584 79.0000 111.0000 32.0000
27 53 4432 4289.4 Right-Hippocampus 68.3597 9.1145 20.0000 98.0000 78.0000
28 54 1803 1826.7 Right-Amygdala 71.0166 6.2169 43.0000 100.0000 57.0000
29 58 540 519.2 Right-Accumbens-area 77.2370 5.2389 50.0000 90.0000 40.0000
30 60 4169 3980.2 Right-VentralDC 91.7376 10.6912 34.0000 114.0000 80.0000
31 62 8 17.1 Right-vessel 56.0000 6.4365 45.0000 65.0000 20.0000
32 63 516 485.3 Right-choroid-plexus 52.2461 10.1087 21.0000 78.0000 57.0000
33 72 0 0.0 5th-Ventricle 0.0000 0.0000 0.0000 0.0000 0.0000
34 77 404 345.1 WM-hypointensities 69.4381 10.0859 41.0000 104.0000 63.0000
35 78 0 0.0 Left-WM-hypointensities 0.0000 0.0000 0.0000 0.0000 0.0000
36 79 0 0.0 Right-WM-hypointensities 0.0000 0.0000 0.0000 0.0000 0.0000
37 80 0 0.0 non-WM-hypointensities 0.0000 0.0000 0.0000 0.0000 0.0000
38 81 0 0.0 Left-non-WM-hypointensities 0.0000 0.0000 0.0000 0.0000 0.0000
39 82 0 0.0 Right-non-WM-hypointensities 0.0000 0.0000 0.0000 0.0000 0.0000
40 85 219 208.9 Optic-Chiasm 85.1826 18.5748 35.0000 114.0000 79.0000
41 251 834 774.2 CC_Posterior 99.4089 14.7546 27.0000 115.0000 88.0000
42 252 539 473.7 CC_Mid_Posterior 89.8312 20.9575 23.0000 117.0000 94.0000
43 253 482 447.9 CC_Central 96.2635 15.8124 41.0000 117.0000 76.0000
44 254 541 506.0 CC_Mid_Anterior 95.6414 13.9303 41.0000 113.0000 72.0000
45 255 1031 970.8 CC_Anterior 97.3763 13.1611 32.0000 118.0000 86.0000
