Index SegId NVoxels Volume_mm3 StructName normMean normStdDev normMin normMax normRange
1 4 6795 7155.3 Left-Lateral-Ventricle 34.6793 12.3852 10.0000 89.0000 79.0000
2 5 330 400.5 Left-Inf-Lat-Vent 49.6455 13.0360 16.0000 75.0000 59.0000
3 7 15449 16239.0 Left-Cerebellum-White-Matter 88.3714 6.2366 36.0000 109.0000 73.0000
4 8 53688 53431.8 Left-Cerebellum-Cortex 67.2132 10.6680 17.0000 102.0000 85.0000
5 10 7978 7751.5 Left-Thalamus 90.0099 9.3582 28.0000 110.0000 82.0000
6 11 3040 2997.7 Left-Caudate 75.1539 7.6548 48.0000 99.0000 51.0000
7 12 4763 4674.7 Left-Putamen 83.2349 5.8666 30.0000 103.0000 73.0000
8 13 2063 2038.1 Left-Pallidum 97.3160 3.9466 71.0000 117.0000 46.0000
9 14 1102 1127.6 3rd-Ventricle 43.7740 13.8977 15.0000 78.0000 63.0000
10 15 1731 1921.1 4th-Ventricle 33.0999 10.2978 13.0000 68.0000 55.0000
11 16 21106 20905.2 Brain-Stem 85.4418 9.9098 24.0000 116.0000 92.0000
12 17 4399 4273.9 Left-Hippocampus 70.3283 8.1327 34.0000 99.0000 65.0000
13 18 1745 1761.6 Left-Amygdala 68.0017 5.9624 38.0000 86.0000 48.0000
14 24 1172 1145.9 CSF 53.1451 14.5372 25.0000 113.0000 88.0000
15 26 353 353.5 Left-Accumbens-area 77.7280 6.9315 43.0000 95.0000 52.0000
16 28 4086 3934.2 Left-VentralDC 92.4958 10.8889 36.0000 115.0000 79.0000
17 30 54 75.4 Left-vessel 46.0926 13.7844 20.0000 74.0000 54.0000
18 31 710 708.0 Left-choroid-plexus 54.1676 11.5922 31.0000 83.0000 52.0000
19 43 6923 7156.6 Right-Lateral-Ventricle 36.6759 13.0166 12.0000 98.0000 86.0000
20 44 192 261.8 Right-Inf-Lat-Vent 43.2500 12.9582 15.0000 74.0000 59.0000
21 46 14247 14957.5 Right-Cerebellum-White-Matter 87.6788 6.5975 30.0000 107.0000 77.0000
22 47 55864 55636.8 Right-Cerebellum-Cortex 66.7524 10.7039 12.0000 102.0000 90.0000
23 49 7716 7419.2 Right-Thalamus 88.7214 8.8160 32.0000 107.0000 75.0000
24 50 3021 2941.9 Right-Caudate 74.9752 7.8675 42.0000 107.0000 65.0000
25 51 4703 4752.0 Right-Putamen 84.9305 5.9649 46.0000 106.0000 60.0000
26 52 1979 1954.3 Right-Pallidum 99.0894 4.5776 62.0000 114.0000 52.0000
27 53 4439 4359.2 Right-Hippocampus 70.0009 9.1140 27.0000 105.0000 78.0000
28 54 1728 1763.0 Right-Amygdala 72.2269 5.7362 45.0000 90.0000 45.0000
29 58 509 491.2 Right-Accumbens-area 77.5599 6.1098 46.0000 93.0000 47.0000
30 60 4208 4054.4 Right-VentralDC 91.8923 10.8158 31.0000 120.0000 89.0000
31 62 9 16.9 Right-vessel 58.2222 6.9960 51.0000 69.0000 18.0000
32 63 586 565.6 Right-choroid-plexus 53.1894 10.2074 21.0000 74.0000 53.0000
33 72 0 0.0 5th-Ventricle 0.0000 0.0000 0.0000 0.0000 0.0000
34 77 491 431.9 WM-hypointensities 69.1568 9.0930 43.0000 92.0000 49.0000
35 78 0 0.0 Left-WM-hypointensities 0.0000 0.0000 0.0000 0.0000 0.0000
36 79 0 0.0 Right-WM-hypointensities 0.0000 0.0000 0.0000 0.0000 0.0000
37 80 0 0.0 non-WM-hypointensities 0.0000 0.0000 0.0000 0.0000 0.0000
38 81 0 0.0 Left-non-WM-hypointensities 0.0000 0.0000 0.0000 0.0000 0.0000
39 82 0 0.0 Right-non-WM-hypointensities 0.0000 0.0000 0.0000 0.0000 0.0000
40 85 201 195.6 Optic-Chiasm 84.8358 18.1846 36.0000 116.0000 80.0000
41 251 819 766.5 CC_Posterior 101.2906 13.2741 41.0000 116.0000 75.0000
42 252 568 499.4 CC_Mid_Posterior 90.0352 21.2689 25.0000 119.0000 94.0000
43 253 494 446.4 CC_Central 94.8057 16.1850 32.0000 116.0000 84.0000
44 254 544 503.1 CC_Mid_Anterior 95.4210 13.7493 44.0000 110.0000 66.0000
45 255 1065 1004.0 CC_Anterior 98.5878 13.8559 32.0000 118.0000 86.0000
