Index SegId NVoxels Volume_mm3 StructName normMean normStdDev normMin normMax normRange
1 4 6556 6885.0 Left-Lateral-Ventricle 21.1399 14.0689 0.0000 79.0000 79.0000
2 5 368 415.6 Left-Inf-Lat-Vent 38.2011 15.4307 3.0000 72.0000 69.0000
3 7 15059 15494.9 Left-Cerebellum-White-Matter 85.6480 8.4394 17.0000 111.0000 94.0000
4 8 55956 56008.2 Left-Cerebellum-Cortex 56.2735 12.1754 3.0000 111.0000 108.0000
5 10 7896 7632.8 Left-Thalamus 82.3832 10.0018 27.0000 110.0000 83.0000
6 11 3337 3251.0 Left-Caudate 66.4998 8.8999 36.0000 96.0000 60.0000
7 12 5107 4973.6 Left-Putamen 74.6714 7.6087 19.0000 99.0000 80.0000
8 13 1864 1825.2 Left-Pallidum 93.9126 5.8270 75.0000 117.0000 42.0000
9 14 868 908.1 3rd-Ventricle 30.0334 15.1039 5.0000 75.0000 70.0000
10 15 1998 2093.7 4th-Ventricle 22.7848 12.6633 2.0000 70.0000 68.0000
11 16 20724 20817.9 Brain-Stem 81.2641 10.2964 10.0000 118.0000 108.0000
12 17 4323 4227.7 Left-Hippocampus 59.0974 9.7032 14.0000 94.0000 80.0000
13 18 1555 1593.5 Left-Amygdala 62.5228 6.3656 31.0000 83.0000 52.0000
14 24 897 914.4 CSF 36.9331 15.3989 3.0000 94.0000 91.0000
15 26 415 411.1 Left-Accumbens-area 65.7542 5.9379 39.0000 84.0000 45.0000
16 28 3907 3860.1 Left-VentralDC 91.7942 12.5588 20.0000 127.0000 107.0000
17 30 71 72.4 Left-vessel 42.2958 16.1381 14.0000 72.0000 58.0000
18 31 867 811.7 Left-choroid-plexus 46.6932 11.4653 17.0000 80.0000 63.0000
19 43 6535 6802.7 Right-Lateral-Ventricle 22.9533 14.6722 0.0000 81.0000 81.0000
20 44 368 418.4 Right-Inf-Lat-Vent 34.6957 16.4635 3.0000 74.0000 71.0000
21 46 13162 13658.1 Right-Cerebellum-White-Matter 86.2081 7.7032 21.0000 109.0000 88.0000
22 47 57132 57228.1 Right-Cerebellum-Cortex 59.0831 11.7570 3.0000 104.0000 101.0000
23 49 7596 7269.9 Right-Thalamus 79.9951 10.3503 16.0000 107.0000 91.0000
24 50 3510 3375.3 Right-Caudate 65.0963 9.1150 34.0000 102.0000 68.0000
25 51 5178 5053.4 Right-Putamen 73.1439 8.3020 17.0000 96.0000 79.0000
26 52 1926 1854.9 Right-Pallidum 92.9875 6.0873 68.0000 110.0000 42.0000
27 53 4269 4244.1 Right-Hippocampus 60.2586 8.8327 20.0000 98.0000 78.0000
28 54 1665 1681.9 Right-Amygdala 61.8727 6.6237 32.0000 87.0000 55.0000
29 58 517 490.0 Right-Accumbens-area 66.3404 7.0431 32.0000 90.0000 58.0000
30 60 3786 3624.7 Right-VentralDC 89.0946 12.9013 27.0000 124.0000 97.0000
31 62 8 11.6 Right-vessel 47.6250 7.1101 38.0000 59.0000 21.0000
32 63 806 707.9 Right-choroid-plexus 46.2134 11.5442 18.0000 80.0000 62.0000
33 72 0 0.0 5th-Ventricle 0.0000 0.0000 0.0000 0.0000 0.0000
34 77 934 888.9 WM-hypointensities 70.8715 10.5319 38.0000 93.0000 55.0000
35 78 0 0.0 Left-WM-hypointensities 0.0000 0.0000 0.0000 0.0000 0.0000
36 79 0 0.0 Right-WM-hypointensities 0.0000 0.0000 0.0000 0.0000 0.0000
37 80 0 0.0 non-WM-hypointensities 0.0000 0.0000 0.0000 0.0000 0.0000
38 81 0 0.0 Left-non-WM-hypointensities 0.0000 0.0000 0.0000 0.0000 0.0000
39 82 0 0.0 Right-non-WM-hypointensities 0.0000 0.0000 0.0000 0.0000 0.0000
40 85 191 194.3 Optic-Chiasm 90.9110 23.2122 29.0000 135.0000 106.0000
41 251 857 842.3 CC_Posterior 119.9125 20.3725 39.0000 154.0000 115.0000
42 252 578 520.7 CC_Mid_Posterior 103.5813 28.7684 16.0000 148.0000 132.0000
43 253 558 499.7 CC_Central 113.0018 26.8444 32.0000 148.0000 116.0000
44 254 573 563.6 CC_Mid_Anterior 120.2461 23.6270 40.0000 153.0000 113.0000
45 255 1127 1134.5 CC_Anterior 125.7613 28.9061 24.0000 178.0000 154.0000
