Index SegId NVoxels Volume_mm3 StructName normMean normStdDev normMin normMax normRange
1 4 6928 7332.3 Left-Lateral-Ventricle 35.1845 12.7257 14.0000 89.0000 75.0000
2 5 163 222.2 Left-Inf-Lat-Vent 48.7669 13.8009 22.0000 76.0000 54.0000
3 7 17551 18316.5 Left-Cerebellum-White-Matter 85.7339 6.6291 31.0000 109.0000 78.0000
4 8 54026 53962.5 Left-Cerebellum-Cortex 63.2128 10.4885 20.0000 100.0000 80.0000
5 10 7999 7709.4 Left-Thalamus 90.1024 9.2710 32.0000 110.0000 78.0000
6 11 3093 2948.7 Left-Caudate 76.8338 8.4780 45.0000 109.0000 64.0000
7 12 4726 4709.5 Left-Putamen 88.3574 6.1975 44.0000 106.0000 62.0000
8 13 1958 1943.4 Left-Pallidum 102.0026 4.2406 71.0000 116.0000 45.0000
9 14 1147 1174.3 3rd-Ventricle 43.3139 13.9202 14.0000 84.0000 70.0000
10 15 1767 1926.7 4th-Ventricle 34.1262 10.5104 19.0000 78.0000 59.0000
11 16 21019 20887.1 Brain-Stem 82.9510 9.5777 29.0000 109.0000 80.0000
12 17 4504 4442.5 Left-Hippocampus 68.7531 7.2358 35.0000 96.0000 61.0000
13 18 1639 1681.9 Left-Amygdala 69.5802 6.0829 32.0000 86.0000 54.0000
14 24 1079 1075.1 CSF 52.8675 14.1213 24.0000 93.0000 69.0000
15 26 414 422.5 Left-Accumbens-area 74.3092 5.1525 47.0000 86.0000 39.0000
16 28 4109 4010.8 Left-VentralDC 93.5488 10.7851 40.0000 113.0000 73.0000
17 30 48 66.4 Left-vessel 51.4583 13.4891 27.0000 74.0000 47.0000
18 31 616 627.9 Left-choroid-plexus 53.7581 11.3113 27.0000 80.0000 53.0000
19 43 6873 7135.7 Right-Lateral-Ventricle 36.1066 13.6401 11.0000 96.0000 85.0000
20 44 205 255.6 Right-Inf-Lat-Vent 48.1951 14.3865 20.0000 79.0000 59.0000
21 46 15865 16649.6 Right-Cerebellum-White-Matter 86.3730 6.2896 36.0000 105.0000 69.0000
22 47 56419 56374.8 Right-Cerebellum-Cortex 65.0495 10.1164 16.0000 96.0000 80.0000
23 49 7773 7370.9 Right-Thalamus 87.9458 9.4439 23.0000 108.0000 85.0000
24 50 3114 3041.8 Right-Caudate 74.7967 7.6711 42.0000 101.0000 59.0000
25 51 5097 5007.0 Right-Putamen 85.7485 6.0563 46.0000 104.0000 58.0000
26 52 1923 1936.3 Right-Pallidum 99.9834 4.0274 67.0000 113.0000 46.0000
27 53 4518 4426.5 Right-Hippocampus 68.3451 7.3327 28.0000 97.0000 69.0000
28 54 1594 1666.7 Right-Amygdala 69.5640 5.5585 43.0000 86.0000 43.0000
29 58 483 476.5 Right-Accumbens-area 73.8240 5.2225 51.0000 88.0000 37.0000
30 60 4220 4072.4 Right-VentralDC 92.1595 11.6488 29.0000 114.0000 85.0000
31 62 9 19.9 Right-vessel 61.3333 7.8740 47.0000 72.0000 25.0000
32 63 515 506.7 Right-choroid-plexus 53.6951 10.8078 17.0000 80.0000 63.0000
33 72 0 0.0 5th-Ventricle 0.0000 0.0000 0.0000 0.0000 0.0000
34 77 730 647.3 WM-hypointensities 70.2863 9.4545 42.0000 106.0000 64.0000
35 78 0 0.0 Left-WM-hypointensities 0.0000 0.0000 0.0000 0.0000 0.0000
36 79 0 0.0 Right-WM-hypointensities 0.0000 0.0000 0.0000 0.0000 0.0000
37 80 0 0.0 non-WM-hypointensities 0.0000 0.0000 0.0000 0.0000 0.0000
38 81 0 0.0 Left-non-WM-hypointensities 0.0000 0.0000 0.0000 0.0000 0.0000
39 82 0 0.0 Right-non-WM-hypointensities 0.0000 0.0000 0.0000 0.0000 0.0000
40 85 223 237.9 Optic-Chiasm 80.4978 15.6176 29.0000 106.0000 77.0000
41 251 832 781.0 CC_Posterior 100.3678 12.6292 45.0000 115.0000 70.0000
42 252 566 491.3 CC_Mid_Posterior 88.9028 17.0591 36.0000 113.0000 77.0000
43 253 538 478.7 CC_Central 92.8494 15.5021 37.0000 110.0000 73.0000
44 254 566 515.4 CC_Mid_Anterior 94.5848 14.8893 42.0000 110.0000 68.0000
45 255 1078 997.9 CC_Anterior 100.1586 15.2384 35.0000 117.0000 82.0000
