Index SegId NVoxels Volume_mm3 StructName normMean normStdDev normMin normMax normRange
1 4 6934 7292.1 Left-Lateral-Ventricle 36.1509 12.6773 12.0000 90.0000 78.0000
2 5 315 413.3 Left-Inf-Lat-Vent 51.5841 10.1282 29.0000 74.0000 45.0000
3 7 14750 15576.6 Left-Cerebellum-White-Matter 88.0146 5.6922 30.0000 105.0000 75.0000
4 8 55983 55581.9 Left-Cerebellum-Cortex 69.0190 10.6543 19.0000 99.0000 80.0000
5 10 8091 7770.2 Left-Thalamus 88.8151 9.3479 23.0000 108.0000 85.0000
6 11 2992 2908.6 Left-Caudate 77.5578 7.8833 45.0000 100.0000 55.0000
7 12 4748 4663.9 Left-Putamen 85.8374 5.6838 38.0000 103.0000 65.0000
8 13 2051 2062.9 Left-Pallidum 97.7133 3.7308 73.0000 110.0000 37.0000
9 14 1153 1188.2 3rd-Ventricle 45.0685 12.9300 20.0000 88.0000 68.0000
10 15 1918 2065.4 4th-Ventricle 35.8394 10.8298 16.0000 72.0000 56.0000
11 16 21294 20982.2 Brain-Stem 84.6806 9.5194 20.0000 113.0000 93.0000
12 17 4494 4327.5 Left-Hippocampus 70.2463 7.1842 36.0000 95.0000 59.0000
13 18 1536 1557.9 Left-Amygdala 71.4596 6.1252 43.0000 87.0000 44.0000
14 24 1090 1085.1 CSF 53.0477 15.0796 17.0000 104.0000 87.0000
15 26 441 445.3 Left-Accumbens-area 75.4172 6.1705 46.0000 87.0000 41.0000
16 28 4247 4103.6 Left-VentralDC 91.6313 10.3079 39.0000 114.0000 75.0000
17 30 62 69.2 Left-vessel 55.9355 12.3976 27.0000 78.0000 51.0000
18 31 563 583.2 Left-choroid-plexus 54.7176 11.5605 30.0000 86.0000 56.0000
19 43 7169 7319.9 Right-Lateral-Ventricle 37.9591 13.7703 13.0000 94.0000 81.0000
20 44 118 142.1 Right-Inf-Lat-Vent 41.2203 12.8961 18.0000 74.0000 56.0000
21 46 14163 14975.6 Right-Cerebellum-White-Matter 87.7664 5.8273 29.0000 105.0000 76.0000
22 47 55545 55220.2 Right-Cerebellum-Cortex 68.2152 10.9375 14.0000 100.0000 86.0000
23 49 7746 7449.4 Right-Thalamus 90.2378 8.6678 41.0000 108.0000 67.0000
24 50 3125 3002.7 Right-Caudate 77.5818 7.7774 47.0000 103.0000 56.0000
25 51 4987 4903.4 Right-Putamen 85.9096 5.5720 52.0000 104.0000 52.0000
26 52 2015 2022.3 Right-Pallidum 98.8179 3.5250 80.0000 111.0000 31.0000
27 53 4630 4566.0 Right-Hippocampus 68.6695 8.0788 26.0000 93.0000 67.0000
28 54 1821 1867.2 Right-Amygdala 72.4064 5.9463 44.0000 92.0000 48.0000
29 58 495 467.0 Right-Accumbens-area 78.7232 5.5230 43.0000 97.0000 54.0000
30 60 4299 4087.1 Right-VentralDC 91.3836 10.8262 35.0000 114.0000 79.0000
31 62 7 15.0 Right-vessel 61.7143 7.2736 52.0000 70.0000 18.0000
32 63 497 494.9 Right-choroid-plexus 55.2817 10.5954 19.0000 79.0000 60.0000
33 72 0 0.0 5th-Ventricle 0.0000 0.0000 0.0000 0.0000 0.0000
34 77 570 500.3 WM-hypointensities 71.6105 9.5656 48.0000 98.0000 50.0000
35 78 0 0.0 Left-WM-hypointensities 0.0000 0.0000 0.0000 0.0000 0.0000
36 79 0 0.0 Right-WM-hypointensities 0.0000 0.0000 0.0000 0.0000 0.0000
37 80 0 0.0 non-WM-hypointensities 0.0000 0.0000 0.0000 0.0000 0.0000
38 81 0 0.0 Left-non-WM-hypointensities 0.0000 0.0000 0.0000 0.0000 0.0000
39 82 0 0.0 Right-non-WM-hypointensities 0.0000 0.0000 0.0000 0.0000 0.0000
40 85 181 180.9 Optic-Chiasm 86.0221 18.2623 38.0000 113.0000 75.0000
41 251 827 773.6 CC_Posterior 98.5647 13.3112 43.0000 115.0000 72.0000
42 252 531 470.5 CC_Mid_Posterior 90.4595 19.7369 22.0000 115.0000 93.0000
43 253 526 465.1 CC_Central 92.6958 16.0003 43.0000 113.0000 70.0000
44 254 547 502.8 CC_Mid_Anterior 94.7477 13.0538 40.0000 110.0000 70.0000
45 255 1011 964.7 CC_Anterior 97.6597 11.7179 39.0000 121.0000 82.0000
