Index SegId NVoxels Volume_mm3 StructName normMean normStdDev normMin normMax normRange
1 4 7138 7508.0 Left-Lateral-Ventricle 32.0251 12.9412 10.0000 85.0000 75.0000
2 5 264 351.5 Left-Inf-Lat-Vent 46.9508 11.8113 17.0000 76.0000 59.0000
3 7 16463 17157.8 Left-Cerebellum-White-Matter 86.6734 6.6661 29.0000 106.0000 77.0000
4 8 53395 53327.1 Left-Cerebellum-Cortex 62.5658 10.8217 15.0000 99.0000 84.0000
5 10 7748 7451.8 Left-Thalamus 87.8398 9.4085 36.0000 109.0000 73.0000
6 11 3033 2930.8 Left-Caudate 74.5470 8.4583 40.0000 99.0000 59.0000
7 12 4797 4738.9 Left-Putamen 87.6977 6.1400 46.0000 109.0000 63.0000
8 13 1921 1904.9 Left-Pallidum 100.8188 4.2196 83.0000 118.0000 35.0000
9 14 1082 1145.0 3rd-Ventricle 39.5240 13.6339 16.0000 84.0000 68.0000
10 15 1836 2022.7 4th-Ventricle 30.7070 10.5901 15.0000 68.0000 53.0000
11 16 20942 20827.9 Brain-Stem 82.7994 10.0017 23.0000 111.0000 88.0000
12 17 4332 4235.9 Left-Hippocampus 67.6461 7.2972 35.0000 96.0000 61.0000
13 18 1640 1696.1 Left-Amygdala 70.3738 6.0911 47.0000 89.0000 42.0000
14 24 1089 1109.4 CSF 48.4050 13.4289 19.0000 96.0000 77.0000
15 26 430 443.9 Left-Accumbens-area 74.2884 5.5613 45.0000 85.0000 40.0000
16 28 4160 4052.7 Left-VentralDC 93.3192 10.8382 33.0000 115.0000 82.0000
17 30 52 72.9 Left-vessel 52.3846 12.2445 29.0000 75.0000 46.0000
18 31 725 745.7 Left-choroid-plexus 52.1752 11.0435 25.0000 80.0000 55.0000
19 43 6827 7186.9 Right-Lateral-Ventricle 32.9897 13.2130 11.0000 92.0000 81.0000
20 44 200 257.2 Right-Inf-Lat-Vent 43.7400 13.9368 14.0000 74.0000 60.0000
21 46 15690 16403.9 Right-Cerebellum-White-Matter 85.3435 6.4433 34.0000 104.0000 70.0000
22 47 56227 56286.4 Right-Cerebellum-Cortex 62.8789 10.2878 14.0000 93.0000 79.0000
23 49 7784 7435.3 Right-Thalamus 87.2108 9.5443 34.0000 108.0000 74.0000
24 50 3093 2985.7 Right-Caudate 73.7834 8.3740 42.0000 101.0000 59.0000
25 51 4859 4861.4 Right-Putamen 84.0755 6.1068 42.0000 102.0000 60.0000
26 52 1951 1925.4 Right-Pallidum 99.0425 4.1881 77.0000 112.0000 35.0000
27 53 4623 4492.9 Right-Hippocampus 67.9645 8.2794 29.0000 97.0000 68.0000
28 54 1751 1813.3 Right-Amygdala 69.3501 6.1873 33.0000 88.0000 55.0000
29 58 514 493.2 Right-Accumbens-area 74.6887 5.0209 51.0000 90.0000 39.0000
30 60 4263 4074.7 Right-VentralDC 92.0610 11.9409 35.0000 124.0000 89.0000
31 62 9 17.9 Right-vessel 57.3333 5.7879 46.0000 66.0000 20.0000
32 63 631 597.7 Right-choroid-plexus 50.9509 10.9189 19.0000 85.0000 66.0000
33 72 0 0.0 5th-Ventricle 0.0000 0.0000 0.0000 0.0000 0.0000
34 77 808 693.7 WM-hypointensities 68.6399 10.2010 36.0000 95.0000 59.0000
35 78 0 0.0 Left-WM-hypointensities 0.0000 0.0000 0.0000 0.0000 0.0000
36 79 0 0.0 Right-WM-hypointensities 0.0000 0.0000 0.0000 0.0000 0.0000
37 80 0 0.0 non-WM-hypointensities 0.0000 0.0000 0.0000 0.0000 0.0000
38 81 0 0.0 Left-non-WM-hypointensities 0.0000 0.0000 0.0000 0.0000 0.0000
39 82 0 0.0 Right-non-WM-hypointensities 0.0000 0.0000 0.0000 0.0000 0.0000
40 85 224 238.3 Optic-Chiasm 80.3795 16.9164 25.0000 105.0000 80.0000
41 251 829 768.1 CC_Posterior 98.9831 12.7775 44.0000 113.0000 69.0000
42 252 620 542.8 CC_Mid_Posterior 84.2774 19.4550 25.0000 111.0000 86.0000
43 253 495 449.6 CC_Central 91.5778 16.4799 38.0000 110.0000 72.0000
44 254 553 505.6 CC_Mid_Anterior 93.8969 14.6061 41.0000 109.0000 68.0000
45 255 1049 989.4 CC_Anterior 99.9037 14.6882 40.0000 116.0000 76.0000
