Index SegId NVoxels Volume_mm3 StructName normMean normStdDev normMin normMax normRange
1 4 6690 7082.4 Left-Lateral-Ventricle 33.1305 13.0463 11.0000 83.0000 72.0000
2 5 273 350.6 Left-Inf-Lat-Vent 49.5128 12.0486 17.0000 75.0000 58.0000
3 7 15496 16228.0 Left-Cerebellum-White-Matter 87.3307 6.3372 28.0000 106.0000 78.0000
4 8 53889 53461.7 Left-Cerebellum-Cortex 65.7518 10.5242 15.0000 96.0000 81.0000
5 10 8353 8048.5 Left-Thalamus 88.4843 9.1624 32.0000 110.0000 78.0000
6 11 3158 3037.3 Left-Caudate 74.9281 8.4794 44.0000 104.0000 60.0000
7 12 4736 4662.1 Left-Putamen 83.7040 5.8556 41.0000 102.0000 61.0000
8 13 2005 1971.9 Left-Pallidum 97.6524 3.9473 74.0000 113.0000 39.0000
9 14 1002 1049.2 3rd-Ventricle 41.2745 13.2890 10.0000 78.0000 68.0000
10 15 1889 2045.6 4th-Ventricle 33.3404 10.9990 15.0000 68.0000 53.0000
11 16 21509 21302.1 Brain-Stem 84.4744 9.5809 26.0000 112.0000 86.0000
12 17 4512 4399.5 Left-Hippocampus 67.8537 8.2718 26.0000 99.0000 73.0000
13 18 1718 1748.6 Left-Amygdala 71.4709 6.2330 45.0000 90.0000 45.0000
14 24 1092 1092.6 CSF 50.0604 14.1695 19.0000 97.0000 78.0000
15 26 402 418.5 Left-Accumbens-area 75.8955 5.8198 50.0000 91.0000 41.0000
16 28 4183 4080.2 Left-VentralDC 92.6211 10.8595 41.0000 118.0000 77.0000
17 30 69 81.2 Left-vessel 49.2609 14.0531 19.0000 73.0000 54.0000
18 31 634 631.7 Left-choroid-plexus 52.0505 10.9243 25.0000 86.0000 61.0000
19 43 6785 7028.8 Right-Lateral-Ventricle 34.3794 13.8887 9.0000 86.0000 77.0000
20 44 239 274.5 Right-Inf-Lat-Vent 45.6736 15.7075 9.0000 75.0000 66.0000
21 46 13342 14153.3 Right-Cerebellum-White-Matter 87.5245 5.8318 32.0000 103.0000 71.0000
22 47 56168 55939.9 Right-Cerebellum-Cortex 65.3631 10.8592 14.0000 100.0000 86.0000
23 49 7573 7276.5 Right-Thalamus 88.1845 9.0301 29.0000 107.0000 78.0000
24 50 3053 2965.2 Right-Caudate 74.7409 8.0649 28.0000 97.0000 69.0000
25 51 4927 4915.5 Right-Putamen 83.2602 6.1011 44.0000 104.0000 60.0000
26 52 2026 2006.3 Right-Pallidum 98.1841 4.2939 69.0000 112.0000 43.0000
27 53 4437 4370.4 Right-Hippocampus 66.3410 8.6973 20.0000 97.0000 77.0000
28 54 1907 1917.9 Right-Amygdala 71.5616 6.7237 47.0000 94.0000 47.0000
29 58 555 512.9 Right-Accumbens-area 77.2072 5.4949 57.0000 93.0000 36.0000
30 60 4192 4047.6 Right-VentralDC 92.1274 11.0527 35.0000 122.0000 87.0000
31 62 12 24.7 Right-vessel 56.9167 7.1790 48.0000 74.0000 26.0000
32 63 537 501.1 Right-choroid-plexus 52.1304 10.8526 18.0000 79.0000 61.0000
33 72 0 0.0 5th-Ventricle 0.0000 0.0000 0.0000 0.0000 0.0000
34 77 595 524.6 WM-hypointensities 69.6588 9.5244 41.0000 96.0000 55.0000
35 78 0 0.0 Left-WM-hypointensities 0.0000 0.0000 0.0000 0.0000 0.0000
36 79 0 0.0 Right-WM-hypointensities 0.0000 0.0000 0.0000 0.0000 0.0000
37 80 0 0.0 non-WM-hypointensities 0.0000 0.0000 0.0000 0.0000 0.0000
38 81 0 0.0 Left-non-WM-hypointensities 0.0000 0.0000 0.0000 0.0000 0.0000
39 82 0 0.0 Right-non-WM-hypointensities 0.0000 0.0000 0.0000 0.0000 0.0000
40 85 186 180.8 Optic-Chiasm 84.7151 17.8089 39.0000 113.0000 74.0000
41 251 824 759.6 CC_Posterior 98.2609 14.2243 40.0000 116.0000 76.0000
42 252 539 468.7 CC_Mid_Posterior 89.7811 17.9420 29.0000 118.0000 89.0000
43 253 495 449.5 CC_Central 93.0869 16.8854 37.0000 115.0000 78.0000
44 254 542 496.9 CC_Mid_Anterior 94.2915 14.0058 46.0000 109.0000 63.0000
45 255 1038 974.5 CC_Anterior 96.8295 14.4294 26.0000 119.0000 93.0000
