StructName NumVert SurfArea GrayVol ThickAvg ThickStd MeanCurv GausCurv FoldInd CurvInd
G_and_S_frontomargin 900 662 1743 2.408 0.680 0.142 0.035 11 1.3
G_and_S_occipital_inf 1216 808 2580 2.671 0.490 0.126 0.025 12 1.2
G_and_S_paracentral 1510 816 2449 2.478 0.535 0.087 0.015 9 1.0
G_and_S_subcentral 1211 815 2465 2.646 0.427 0.116 0.023 11 1.1
G_and_S_transv_frontopol 1057 837 2860 2.741 0.697 0.166 0.044 21 2.0
G_and_S_cingul-Ant 3100 2193 5889 2.615 0.589 0.109 0.021 27 2.6
G_and_S_cingul-Mid-Ant 1683 1116 3223 2.813 0.439 0.106 0.020 12 1.3
G_and_S_cingul-Mid-Post 1507 1007 2852 2.613 0.468 0.105 0.018 11 1.2
G_cingul-Post-dorsal 481 341 1373 2.954 0.479 0.140 0.032 7 0.6
G_cingul-Post-ventral 299 196 769 2.860 0.896 0.131 0.037 4 0.4
G_cuneus 2688 1604 3666 1.995 0.435 0.123 0.027 30 3.1
G_front_inf-Opercular 1196 778 3023 2.960 0.381 0.129 0.025 15 1.3
G_front_inf-Orbital 335 235 673 2.483 0.418 0.108 0.019 4 0.2
G_front_inf-Triangul 979 636 2472 2.802 0.560 0.115 0.021 10 0.8
G_front_middle 3516 2503 8796 2.637 0.528 0.146 0.034 58 5.1
G_front_sup 6793 4463 16443 2.972 0.553 0.116 0.023 66 6.8
G_Ins_lg_and_S_cent_ins 714 482 1626 3.372 1.090 0.136 0.047 17 1.4
G_insular_short 621 435 2144 3.613 0.916 0.124 0.029 9 0.7
G_occipital_middle 2204 1472 4693 2.488 0.459 0.122 0.021 26 2.1
G_occipital_sup 1916 1145 2925 2.156 0.532 0.112 0.022 18 1.7
G_oc-temp_lat-fusifor 2294 1482 5576 2.979 0.548 0.120 0.023 30 2.2
G_oc-temp_med-Lingual 2790 1775 4291 2.037 0.677 0.138 0.035 38 4.0
G_oc-temp_med-Parahip 1411 898 3850 3.163 0.812 0.104 0.026 12 1.2
G_orbital 2464 1776 7110 2.956 0.648 0.138 0.033 35 3.5
G_pariet_inf-Angular 3577 2410 8182 2.608 0.490 0.133 0.027 47 4.0
G_pariet_inf-Supramar 1971 1311 4558 2.771 0.461 0.121 0.023 24 1.9
G_parietal_sup 2232 1416 4572 2.447 0.418 0.118 0.021 27 1.9
G_postcentral 2116 1192 3081 2.067 0.521 0.086 0.014 17 1.3
G_precentral 3229 1739 7252 3.074 0.438 0.085 0.015 22 2.1
G_precuneus 2371 1535 4897 2.490 0.519 0.123 0.024 33 2.3
G_rectus 894 642 2347 2.604 0.662 0.128 0.033 12 1.3
G_subcallosal 445 293 694 2.154 0.950 0.124 0.043 5 0.8
G_temp_sup-G_T_transv 438 245 616 2.073 0.447 0.113 0.033 5 0.5
G_temp_sup-Lateral 1927 1306 5425 3.091 0.459 0.127 0.023 26 1.9
G_temp_sup-Plan_polar 819 538 1892 3.281 0.775 0.067 0.013 2 0.4
G_temp_sup-Plan_tempo 850 554 1514 2.537 0.475 0.076 0.012 4 0.3
G_temporal_inf 2437 1664 7339 3.046 0.684 0.121 0.026 31 2.4
G_temporal_middle 3050 2125 8422 2.990 0.630 0.120 0.021 35 2.8
Lat_Fis-ant-Horizont 397 277 517 2.144 0.259 0.090 0.012 1 0.2
Lat_Fis-ant-Vertical 346 235 453 2.261 0.474 0.084 0.013 1 0.1
Lat_Fis-post 1411 915 1867 2.524 0.403 0.093 0.016 6 1.0
Pole_occipital 4135 2585 5842 1.974 0.649 0.131 0.029 46 5.1
Pole_temporal 1762 1307 6491 3.366 0.719 0.147 0.039 23 3.0
S_calcarine 2241 1539 2713 1.992 0.588 0.126 0.027 20 2.5
S_central 3389 2259 4075 2.015 0.743 0.080 0.012 12 1.8
S_cingul-Marginalis 1465 934 1906 2.231 0.443 0.077 0.010 5 0.6
S_circular_insula_ant 616 410 1020 2.947 0.724 0.105 0.021 3 0.6
S_circular_insula_inf 1375 868 1772 2.385 0.561 0.066 0.008 3 0.5
S_circular_insula_sup 1553 1029 2292 2.693 0.518 0.103 0.017 7 1.2
S_collat_transv_ant 1247 832 1777 2.276 0.436 0.086 0.012 6 0.6
S_collat_transv_post 428 278 481 1.967 0.424 0.112 0.018 3 0.3
S_front_inf 1641 1106 2150 2.172 0.398 0.094 0.016 9 1.1
S_front_middle 2041 1436 3166 2.245 0.455 0.113 0.022 17 1.8
S_front_sup 3161 2093 4957 2.485 0.463 0.086 0.012 14 1.6
S_interm_prim-Jensen 397 277 514 2.265 0.360 0.112 0.017 2 0.3
S_intrapariet_and_P_trans 3961 2576 5206 2.153 0.460 0.093 0.013 20 2.4
S_oc_middle_and_Lunatus 1005 669 1200 2.053 0.350 0.105 0.017 7 0.6
S_oc_sup_and_transversal 1685 1105 2041 2.079 0.452 0.109 0.017 12 1.3
S_occipital_ant 607 406 762 2.341 0.374 0.128 0.032 5 0.8
S_oc-temp_lat 1298 862 1845 2.432 0.380 0.085 0.013 5 0.7
S_oc-temp_med_and_Lingual 2030 1344 2836 2.334 0.510 0.102 0.015 13 1.2
S_orbital_lateral 285 217 499 2.416 0.563 0.143 0.031 2 0.5
S_orbital_med-olfact 798 532 1007 1.986 0.564 0.089 0.015 4 0.4
S_orbital-H_Shaped 1292 866 2274 2.722 0.723 0.115 0.023 10 1.3
S_parieto_occipital 2695 1770 3555 2.214 0.509 0.104 0.017 17 2.0
S_pericallosal 1763 1125 1380 1.562 0.485 0.114 0.021 23 1.5
S_postcentral 2268 1462 2674 1.975 0.454 0.085 0.012 12 1.0
S_precentral-inf-part 1187 775 1813 2.590 0.400 0.089 0.013 6 0.7
S_precentral-sup-part 1826 1168 2442 2.474 0.431 0.079 0.011 6 0.9
S_suborbital 404 274 450 2.038 0.490 0.118 0.014 3 0.3
S_subparietal 909 613 1292 2.289 0.539 0.098 0.015 5 0.5
S_temporal_inf 1344 900 1951 2.627 0.479 0.107 0.018 8 1.0
S_temporal_sup 6638 4456 10038 2.513 0.392 0.098 0.017 39 4.6
S_temporal_transverse 317 222 392 2.142 0.287 0.142 0.025 4 0.4
