StructName NumVert SurfArea GrayVol ThickAvg ThickStd MeanCurv GausCurv FoldInd CurvInd
G_and_S_frontomargin 990 736 1958 2.430 0.556 0.151 0.036 14 1.7
G_and_S_occipital_inf 1215 832 2459 2.500 0.466 0.131 0.028 13 1.3
G_and_S_paracentral 1585 833 2525 2.513 0.610 0.088 0.018 10 1.2
G_and_S_subcentral 1250 830 2515 2.675 0.408 0.119 0.023 12 1.1
G_and_S_transv_frontopol 1099 826 2742 2.645 0.608 0.159 0.039 19 1.9
G_and_S_cingul-Ant 3233 2248 6178 2.642 0.458 0.112 0.022 29 2.8
G_and_S_cingul-Mid-Ant 1790 1163 3284 2.701 0.423 0.106 0.020 14 1.4
G_and_S_cingul-Mid-Post 1598 1053 3002 2.665 0.441 0.108 0.020 11 1.4
G_cingul-Post-dorsal 504 349 1394 2.877 0.635 0.134 0.035 6 0.7
G_cingul-Post-ventral 302 183 747 2.833 0.813 0.137 0.045 7 0.4
G_cuneus 2638 1650 3535 1.940 0.386 0.128 0.029 28 3.3
G_front_inf-Opercular 1165 762 3007 2.955 0.356 0.132 0.025 15 1.3
G_front_inf-Orbital 360 238 739 2.708 0.426 0.109 0.016 4 0.2
G_front_inf-Triangul 1046 655 2632 2.825 0.583 0.116 0.020 12 0.9
G_front_middle 4078 2851 9497 2.615 0.508 0.140 0.029 62 4.9
G_front_sup 7174 4513 17126 2.999 0.522 0.113 0.022 69 6.7
G_Ins_lg_and_S_cent_ins 586 391 1454 3.505 0.833 0.106 0.029 5 0.5
G_insular_short 726 493 2315 3.474 0.888 0.122 0.034 11 0.9
G_occipital_middle 2077 1404 4477 2.456 0.503 0.125 0.024 25 2.2
G_occipital_sup 1834 1175 3041 2.170 0.489 0.123 0.024 20 1.8
G_oc-temp_lat-fusifor 2412 1512 5799 2.942 0.568 0.118 0.025 29 2.4
G_oc-temp_med-Lingual 2636 1702 4246 2.108 0.656 0.137 0.038 37 4.3
G_oc-temp_med-Parahip 1469 927 3950 3.221 0.857 0.096 0.024 12 1.1
G_orbital 2948 2032 7241 2.768 0.644 0.131 0.030 40 3.6
G_pariet_inf-Angular 3518 2336 7980 2.626 0.520 0.135 0.030 48 4.4
G_pariet_inf-Supramar 2023 1345 4692 2.778 0.456 0.123 0.025 25 2.0
G_parietal_sup 2201 1467 4599 2.404 0.433 0.126 0.021 27 1.9
G_postcentral 2130 1174 3031 2.061 0.555 0.089 0.015 17 1.3
G_precentral 3280 1737 7272 3.076 0.401 0.090 0.017 24 2.3
G_precuneus 2335 1558 4881 2.476 0.585 0.127 0.027 30 2.4
G_rectus 906 676 2333 2.654 0.497 0.144 0.031 19 1.3
G_subcallosal 524 311 795 2.464 1.008 0.111 0.040 5 0.8
G_temp_sup-G_T_transv 461 248 670 2.130 0.366 0.108 0.029 5 0.4
G_temp_sup-Lateral 2010 1325 5570 3.121 0.479 0.121 0.022 25 1.9
G_temp_sup-Plan_polar 906 597 2085 3.301 0.830 0.077 0.019 3 0.7
G_temp_sup-Plan_tempo 946 617 1672 2.536 0.428 0.079 0.013 5 0.4
G_temporal_inf 2381 1671 7353 3.074 0.660 0.129 0.027 34 2.6
G_temporal_middle 3248 2115 8607 3.015 0.620 0.112 0.021 37 2.8
Lat_Fis-ant-Horizont 400 275 587 2.337 0.329 0.086 0.011 2 0.2
Lat_Fis-ant-Vertical 329 221 460 2.480 0.390 0.082 0.014 1 0.2
Lat_Fis-post 1372 897 1761 2.450 0.387 0.099 0.016 7 1.0
Pole_occipital 4043 2625 5759 1.945 0.570 0.138 0.033 47 5.6
Pole_temporal 1714 1307 6549 3.489 0.661 0.146 0.034 22 2.7
S_calcarine 2265 1596 2705 1.922 0.529 0.137 0.034 22 3.2
S_central 3572 2370 4330 2.052 0.761 0.082 0.012 12 1.9
S_cingul-Marginalis 1534 1002 2057 2.236 0.451 0.084 0.012 6 0.7
S_circular_insula_ant 615 415 977 2.779 0.658 0.110 0.020 3 0.6
S_circular_insula_inf 1413 908 1873 2.424 0.580 0.071 0.010 4 0.7
S_circular_insula_sup 1656 1106 2388 2.689 0.501 0.105 0.017 8 1.3
S_collat_transv_ant 1291 858 1873 2.408 0.422 0.085 0.013 6 0.7
S_collat_transv_post 460 304 510 1.878 0.394 0.111 0.022 3 0.4
S_front_inf 1773 1184 2375 2.286 0.349 0.096 0.015 9 1.1
S_front_middle 2322 1625 3693 2.253 0.387 0.115 0.023 21 2.2
S_front_sup 2802 1831 4230 2.519 0.408 0.086 0.011 12 1.4
S_interm_prim-Jensen 389 261 470 2.207 0.368 0.109 0.015 2 0.3
S_intrapariet_and_P_trans 3991 2624 5248 2.129 0.457 0.097 0.014 22 2.5
S_oc_middle_and_Lunatus 1083 708 1219 1.933 0.359 0.108 0.019 8 0.7
S_oc_sup_and_transversal 1695 1128 2092 2.109 0.393 0.111 0.018 12 1.3
S_occipital_ant 586 417 810 2.365 0.383 0.133 0.030 5 0.8
S_oc-temp_lat 1377 897 1877 2.347 0.402 0.087 0.014 6 0.8
S_oc-temp_med_and_Lingual 2137 1383 2808 2.287 0.519 0.101 0.015 14 1.4
S_orbital_lateral 306 234 484 2.215 0.482 0.153 0.027 3 0.5
S_orbital_med-olfact 832 568 1179 2.433 0.564 0.110 0.017 6 0.6
S_orbital-H_Shaped 1440 958 2423 2.646 0.465 0.113 0.019 11 1.2
S_parieto_occipital 2780 1795 3604 2.193 0.509 0.105 0.019 18 2.3
S_pericallosal 1877 1210 1437 1.475 0.477 0.109 0.019 23 1.5
S_postcentral 2342 1533 2899 2.048 0.460 0.090 0.013 13 1.2
S_precentral-inf-part 1231 807 1869 2.565 0.377 0.092 0.013 6 0.7
S_precentral-sup-part 1942 1279 2807 2.572 0.380 0.082 0.011 7 1.0
S_suborbital 487 333 603 2.165 0.557 0.116 0.016 4 0.3
S_subparietal 927 638 1322 2.236 0.635 0.099 0.016 5 0.5
S_temporal_inf 1428 941 2023 2.544 0.465 0.108 0.018 8 1.2
S_temporal_sup 7191 4706 10709 2.515 0.409 0.098 0.016 41 4.8
S_temporal_transverse 324 226 418 2.322 0.398 0.137 0.017 4 0.2
