StructName NumVert SurfArea GrayVol ThickAvg ThickStd MeanCurv GausCurv FoldInd CurvInd
G_and_S_frontomargin 922 684 1888 2.525 0.682 0.147 0.035 11 1.5
G_and_S_occipital_inf 1280 790 2830 2.843 0.571 0.119 0.025 12 1.2
G_and_S_paracentral 1572 831 2530 2.489 0.592 0.088 0.018 9 1.1
G_and_S_subcentral 1279 808 2360 2.664 0.486 0.113 0.021 10 1.1
G_and_S_transv_frontopol 1023 762 2471 2.662 0.621 0.158 0.035 16 1.6
G_and_S_cingul-Ant 3161 2185 5985 2.647 0.487 0.111 0.020 26 2.6
G_and_S_cingul-Mid-Ant 1758 1154 3275 2.757 0.456 0.107 0.020 14 1.4
G_and_S_cingul-Mid-Post 1617 1047 2839 2.561 0.467 0.102 0.019 11 1.4
G_cingul-Post-dorsal 520 358 1415 2.857 0.551 0.138 0.034 8 0.7
G_cingul-Post-ventral 318 208 855 2.770 0.849 0.129 0.035 4 0.4
G_cuneus 2859 1722 3773 1.957 0.489 0.121 0.025 29 3.0
G_front_inf-Opercular 1222 731 3033 3.055 0.436 0.119 0.023 15 1.2
G_front_inf-Orbital 459 292 984 2.771 0.494 0.113 0.019 5 0.3
G_front_inf-Triangul 970 562 2359 2.890 0.595 0.101 0.017 9 0.7
G_front_middle 3981 2673 9213 2.667 0.509 0.135 0.028 55 4.7
G_front_sup 7272 4528 17002 2.981 0.544 0.113 0.023 69 6.9
G_Ins_lg_and_S_cent_ins 594 390 1462 3.566 0.841 0.102 0.031 5 0.5
G_insular_short 759 492 2072 3.221 1.001 0.116 0.034 9 1.0
G_occipital_middle 2284 1448 4687 2.520 0.574 0.117 0.022 24 2.2
G_occipital_sup 1802 1144 2967 2.204 0.609 0.116 0.022 17 1.5
G_oc-temp_lat-fusifor 2516 1590 6040 2.903 0.668 0.121 0.028 30 2.8
G_oc-temp_med-Lingual 2849 1851 4322 1.994 0.702 0.143 0.034 38 4.0
G_oc-temp_med-Parahip 1497 922 4186 3.272 0.886 0.110 0.034 17 2.1
G_orbital 2683 1826 7441 2.999 0.664 0.134 0.031 37 3.4
G_pariet_inf-Angular 3588 2330 8508 2.731 0.597 0.125 0.027 43 3.7
G_pariet_inf-Supramar 2050 1317 4747 2.850 0.511 0.117 0.022 23 1.8
G_parietal_sup 2281 1484 4681 2.432 0.415 0.122 0.021 27 1.9
G_postcentral 2299 1239 3108 2.018 0.552 0.082 0.014 16 1.4
G_precentral 3507 1745 7223 3.056 0.447 0.085 0.019 24 2.9
G_precuneus 2446 1524 4890 2.508 0.600 0.121 0.025 30 2.4
G_rectus 923 668 2511 2.779 0.581 0.137 0.028 17 1.1
G_subcallosal 484 334 830 2.586 0.924 0.158 0.058 7 1.2
G_temp_sup-G_T_transv 427 257 584 1.933 0.346 0.127 0.022 5 0.4
G_temp_sup-Lateral 2113 1303 5522 3.126 0.558 0.117 0.022 24 2.0
G_temp_sup-Plan_polar 878 586 2080 3.370 0.753 0.075 0.016 3 0.6
G_temp_sup-Plan_tempo 934 594 1626 2.494 0.506 0.079 0.012 5 0.4
G_temporal_inf 2586 1690 7838 3.193 0.743 0.122 0.029 33 2.9
G_temporal_middle 3296 2144 9027 3.103 0.676 0.113 0.021 37 3.0
Lat_Fis-ant-Horizont 480 333 704 2.367 0.364 0.089 0.010 2 0.2
Lat_Fis-ant-Vertical 350 237 496 2.331 0.490 0.076 0.011 1 0.1
Lat_Fis-post 1482 958 1981 2.598 0.412 0.094 0.016 7 1.0
Pole_occipital 4216 2657 6033 1.966 0.701 0.135 0.031 48 5.7
Pole_temporal 1816 1319 7114 3.604 0.719 0.138 0.031 21 2.3
S_calcarine 2411 1662 2844 1.962 0.581 0.128 0.028 21 2.8
S_central 3610 2406 4497 2.102 0.795 0.083 0.012 13 1.9
S_cingul-Marginalis 1508 986 2021 2.238 0.440 0.079 0.010 5 0.6
S_circular_insula_ant 662 430 977 2.784 0.723 0.106 0.018 4 0.6
S_circular_insula_inf 1421 909 1916 2.451 0.535 0.066 0.008 3 0.6
S_circular_insula_sup 1600 1062 2426 2.719 0.546 0.105 0.018 9 1.4
S_collat_transv_ant 1298 877 1956 2.603 0.434 0.091 0.014 6 0.8
S_collat_transv_post 540 354 582 1.940 0.442 0.121 0.021 4 0.5
S_front_inf 1711 1129 2205 2.262 0.376 0.095 0.016 8 1.1
S_front_middle 2370 1629 3454 2.190 0.386 0.108 0.020 18 1.8
S_front_sup 3293 2177 5153 2.547 0.416 0.090 0.012 16 1.8
S_interm_prim-Jensen 398 274 511 2.327 0.323 0.110 0.015 2 0.3
S_intrapariet_and_P_trans 4028 2630 5400 2.191 0.412 0.096 0.014 21 2.5
S_oc_middle_and_Lunatus 1147 760 1260 1.946 0.368 0.115 0.020 9 0.9
S_oc_sup_and_transversal 1781 1148 2046 2.065 0.389 0.108 0.017 12 1.3
S_occipital_ant 578 417 819 2.362 0.408 0.137 0.032 5 0.8
S_oc-temp_lat 1403 930 2007 2.563 0.437 0.091 0.016 7 1.0
S_oc-temp_med_and_Lingual 2128 1407 2874 2.310 0.528 0.101 0.016 13 1.4
S_orbital_lateral 298 235 475 2.366 0.397 0.154 0.030 3 0.5
S_orbital_med-olfact 934 636 1315 2.211 0.617 0.101 0.017 5 0.6
S_orbital-H_Shaped 1410 933 2417 2.694 0.519 0.112 0.018 11 1.1
S_parieto_occipital 2790 1798 3562 2.219 0.503 0.105 0.018 17 2.2
S_pericallosal 1851 1197 1478 1.565 0.455 0.112 0.018 25 1.3
S_postcentral 2332 1510 2823 2.059 0.440 0.089 0.013 11 1.2
S_precentral-inf-part 1263 822 1904 2.538 0.373 0.091 0.013 6 0.7
S_precentral-sup-part 2042 1343 3070 2.666 0.399 0.077 0.010 6 1.0
S_suborbital 465 309 551 2.090 0.683 0.120 0.015 4 0.3
S_subparietal 961 664 1377 2.277 0.623 0.102 0.016 5 0.6
S_temporal_inf 1360 890 1895 2.660 0.517 0.107 0.017 8 1.0
S_temporal_sup 7303 4830 11252 2.570 0.434 0.100 0.017 43 5.3
S_temporal_transverse 305 217 376 2.118 0.375 0.154 0.017 5 0.3
