StructName NumVert SurfArea GrayVol ThickAvg ThickStd MeanCurv GausCurv FoldInd CurvInd
G_and_S_frontomargin 907 662 1702 2.304 0.676 0.147 0.036 12 1.5
G_and_S_occipital_inf 1332 832 2923 2.786 0.603 0.121 0.024 13 1.2
G_and_S_paracentral 1520 807 2564 2.563 0.604 0.089 0.016 9 1.0
G_and_S_subcentral 1291 836 2451 2.631 0.557 0.114 0.022 11 1.1
G_and_S_transv_frontopol 1095 819 2627 2.605 0.591 0.160 0.037 18 1.8
G_and_S_cingul-Ant 3245 2232 6132 2.592 0.564 0.112 0.021 30 2.8
G_and_S_cingul-Mid-Ant 1708 1139 3201 2.713 0.474 0.107 0.019 13 1.3
G_and_S_cingul-Mid-Post 1617 1061 2872 2.551 0.499 0.105 0.020 11 1.4
G_cingul-Post-dorsal 534 370 1436 2.876 0.559 0.127 0.031 6 0.6
G_cingul-Post-ventral 322 200 796 2.759 0.887 0.121 0.030 4 0.3
G_cuneus 2773 1724 3699 1.918 0.480 0.124 0.026 28 3.1
G_front_inf-Opercular 1172 759 2965 2.920 0.425 0.128 0.025 15 1.2
G_front_inf-Orbital 306 206 618 2.640 0.445 0.097 0.019 3 0.2
G_front_inf-Triangul 1055 659 2570 2.755 0.610 0.114 0.019 12 0.8
G_front_middle 3890 2709 9301 2.653 0.546 0.142 0.029 59 4.9
G_front_sup 7045 4409 17024 3.012 0.606 0.111 0.021 64 6.4
G_Ins_lg_and_S_cent_ins 624 408 1400 3.320 0.754 0.117 0.030 6 0.6
G_insular_short 615 415 1924 3.422 0.855 0.130 0.034 9 0.9
G_occipital_middle 2476 1559 5223 2.590 0.601 0.114 0.021 26 2.2
G_occipital_sup 1936 1172 3217 2.299 0.680 0.113 0.020 18 1.6
G_oc-temp_lat-fusifor 2451 1510 6028 3.032 0.604 0.118 0.025 27 2.6
G_oc-temp_med-Lingual 2847 1787 4362 2.071 0.736 0.134 0.034 36 3.9
G_oc-temp_med-Parahip 1447 913 4234 3.274 0.884 0.108 0.030 17 1.4
G_orbital 2667 1853 7349 2.896 0.669 0.137 0.031 35 3.4
G_pariet_inf-Angular 3772 2442 8795 2.676 0.621 0.126 0.027 46 4.1
G_pariet_inf-Supramar 2071 1341 4685 2.763 0.530 0.117 0.022 23 1.9
G_parietal_sup 2304 1524 4763 2.408 0.451 0.121 0.021 27 1.9
G_postcentral 2094 1207 3063 2.013 0.517 0.090 0.015 17 1.4
G_precentral 3393 1703 7279 3.136 0.472 0.080 0.016 25 2.2
G_precuneus 2442 1529 5052 2.546 0.583 0.121 0.025 29 2.2
G_rectus 865 714 2514 2.644 0.601 0.158 0.039 19 1.6
G_subcallosal 476 349 929 2.792 0.975 0.160 0.057 7 1.1
G_temp_sup-G_T_transv 443 279 602 1.869 0.350 0.135 0.020 6 0.4
G_temp_sup-Lateral 2114 1325 5632 3.127 0.563 0.119 0.021 24 2.0
G_temp_sup-Plan_polar 975 653 2135 3.231 0.832 0.082 0.019 5 0.7
G_temp_sup-Plan_tempo 889 565 1593 2.577 0.467 0.077 0.011 5 0.4
G_temporal_inf 2408 1616 7678 3.258 0.688 0.123 0.028 29 3.0
G_temporal_middle 3277 2106 9116 3.123 0.719 0.111 0.021 34 2.8
Lat_Fis-ant-Horizont 492 337 698 2.259 0.344 0.088 0.011 2 0.2
Lat_Fis-ant-Vertical 332 225 440 2.225 0.470 0.082 0.013 1 0.1
Lat_Fis-post 1439 915 1798 2.425 0.407 0.093 0.014 7 0.9
Pole_occipital 4266 2714 6206 1.994 0.690 0.134 0.030 48 5.6
Pole_temporal 1717 1322 7023 3.534 0.726 0.149 0.036 24 2.6
S_calcarine 2366 1611 2743 1.944 0.570 0.129 0.028 22 2.7
S_central 3568 2360 4393 2.092 0.760 0.081 0.012 12 1.8
S_cingul-Marginalis 1505 975 1968 2.196 0.403 0.082 0.011 6 0.7
S_circular_insula_ant 644 430 989 2.693 0.695 0.113 0.020 4 0.6
S_circular_insula_inf 1431 909 1884 2.417 0.555 0.065 0.008 3 0.5
S_circular_insula_sup 1682 1104 2534 2.742 0.599 0.102 0.017 8 1.3
S_collat_transv_ant 1256 842 1872 2.515 0.425 0.087 0.012 6 0.6
S_collat_transv_post 486 315 512 1.990 0.418 0.120 0.022 3 0.5
S_front_inf 1698 1111 1999 2.093 0.379 0.093 0.015 8 1.1
S_front_middle 2458 1705 3802 2.150 0.440 0.112 0.023 21 2.1
S_front_sup 3174 2067 4846 2.513 0.458 0.084 0.012 13 1.6
S_interm_prim-Jensen 410 280 528 2.380 0.345 0.112 0.016 3 0.3
S_intrapariet_and_P_trans 3970 2571 5151 2.143 0.415 0.096 0.014 21 2.5
S_oc_middle_and_Lunatus 993 659 1127 2.050 0.350 0.108 0.019 7 0.7
S_oc_sup_and_transversal 1745 1122 1984 1.981 0.411 0.109 0.017 12 1.3
S_occipital_ant 543 387 739 2.346 0.429 0.133 0.030 5 0.7
S_oc-temp_lat 1366 897 1992 2.510 0.454 0.088 0.013 6 0.8
S_oc-temp_med_and_Lingual 2093 1362 2720 2.239 0.591 0.099 0.014 13 1.3
S_orbital_lateral 328 244 488 2.237 0.571 0.149 0.030 3 0.5
S_orbital_med-olfact 837 565 1099 2.052 0.632 0.105 0.021 6 0.6
S_orbital-H_Shaped 1406 942 2356 2.633 0.512 0.116 0.019 11 1.2
S_parieto_occipital 2796 1794 3553 2.184 0.502 0.105 0.018 18 2.2
S_pericallosal 1846 1204 1424 1.510 0.428 0.106 0.018 21 1.3
S_postcentral 2404 1558 2942 2.027 0.475 0.089 0.012 12 1.2
S_precentral-inf-part 1276 814 1852 2.480 0.416 0.090 0.013 6 0.7
S_precentral-sup-part 2018 1305 2921 2.614 0.415 0.077 0.010 6 0.9
S_suborbital 441 304 484 1.942 0.631 0.121 0.013 4 0.3
S_subparietal 995 678 1336 2.170 0.526 0.101 0.015 5 0.6
S_temporal_inf 1486 1002 2260 2.732 0.578 0.106 0.018 8 1.1
S_temporal_sup 7164 4695 10542 2.500 0.446 0.098 0.016 40 4.8
S_temporal_transverse 301 214 365 2.076 0.280 0.135 0.015 3 0.2
