StructName NumVert SurfArea GrayVol ThickAvg ThickStd MeanCurv GausCurv FoldInd CurvInd
G_and_S_frontomargin 851 652 1766 2.257 0.691 0.153 0.042 11 1.5
G_and_S_occipital_inf 1348 886 3188 2.701 0.635 0.126 0.026 14 1.3
G_and_S_paracentral 1511 872 2559 2.445 0.558 0.112 0.035 16 2.0
G_and_S_subcentral 1294 865 2311 2.324 0.532 0.131 0.041 17 2.0
G_and_S_transv_frontopol 1055 805 2500 2.455 0.689 0.165 0.040 21 1.9
G_and_S_cingul-Ant 3252 2353 6268 2.451 0.585 0.119 0.027 29 3.5
G_and_S_cingul-Mid-Ant 1723 1189 3449 2.747 0.539 0.112 0.026 14 1.7
G_and_S_cingul-Mid-Post 1583 1098 3137 2.631 0.524 0.111 0.024 12 1.6
G_cingul-Post-dorsal 498 367 1508 2.857 0.647 0.140 0.038 8 0.6
G_cingul-Post-ventral 305 201 811 2.754 0.888 0.124 0.040 4 0.3
G_cuneus 2743 1691 3724 1.971 0.505 0.125 0.031 30 3.6
G_front_inf-Opercular 1250 872 3341 2.855 0.466 0.127 0.029 16 1.3
G_front_inf-Orbital 382 241 792 2.608 0.540 0.105 0.023 5 0.3
G_front_inf-Triangul 1023 673 2749 2.852 0.578 0.119 0.024 12 1.0
G_front_middle 3923 2831 9592 2.554 0.579 0.141 0.032 64 5.0
G_front_sup 7249 4889 17605 2.852 0.620 0.126 0.032 85 9.1
G_Ins_lg_and_S_cent_ins 642 455 1740 3.629 0.853 0.114 0.033 6 0.7
G_insular_short 588 442 2042 3.482 0.866 0.144 0.047 10 1.1
G_occipital_middle 2449 1673 5351 2.444 0.590 0.127 0.025 31 2.6
G_occipital_sup 1919 1186 3433 2.281 0.572 0.114 0.024 20 1.6
G_oc-temp_lat-fusifor 2363 1541 6079 3.013 0.618 0.124 0.026 30 2.3
G_oc-temp_med-Lingual 2727 1811 4620 2.147 0.659 0.137 0.038 36 4.0
G_oc-temp_med-Parahip 1334 917 4158 3.122 0.826 0.119 0.033 13 1.4
G_orbital 2861 2084 7872 2.811 0.777 0.142 0.039 41 4.4
G_pariet_inf-Angular 3505 2418 8412 2.554 0.646 0.132 0.031 47 4.0
G_pariet_inf-Supramar 2192 1445 4759 2.550 0.666 0.126 0.034 33 2.7
G_parietal_sup 2231 1497 4689 2.354 0.493 0.124 0.023 29 2.0
G_postcentral 2308 1279 3368 2.128 0.547 0.098 0.026 28 2.2
G_precentral 3316 1938 7804 2.990 0.552 0.101 0.031 33 3.6
G_precuneus 2329 1604 5207 2.492 0.639 0.127 0.027 35 2.1
G_rectus 1046 699 2124 2.286 0.751 0.140 0.041 32 1.3
G_subcallosal 585 424 1150 2.789 0.944 0.176 0.069 14 1.7
G_temp_sup-G_T_transv 392 282 761 2.283 0.235 0.145 0.031 7 0.5
G_temp_sup-Lateral 2053 1381 5786 3.020 0.562 0.125 0.028 28 2.2
G_temp_sup-Plan_polar 856 585 2116 3.223 0.808 0.089 0.026 5 0.9
G_temp_sup-Plan_tempo 902 587 1574 2.469 0.489 0.079 0.015 5 0.5
G_temporal_inf 2370 1671 7594 3.091 0.852 0.131 0.035 34 3.1
G_temporal_middle 3205 2191 8950 2.959 0.710 0.116 0.023 40 2.9
Lat_Fis-ant-Horizont 468 307 584 2.172 0.348 0.085 0.012 2 0.3
Lat_Fis-ant-Vertical 361 238 467 2.288 0.411 0.081 0.014 1 0.2
Lat_Fis-post 1435 932 1810 2.273 0.388 0.094 0.017 6 1.1
Pole_occipital 4205 2598 6160 2.052 0.657 0.131 0.036 49 5.7
Pole_temporal 1576 1312 6738 3.215 0.902 0.147 0.038 22 2.4
S_calcarine 2265 1607 2980 2.106 0.557 0.128 0.030 20 2.9
S_central 3699 2457 4717 2.151 0.666 0.091 0.019 16 3.0
S_cingul-Marginalis 1481 953 1936 2.175 0.391 0.081 0.012 5 0.7
S_circular_insula_ant 606 403 967 2.800 0.669 0.106 0.022 3 0.6
S_circular_insula_inf 1421 907 1897 2.383 0.600 0.073 0.012 4 0.8
S_circular_insula_sup 1642 1064 2409 2.616 0.538 0.100 0.020 8 1.5
S_collat_transv_ant 1229 823 1783 2.313 0.410 0.087 0.016 5 0.8
S_collat_transv_post 423 279 510 2.045 0.374 0.106 0.018 3 0.3
S_front_inf 1768 1161 2139 2.038 0.416 0.095 0.018 8 1.4
S_front_middle 2438 1707 3676 2.029 0.464 0.113 0.023 22 2.1
S_front_sup 3217 2152 4783 2.249 0.537 0.092 0.015 16 2.1
S_interm_prim-Jensen 428 293 498 2.013 0.337 0.112 0.017 2 0.4
S_intrapariet_and_P_trans 4038 2656 5348 2.067 0.427 0.096 0.015 20 2.8
S_oc_middle_and_Lunatus 1200 799 1397 1.906 0.351 0.110 0.018 8 0.9
S_oc_sup_and_transversal 1615 1062 2001 2.055 0.395 0.108 0.017 11 1.3
S_occipital_ant 492 340 603 2.182 0.346 0.137 0.033 4 0.7
S_oc-temp_lat 1421 923 1944 2.344 0.443 0.088 0.015 6 0.9
S_oc-temp_med_and_Lingual 2050 1365 2916 2.364 0.439 0.103 0.016 13 1.5
S_orbital_lateral 369 280 544 2.017 0.549 0.157 0.033 4 0.7
S_orbital_med-olfact 856 578 1183 2.263 0.623 0.098 0.019 5 0.6
S_orbital-H_Shaped 1443 996 2541 2.455 0.590 0.110 0.020 10 1.3
S_parieto_occipital 2817 1819 3756 2.231 0.483 0.102 0.018 17 2.3
S_pericallosal 1893 1210 1509 1.495 0.416 0.111 0.021 21 1.5
S_postcentral 2396 1569 2894 1.975 0.414 0.090 0.014 11 1.4
S_precentral-inf-part 1259 812 1815 2.332 0.462 0.093 0.019 6 0.9
S_precentral-sup-part 1988 1266 2710 2.391 0.508 0.084 0.014 7 1.3
S_suborbital 500 342 662 2.141 0.646 0.113 0.020 3 0.4
S_subparietal 904 616 1279 2.177 0.592 0.099 0.016 4 0.6
S_temporal_inf 1382 907 1790 2.209 0.447 0.104 0.018 7 1.2
S_temporal_sup 7250 4805 10561 2.254 0.482 0.100 0.018 43 5.6
S_temporal_transverse 309 235 449 2.077 0.366 0.143 0.023 3 0.3
