StructName NumVert SurfArea GrayVol ThickAvg ThickStd MeanCurv GausCurv FoldInd CurvInd
G_and_S_frontomargin 871 658 1753 2.392 0.613 0.152 0.040 12 1.5
G_and_S_occipital_inf 1351 857 2966 2.769 0.580 0.121 0.025 12 1.3
G_and_S_paracentral 1533 840 2638 2.550 0.648 0.090 0.017 9 1.1
G_and_S_subcentral 1284 819 2466 2.644 0.502 0.112 0.021 11 1.1
G_and_S_transv_frontopol 1003 801 2533 2.609 0.595 0.174 0.053 21 1.8
G_and_S_cingul-Ant 3188 2223 6082 2.563 0.541 0.112 0.021 32 2.6
G_and_S_cingul-Mid-Ant 1658 1103 3127 2.700 0.476 0.108 0.020 13 1.2
G_and_S_cingul-Mid-Post 1537 1016 2764 2.490 0.538 0.105 0.020 10 1.4
G_cingul-Post-dorsal 475 339 1295 2.786 0.588 0.140 0.033 7 0.6
G_cingul-Post-ventral 290 183 781 2.800 0.916 0.119 0.030 3 0.3
G_cuneus 2769 1714 3625 1.898 0.503 0.123 0.027 27 3.2
G_front_inf-Opercular 1204 785 3123 2.991 0.390 0.127 0.022 16 1.1
G_front_inf-Orbital 399 266 836 2.657 0.454 0.112 0.018 5 0.3
G_front_inf-Triangul 982 614 2525 2.868 0.562 0.114 0.017 11 0.7
G_front_middle 3890 2880 9446 2.595 0.529 0.147 0.029 60 4.8
G_front_sup 6995 4633 17084 2.897 0.590 0.118 0.023 70 6.7
G_Ins_lg_and_S_cent_ins 651 421 1548 3.383 0.743 0.107 0.027 6 0.5
G_insular_short 689 474 2214 3.412 0.973 0.132 0.034 11 0.9
G_occipital_middle 2536 1635 5218 2.505 0.646 0.116 0.021 26 2.3
G_occipital_sup 1930 1180 3015 2.201 0.625 0.116 0.022 18 1.7
G_oc-temp_lat-fusifor 2465 1546 6015 2.972 0.591 0.119 0.025 29 2.5
G_oc-temp_med-Lingual 2895 1919 4426 1.986 0.721 0.144 0.034 39 4.2
G_oc-temp_med-Parahip 1598 989 4278 3.170 0.882 0.112 0.030 20 1.8
G_orbital 2709 1949 7644 2.933 0.624 0.142 0.031 43 3.5
G_pariet_inf-Angular 3556 2288 8565 2.801 0.610 0.128 0.028 44 4.1
G_pariet_inf-Supramar 2151 1367 5130 2.924 0.534 0.119 0.022 23 2.0
G_parietal_sup 2307 1490 4668 2.431 0.483 0.120 0.019 26 1.7
G_postcentral 2187 1214 3069 2.020 0.565 0.083 0.013 17 1.3
G_precentral 3387 1771 7337 3.101 0.464 0.084 0.016 27 2.3
G_precuneus 2479 1565 5033 2.489 0.631 0.120 0.024 29 2.3
G_rectus 879 706 2485 2.673 0.525 0.162 0.043 21 1.7
G_subcallosal 528 390 979 2.569 0.939 0.153 0.050 8 0.9
G_temp_sup-G_T_transv 440 258 639 2.050 0.337 0.116 0.019 5 0.3
G_temp_sup-Lateral 2054 1343 5797 3.167 0.555 0.119 0.019 25 1.8
G_temp_sup-Plan_polar 922 609 2079 3.243 0.805 0.076 0.018 4 0.6
G_temp_sup-Plan_tempo 966 602 1691 2.576 0.468 0.080 0.012 6 0.5
G_temporal_inf 2560 1670 7941 3.262 0.750 0.118 0.027 30 2.5
G_temporal_middle 3246 2109 9278 3.194 0.683 0.112 0.020 34 2.8
Lat_Fis-ant-Horizont 447 309 645 2.281 0.380 0.083 0.009 1 0.2
Lat_Fis-ant-Vertical 362 244 489 2.372 0.448 0.081 0.011 1 0.1
Lat_Fis-post 1364 884 1768 2.491 0.370 0.097 0.017 6 1.0
Pole_occipital 4334 2841 5821 1.857 0.612 0.137 0.031 48 5.7
Pole_temporal 1767 1307 6731 3.498 0.710 0.139 0.030 22 2.2
S_calcarine 2283 1603 2690 1.956 0.589 0.135 0.029 23 2.9
S_central 3566 2334 4225 2.024 0.772 0.081 0.011 13 1.7
S_cingul-Marginalis 1490 969 1959 2.201 0.449 0.081 0.011 6 0.6
S_circular_insula_ant 627 411 953 2.772 0.708 0.108 0.017 3 0.5
S_circular_insula_inf 1418 915 1885 2.486 0.555 0.068 0.009 3 0.5
S_circular_insula_sup 1624 1077 2329 2.666 0.540 0.105 0.017 8 1.3
S_collat_transv_ant 1286 855 1930 2.561 0.451 0.086 0.011 6 0.6
S_collat_transv_post 491 319 501 1.962 0.427 0.124 0.022 4 0.4
S_front_inf 1644 1077 1963 2.089 0.400 0.093 0.015 8 1.0
S_front_middle 2351 1671 3725 2.096 0.460 0.115 0.023 21 2.1
S_front_sup 2670 1764 4013 2.462 0.445 0.085 0.011 11 1.3
S_interm_prim-Jensen 438 312 658 2.522 0.417 0.117 0.021 3 0.3
S_intrapariet_and_P_trans 4095 2646 5335 2.181 0.432 0.095 0.013 21 2.4
S_oc_middle_and_Lunatus 1045 705 1289 2.061 0.289 0.116 0.022 9 0.8
S_oc_sup_and_transversal 1607 1052 1947 2.138 0.433 0.110 0.016 12 1.2
S_occipital_ant 577 399 745 2.301 0.505 0.133 0.031 5 0.8
S_oc-temp_lat 1352 908 2042 2.639 0.435 0.092 0.015 6 0.9
S_oc-temp_med_and_Lingual 2071 1379 2636 2.200 0.548 0.103 0.016 13 1.5
S_orbital_lateral 271 219 440 2.309 0.519 0.161 0.030 3 0.5
S_orbital_med-olfact 887 615 1276 2.288 0.652 0.118 0.023 8 0.8
S_orbital-H_Shaped 1359 909 2267 2.582 0.559 0.113 0.019 10 1.1
S_parieto_occipital 2858 1840 3748 2.248 0.487 0.102 0.017 18 2.1
S_pericallosal 1634 1061 1239 1.495 0.402 0.113 0.018 20 1.2
S_postcentral 2404 1557 2869 2.004 0.455 0.085 0.012 12 1.1
S_precentral-inf-part 1252 818 1867 2.493 0.393 0.091 0.013 6 0.7
S_precentral-sup-part 1968 1263 2774 2.530 0.437 0.076 0.010 6 0.9
S_suborbital 465 316 576 2.250 0.638 0.119 0.012 4 0.2
S_subparietal 970 666 1420 2.276 0.572 0.101 0.015 5 0.6
S_temporal_inf 1441 965 2142 2.703 0.520 0.107 0.018 8 1.1
S_temporal_sup 7085 4724 11031 2.581 0.394 0.099 0.016 41 4.6
S_temporal_transverse 329 236 429 2.276 0.334 0.137 0.019 4 0.3
