StructName NumVert SurfArea GrayVol ThickAvg ThickStd MeanCurv GausCurv FoldInd CurvInd
G_and_S_frontomargin 890 673 1546 2.127 0.495 0.160 0.044 13 1.8
G_and_S_occipital_inf 1853 1263 3208 2.338 0.645 0.136 0.025 21 2.1
G_and_S_paracentral 1541 857 2394 2.258 0.606 0.118 0.029 18 1.6
G_and_S_subcentral 1397 951 3000 2.715 0.460 0.115 0.025 13 1.4
G_and_S_transv_frontopol 1172 928 2626 2.273 0.526 0.164 0.035 23 1.8
G_and_S_cingul-Ant 3285 2334 6101 2.497 0.497 0.120 0.025 37 3.2
G_and_S_cingul-Mid-Ant 1615 1103 3018 2.562 0.547 0.119 0.021 16 1.4
G_and_S_cingul-Mid-Post 1640 1103 2956 2.543 0.515 0.116 0.022 14 1.6
G_cingul-Post-dorsal 635 440 1532 2.787 0.675 0.149 0.033 11 0.8
G_cingul-Post-ventral 282 191 711 2.783 0.721 0.149 0.033 5 0.3
G_cuneus 2005 1395 2786 1.736 0.684 0.151 0.030 28 2.6
G_front_inf-Opercular 1737 1162 4224 2.951 0.461 0.118 0.023 20 1.6
G_front_inf-Orbital 438 281 1096 2.787 0.458 0.113 0.024 5 0.4
G_front_inf-Triangul 845 560 2115 2.889 0.512 0.123 0.022 9 0.8
G_front_middle 4128 2768 8873 2.567 0.561 0.125 0.025 48 4.2
G_front_sup 7898 5310 18806 2.772 0.607 0.128 0.027 93 8.5
G_Ins_lg_and_S_cent_ins 573 393 1446 3.348 0.751 0.112 0.033 6 0.5
G_insular_short 613 419 1834 3.137 0.733 0.122 0.032 9 0.6
G_occipital_middle 3724 2613 7743 2.377 0.581 0.140 0.028 55 4.5
G_occipital_sup 1699 1153 3028 2.128 0.651 0.137 0.026 21 2.0
G_oc-temp_lat-fusifor 2450 1769 6259 2.760 0.695 0.149 0.038 39 3.7
G_oc-temp_med-Lingual 2910 2145 4654 1.852 0.741 0.158 0.038 42 4.7
G_oc-temp_med-Parahip 1217 746 2732 2.657 0.780 0.095 0.024 8 1.1
G_orbital 2769 1986 7010 2.723 0.800 0.140 0.033 45 3.7
G_pariet_inf-Angular 2854 2079 6734 2.507 0.543 0.148 0.030 48 3.7
G_pariet_inf-Supramar 2718 1886 6182 2.689 0.517 0.134 0.029 38 3.2
G_parietal_sup 2538 1780 5067 2.270 0.521 0.142 0.029 37 3.0
G_postcentral 2444 1512 4205 2.130 0.668 0.109 0.021 21 2.2
G_precentral 3205 1796 6742 2.750 0.645 0.105 0.023 27 3.0
G_precuneus 2682 1852 5254 2.322 0.570 0.132 0.028 38 2.8
G_rectus 900 674 2247 2.581 0.574 0.146 0.034 17 1.4
G_subcallosal 620 415 1088 2.425 0.794 0.106 0.036 5 0.8
G_temp_sup-G_T_transv 367 219 598 2.266 0.496 0.135 0.026 5 0.4
G_temp_sup-Lateral 2048 1328 5567 2.894 0.750 0.124 0.026 22 2.2
G_temp_sup-Plan_polar 920 619 2078 3.171 0.913 0.092 0.021 4 0.8
G_temp_sup-Plan_tempo 836 550 1505 2.510 0.581 0.091 0.018 5 0.6
G_temporal_inf 2540 1803 7993 3.158 0.776 0.134 0.029 38 3.0
G_temporal_middle 3517 2496 9990 3.000 0.658 0.128 0.025 45 3.4
Lat_Fis-ant-Horizont 420 273 534 2.407 0.485 0.093 0.011 2 0.2
Lat_Fis-ant-Vertical 89 60 143 2.422 0.332 0.086 0.009 0 0.1
Lat_Fis-post 1389 912 1647 2.132 0.473 0.099 0.017 8 1.0
Pole_occipital 3401 2400 4828 1.825 0.506 0.149 0.030 47 4.5
Pole_temporal 1632 1209 5690 3.205 0.791 0.149 0.039 23 2.5
S_calcarine 1713 1172 1851 1.786 0.613 0.119 0.025 16 1.8
S_central 3121 2022 3136 1.765 0.587 0.093 0.016 14 2.2
S_cingul-Marginalis 1308 897 1971 2.232 0.410 0.113 0.021 10 1.2
S_circular_insula_ant 540 374 883 2.720 0.611 0.115 0.023 3 0.6
S_circular_insula_inf 1075 710 1468 2.634 0.630 0.093 0.013 6 0.6
S_circular_insula_sup 1581 1013 2111 2.479 0.519 0.089 0.017 5 1.2
S_collat_transv_ant 843 592 1905 2.987 0.731 0.125 0.026 8 0.8
S_collat_transv_post 585 388 657 1.958 0.391 0.127 0.031 4 0.8
S_front_inf 2170 1465 3344 2.303 0.429 0.112 0.019 17 1.8
S_front_middle 2341 1665 3750 2.195 0.449 0.122 0.026 22 2.6
S_front_sup 3433 2315 5366 2.422 0.454 0.100 0.018 22 2.4
S_interm_prim-Jensen 466 344 694 2.290 0.415 0.116 0.019 3 0.4
S_intrapariet_and_P_trans 3373 2299 4272 2.022 0.385 0.113 0.020 28 2.9
S_oc_middle_and_Lunatus 1088 742 1177 1.849 0.288 0.131 0.028 9 1.3
S_oc_sup_and_transversal 1254 840 1463 1.925 0.347 0.112 0.022 9 1.1
S_occipital_ant 1066 716 1501 2.128 0.396 0.095 0.017 7 0.7
S_oc-temp_lat 1542 1019 2105 2.395 0.394 0.099 0.017 9 1.1
S_oc-temp_med_and_Lingual 2726 1812 3530 2.277 0.477 0.109 0.021 18 2.4
S_orbital_lateral 510 349 615 2.109 0.360 0.118 0.023 3 0.5
S_orbital_med-olfact 872 568 1064 2.146 0.640 0.104 0.015 6 0.5
S_orbital-H_Shaped 1467 1006 2330 2.466 0.513 0.125 0.026 13 1.7
S_parieto_occipital 2656 1778 3255 2.074 0.509 0.124 0.024 22 2.9
S_pericallosal 1576 1004 1408 1.717 0.438 0.123 0.019 22 1.1
S_postcentral 2746 1800 3231 2.029 0.464 0.106 0.019 18 2.2
S_precentral-inf-part 1559 1039 2237 2.447 0.394 0.092 0.014 7 1.0
S_precentral-sup-part 1519 1006 2132 2.427 0.544 0.099 0.018 8 1.2
S_suborbital 452 337 763 2.308 0.524 0.141 0.026 6 0.6
S_subparietal 1889 1342 2901 2.236 0.489 0.143 0.029 22 2.5
S_temporal_inf 1496 1026 2108 2.325 0.428 0.111 0.018 11 1.1
S_temporal_sup 8315 5548 12419 2.411 0.462 0.102 0.016 55 5.7
S_temporal_transverse 294 188 347 1.886 0.582 0.085 0.011 1 0.2
