StructName NumVert SurfArea GrayVol ThickAvg ThickStd MeanCurv GausCurv FoldInd CurvInd
G_and_S_frontomargin 884 648 1383 1.935 0.551 0.155 0.045 16 1.7
G_and_S_occipital_inf 1880 1287 3440 2.369 0.701 0.139 0.027 22 2.3
G_and_S_paracentral 1579 937 2476 2.142 0.573 0.123 0.028 16 1.8
G_and_S_subcentral 1394 938 2849 2.621 0.496 0.116 0.024 14 1.4
G_and_S_transv_frontopol 1269 970 2520 2.115 0.547 0.158 0.032 21 1.7
G_and_S_cingul-Ant 3461 2449 6244 2.292 0.589 0.123 0.025 40 3.5
G_and_S_cingul-Mid-Ant 1529 1052 2627 2.291 0.564 0.121 0.022 15 1.4
G_and_S_cingul-Mid-Post 1573 1056 2598 2.351 0.528 0.122 0.024 14 1.7
G_cingul-Post-dorsal 650 451 1470 2.654 0.628 0.157 0.034 11 0.9
G_cingul-Post-ventral 310 185 666 2.670 0.727 0.135 0.033 5 0.4
G_cuneus 2064 1416 2954 1.709 0.691 0.152 0.031 28 2.9
G_front_inf-Opercular 1733 1157 4035 2.847 0.538 0.121 0.024 20 1.7
G_front_inf-Orbital 388 261 1005 2.736 0.433 0.130 0.026 5 0.4
G_front_inf-Triangul 902 611 2191 2.756 0.596 0.125 0.020 10 0.8
G_front_middle 4016 2865 8627 2.417 0.578 0.134 0.027 54 4.5
G_front_sup 7421 5127 16721 2.564 0.636 0.129 0.026 90 8.1
G_Ins_lg_and_S_cent_ins 550 384 1352 3.229 0.769 0.125 0.036 7 0.5
G_insular_short 570 392 1721 3.154 0.631 0.127 0.027 10 0.6
G_occipital_middle 3500 2358 6513 2.288 0.559 0.131 0.025 43 3.7
G_occipital_sup 1787 1163 2963 2.066 0.687 0.132 0.026 20 2.2
G_oc-temp_lat-fusifor 2520 1710 5771 2.657 0.684 0.137 0.037 37 3.6
G_oc-temp_med-Lingual 3222 2291 4608 1.751 0.695 0.155 0.037 45 5.1
G_oc-temp_med-Parahip 1289 803 2993 2.591 0.925 0.108 0.029 17 1.4
G_orbital 2845 2048 6656 2.577 0.753 0.144 0.039 49 4.4
G_pariet_inf-Angular 3509 2464 8132 2.527 0.567 0.143 0.030 55 4.4
G_pariet_inf-Supramar 2744 1833 5983 2.648 0.537 0.125 0.025 33 2.9
G_parietal_sup 2624 1812 5228 2.263 0.595 0.140 0.030 38 3.1
G_postcentral 2418 1508 3985 2.061 0.629 0.110 0.020 21 2.1
G_precentral 3028 1714 6516 2.700 0.701 0.100 0.020 24 2.4
G_precuneus 2693 1826 4990 2.255 0.570 0.129 0.027 34 2.8
G_rectus 935 661 2080 2.403 0.546 0.134 0.029 14 1.2
G_subcallosal 613 404 943 2.237 0.736 0.114 0.041 7 0.8
G_temp_sup-G_T_transv 384 228 611 2.226 0.441 0.126 0.024 5 0.3
G_temp_sup-Lateral 2068 1271 5483 2.894 0.820 0.115 0.025 20 2.1
G_temp_sup-Plan_polar 969 647 2096 2.998 0.806 0.088 0.021 6 0.9
G_temp_sup-Plan_tempo 883 569 1546 2.493 0.569 0.090 0.018 6 0.6
G_temporal_inf 2541 1713 7493 3.083 0.814 0.126 0.030 34 3.0
G_temporal_middle 3428 2356 9865 3.073 0.699 0.125 0.025 45 3.6
Lat_Fis-ant-Horizont 430 277 516 2.292 0.496 0.091 0.013 2 0.2
Lat_Fis-ant-Vertical 137 94 224 2.378 0.282 0.074 0.006 0 0.1
Lat_Fis-post 1340 889 1535 2.051 0.485 0.104 0.018 7 1.0
Pole_occipital 3509 2351 4726 1.778 0.624 0.140 0.031 45 4.5
Pole_temporal 1514 1154 5158 3.090 0.863 0.153 0.041 23 2.7
S_calcarine 1790 1216 1829 1.755 0.618 0.122 0.026 16 1.9
S_central 3137 1988 2991 1.700 0.537 0.092 0.016 15 2.2
S_cingul-Marginalis 1319 903 1878 2.128 0.471 0.113 0.021 10 1.1
S_circular_insula_ant 648 443 987 2.589 0.536 0.115 0.023 4 0.6
S_circular_insula_inf 1074 703 1392 2.450 0.572 0.090 0.012 5 0.6
S_circular_insula_sup 1654 1073 2191 2.419 0.550 0.090 0.017 6 1.2
S_collat_transv_ant 838 562 1639 2.644 0.734 0.122 0.034 9 1.0
S_collat_transv_post 618 423 774 1.997 0.431 0.137 0.031 6 0.9
S_front_inf 2276 1524 3256 2.134 0.473 0.105 0.019 16 1.7
S_front_middle 2112 1524 3309 1.977 0.568 0.128 0.028 20 2.5
S_front_sup 3014 1995 4067 2.180 0.502 0.096 0.016 17 2.0
S_interm_prim-Jensen 505 349 701 2.126 0.425 0.115 0.019 4 0.5
S_intrapariet_and_P_trans 3432 2367 4224 1.973 0.398 0.115 0.021 27 2.9
S_oc_middle_and_Lunatus 977 670 1038 1.854 0.296 0.134 0.031 9 1.2
S_oc_sup_and_transversal 1151 782 1260 1.870 0.339 0.120 0.022 9 1.1
S_occipital_ant 1069 737 1591 2.235 0.361 0.109 0.017 8 0.8
S_oc-temp_lat 1490 1018 2053 2.442 0.458 0.103 0.017 9 1.1
S_oc-temp_med_and_Lingual 2798 1873 3590 2.274 0.444 0.109 0.019 18 2.2
S_orbital_lateral 522 343 571 1.998 0.380 0.112 0.021 3 0.4
S_orbital_med-olfact 952 639 1177 2.163 0.773 0.110 0.018 7 0.7
S_orbital-H_Shaped 1517 1024 2268 2.326 0.561 0.122 0.025 13 1.6
S_parieto_occipital 2726 1795 3039 1.970 0.514 0.124 0.025 24 3.0
S_pericallosal 1453 962 1332 1.747 0.430 0.128 0.020 21 1.1
S_postcentral 2824 1845 3181 1.942 0.445 0.107 0.019 18 2.4
S_precentral-inf-part 1496 987 1978 2.298 0.454 0.089 0.012 6 0.9
S_precentral-sup-part 1468 960 1937 2.269 0.524 0.096 0.015 7 1.0
S_suborbital 505 368 801 2.174 0.601 0.132 0.026 6 0.6
S_subparietal 1806 1263 2740 2.218 0.453 0.137 0.029 20 2.2
S_temporal_inf 1612 1113 2211 2.302 0.458 0.110 0.017 11 1.2
S_temporal_sup 9031 6015 12957 2.331 0.485 0.103 0.017 59 6.5
S_temporal_transverse 263 171 307 1.897 0.574 0.086 0.012 1 0.2
