StructName NumVert SurfArea GrayVol ThickAvg ThickStd MeanCurv GausCurv FoldInd CurvInd
G_and_S_frontomargin 809 606 1411 1.978 0.680 0.151 0.039 14 1.3
G_and_S_occipital_inf 1710 1175 3012 2.323 0.575 0.132 0.025 19 1.8
G_and_S_paracentral 1530 886 2312 2.200 0.563 0.122 0.039 16 2.1
G_and_S_subcentral 1589 1037 2820 2.385 0.566 0.125 0.038 19 2.4
G_and_S_transv_frontopol 1063 830 2252 2.082 0.593 0.155 0.035 22 1.5
G_and_S_cingul-Ant 3730 2599 6282 2.249 0.563 0.118 0.025 38 3.7
G_and_S_cingul-Mid-Ant 1655 1174 3038 2.403 0.530 0.124 0.025 19 1.8
G_and_S_cingul-Mid-Post 1656 1121 2882 2.481 0.571 0.120 0.026 14 1.7
G_cingul-Post-dorsal 683 465 1548 2.625 0.662 0.155 0.034 12 0.9
G_cingul-Post-ventral 267 184 679 2.887 0.609 0.160 0.037 4 0.3
G_cuneus 2046 1385 2570 1.662 0.589 0.147 0.033 27 3.0
G_front_inf-Opercular 1865 1267 4244 2.667 0.593 0.119 0.030 23 1.8
G_front_inf-Orbital 410 241 1122 3.023 0.511 0.119 0.020 5 0.4
G_front_inf-Triangul 817 516 2007 2.759 0.618 0.116 0.023 8 0.7
G_front_middle 4104 2926 9958 2.517 0.754 0.131 0.028 57 4.4
G_front_sup 7960 5404 19711 2.742 0.693 0.130 0.030 97 8.9
G_Ins_lg_and_S_cent_ins 510 374 1474 3.427 0.829 0.117 0.031 4 0.5
G_insular_short 539 402 1801 3.182 0.679 0.148 0.038 9 0.9
G_occipital_middle 3842 2597 8126 2.369 0.660 0.131 0.028 61 4.1
G_occipital_sup 1779 1197 3352 2.142 0.743 0.131 0.026 22 1.9
G_oc-temp_lat-fusifor 2332 1605 5888 2.780 0.683 0.141 0.034 37 3.0
G_oc-temp_med-Lingual 2967 2114 4744 1.837 0.797 0.147 0.038 43 4.6
G_oc-temp_med-Parahip 1520 997 3413 2.584 0.843 0.116 0.038 22 2.3
G_orbital 2892 2104 6787 2.400 0.816 0.141 0.038 45 4.2
G_pariet_inf-Angular 3093 2278 7433 2.419 0.620 0.145 0.031 49 3.6
G_pariet_inf-Supramar 2699 1898 6228 2.652 0.654 0.137 0.036 45 4.4
G_parietal_sup 2579 1753 5236 2.278 0.581 0.136 0.030 37 2.8
G_postcentral 2611 1562 3882 2.001 0.609 0.108 0.031 25 3.0
G_precentral 3460 2112 6489 2.419 0.688 0.122 0.040 39 5.6
G_precuneus 2672 1884 5123 2.239 0.516 0.133 0.031 37 2.9
G_rectus 978 684 2062 2.255 0.611 0.131 0.037 15 1.2
G_subcallosal 647 453 1091 2.372 0.718 0.134 0.049 10 1.1
G_temp_sup-G_T_transv 433 283 787 2.381 0.447 0.138 0.028 7 0.5
G_temp_sup-Lateral 2114 1372 5027 2.619 0.817 0.132 0.044 31 3.9
G_temp_sup-Plan_polar 903 633 2182 3.049 0.708 0.104 0.024 6 0.8
G_temp_sup-Plan_tempo 905 618 1494 2.368 0.589 0.101 0.028 8 1.0
G_temporal_inf 2405 1736 7965 3.120 0.904 0.130 0.034 36 3.5
G_temporal_middle 3587 2481 10428 2.983 0.755 0.127 0.028 55 4.0
Lat_Fis-ant-Horizont 407 263 495 2.164 0.488 0.092 0.014 2 0.2
Lat_Fis-ant-Vertical 170 113 243 2.345 0.279 0.092 0.009 1 0.1
Lat_Fis-post 1382 901 1631 2.055 0.472 0.096 0.018 7 1.1
Pole_occipital 3459 2348 4993 1.852 0.549 0.136 0.032 45 4.3
Pole_temporal 1376 1159 4778 2.961 0.817 0.167 0.052 25 2.9
S_calcarine 1690 1180 1999 1.905 0.636 0.110 0.021 12 1.4
S_central 3308 2195 3407 1.731 0.559 0.095 0.018 15 2.7
S_cingul-Marginalis 1196 827 1692 2.141 0.416 0.106 0.021 7 1.0
S_circular_insula_ant 611 423 939 2.484 0.474 0.120 0.025 4 0.7
S_circular_insula_inf 1134 744 1591 2.427 0.713 0.088 0.014 5 0.8
S_circular_insula_sup 1601 1044 2019 2.256 0.574 0.092 0.018 6 1.3
S_collat_transv_ant 791 578 1842 2.774 0.897 0.131 0.033 9 0.9
S_collat_transv_post 492 335 588 1.920 0.396 0.117 0.029 3 0.6
S_front_inf 2242 1506 3224 2.105 0.485 0.107 0.022 17 1.8
S_front_middle 2357 1753 3711 1.914 0.590 0.131 0.029 24 2.8
S_front_sup 3166 2122 4332 2.132 0.459 0.097 0.019 17 2.4
S_interm_prim-Jensen 457 330 662 1.980 0.435 0.114 0.020 3 0.4
S_intrapariet_and_P_trans 3289 2244 3806 1.804 0.397 0.112 0.020 25 2.8
S_oc_middle_and_Lunatus 1103 734 1158 1.722 0.325 0.123 0.026 9 1.3
S_oc_sup_and_transversal 1320 911 1600 1.849 0.336 0.118 0.022 11 1.2
S_occipital_ant 1191 811 1666 2.086 0.395 0.101 0.018 8 0.8
S_oc-temp_lat 1477 995 2047 2.372 0.350 0.100 0.017 9 1.0
S_oc-temp_med_and_Lingual 2844 1886 3664 2.275 0.447 0.105 0.019 17 2.3
S_orbital_lateral 444 303 469 1.646 0.391 0.116 0.023 3 0.4
S_orbital_med-olfact 1001 655 1117 1.998 0.711 0.096 0.013 6 0.6
S_orbital-H_Shaped 1568 1110 2542 2.243 0.551 0.121 0.026 15 1.9
S_parieto_occipital 2597 1740 3255 2.056 0.476 0.118 0.022 20 2.6
S_pericallosal 1630 1045 1397 1.617 0.493 0.125 0.023 23 1.5
S_postcentral 2849 1880 3147 1.828 0.466 0.106 0.019 18 2.5
S_precentral-inf-part 1721 1149 2426 2.331 0.455 0.093 0.016 8 1.2
S_precentral-sup-part 1417 914 1911 2.290 0.519 0.095 0.017 6 1.1
S_suborbital 369 267 582 2.295 0.644 0.159 0.029 5 0.4
S_subparietal 1833 1318 2944 2.244 0.525 0.140 0.028 20 2.4
S_temporal_inf 1588 1086 2186 2.096 0.571 0.109 0.020 11 1.2
S_temporal_sup 8540 5760 12335 2.251 0.459 0.101 0.017 53 6.3
S_temporal_transverse 215 147 265 1.805 0.476 0.065 0.007 0 0.1
