StructName NumVert SurfArea GrayVol ThickAvg ThickStd MeanCurv GausCurv FoldInd CurvInd
G_and_S_frontomargin 926 655 1470 2.023 0.533 0.141 0.035 13 1.3
G_and_S_occipital_inf 1725 1155 2731 2.240 0.516 0.134 0.026 20 1.9
G_and_S_paracentral 1600 899 2190 2.094 0.532 0.117 0.026 16 1.6
G_and_S_subcentral 1301 912 2693 2.554 0.449 0.124 0.025 14 1.4
G_and_S_transv_frontopol 1264 920 2673 2.322 0.503 0.157 0.032 28 1.7
G_and_S_cingul-Ant 3268 2321 6032 2.460 0.517 0.121 0.024 37 3.3
G_and_S_cingul-Mid-Ant 1569 1055 2807 2.455 0.580 0.117 0.020 15 1.4
G_and_S_cingul-Mid-Post 1639 1073 2647 2.464 0.543 0.118 0.023 15 1.6
G_cingul-Post-dorsal 666 444 1317 2.573 0.675 0.144 0.030 10 0.8
G_cingul-Post-ventral 298 183 565 2.561 0.792 0.146 0.046 4 0.5
G_cuneus 2166 1437 2572 1.582 0.638 0.142 0.029 27 2.8
G_front_inf-Opercular 1646 1129 3901 2.841 0.513 0.121 0.023 19 1.5
G_front_inf-Orbital 386 244 943 2.701 0.391 0.115 0.020 4 0.4
G_front_inf-Triangul 991 646 2143 2.620 0.527 0.116 0.018 10 0.8
G_front_middle 3917 2684 8306 2.491 0.524 0.129 0.025 50 4.1
G_front_sup 7888 5140 17095 2.666 0.595 0.125 0.027 94 8.6
G_Ins_lg_and_S_cent_ins 528 361 1344 3.269 0.802 0.112 0.027 6 0.5
G_insular_short 557 385 1728 3.162 0.674 0.123 0.028 10 0.7
G_occipital_middle 3617 2429 6765 2.256 0.490 0.133 0.027 52 4.1
G_occipital_sup 1816 1100 2639 1.995 0.613 0.123 0.027 21 2.2
G_oc-temp_lat-fusifor 2418 1595 5172 2.614 0.626 0.137 0.038 43 3.6
G_oc-temp_med-Lingual 3181 2200 4034 1.661 0.617 0.148 0.035 42 5.1
G_oc-temp_med-Parahip 1163 695 3266 2.999 0.881 0.087 0.019 16 0.8
G_orbital 2774 1890 6511 2.693 0.720 0.135 0.032 47 3.5
G_pariet_inf-Angular 2858 2163 6661 2.398 0.497 0.152 0.030 51 3.8
G_pariet_inf-Supramar 2509 1778 5580 2.572 0.513 0.130 0.029 35 2.9
G_parietal_sup 2525 1732 4792 2.185 0.504 0.142 0.031 40 3.1
G_postcentral 2202 1353 3492 2.028 0.499 0.107 0.019 21 1.8
G_precentral 3049 1715 5951 2.634 0.513 0.103 0.021 28 2.5
G_precuneus 2939 1861 4650 2.158 0.534 0.120 0.029 34 3.0
G_rectus 903 625 2045 2.523 0.523 0.140 0.031 17 1.2
G_subcallosal 584 418 1012 2.382 0.840 0.138 0.052 8 1.2
G_temp_sup-G_T_transv 356 200 643 2.540 0.344 0.117 0.023 5 0.3
G_temp_sup-Lateral 1897 1232 4804 2.807 0.661 0.125 0.025 23 2.0
G_temp_sup-Plan_polar 988 674 2169 2.978 0.894 0.090 0.023 4 1.0
G_temp_sup-Plan_tempo 765 507 1338 2.412 0.599 0.092 0.019 5 0.6
G_temporal_inf 2369 1660 6717 2.983 0.739 0.123 0.027 36 2.5
G_temporal_middle 3255 2358 8959 2.856 0.669 0.130 0.025 48 3.4
Lat_Fis-ant-Horizont 423 278 519 2.182 0.487 0.096 0.014 2 0.2
Lat_Fis-ant-Vertical 63 46 113 2.309 0.244 0.075 0.008 0 0.0
Lat_Fis-post 1454 954 1766 2.134 0.543 0.100 0.016 8 1.0
Pole_occipital 3649 2362 4214 1.668 0.544 0.136 0.030 48 4.8
Pole_temporal 1671 1177 6155 3.502 0.803 0.132 0.030 23 2.1
S_calcarine 1778 1245 1835 1.703 0.641 0.126 0.024 18 1.7
S_central 2825 1897 2893 1.711 0.535 0.097 0.018 15 2.2
S_cingul-Marginalis 1350 899 1840 2.072 0.473 0.114 0.024 11 1.3
S_circular_insula_ant 536 373 842 2.641 0.593 0.114 0.020 3 0.5
S_circular_insula_inf 1043 700 1412 2.470 0.586 0.087 0.011 5 0.5
S_circular_insula_sup 1510 988 1953 2.343 0.562 0.088 0.015 5 1.0
S_collat_transv_ant 845 575 1970 3.217 0.727 0.106 0.021 6 0.5
S_collat_transv_post 559 381 599 1.892 0.350 0.132 0.032 5 0.8
S_front_inf 2152 1397 3157 2.221 0.464 0.104 0.019 16 1.7
S_front_middle 2291 1625 3565 2.052 0.563 0.124 0.028 21 2.7
S_front_sup 3248 2173 4586 2.184 0.490 0.100 0.017 23 2.3
S_interm_prim-Jensen 410 291 553 2.071 0.459 0.125 0.023 4 0.4
S_intrapariet_and_P_trans 3374 2333 4245 1.953 0.398 0.115 0.021 29 3.0
S_oc_middle_and_Lunatus 1026 687 1063 1.795 0.363 0.129 0.027 9 1.2
S_oc_sup_and_transversal 1187 800 1300 1.760 0.338 0.118 0.021 9 1.1
S_occipital_ant 984 671 1385 2.149 0.405 0.097 0.014 5 0.6
S_oc-temp_lat 1444 989 2023 2.388 0.407 0.103 0.017 9 1.0
S_oc-temp_med_and_Lingual 2649 1793 3466 2.320 0.464 0.108 0.019 17 2.1
S_orbital_lateral 546 369 575 1.760 0.367 0.115 0.022 3 0.5
S_orbital_med-olfact 826 538 979 2.189 0.707 0.102 0.013 5 0.5
S_orbital-H_Shaped 1532 1022 2384 2.499 0.512 0.123 0.024 14 1.5
S_parieto_occipital 2580 1728 2864 1.900 0.549 0.125 0.024 23 2.8
S_pericallosal 1296 886 1113 1.631 0.465 0.144 0.024 24 1.2
S_postcentral 2523 1674 2853 1.917 0.478 0.111 0.019 17 2.2
S_precentral-inf-part 1546 1038 2136 2.275 0.424 0.092 0.013 7 1.0
S_precentral-sup-part 1253 831 1643 2.196 0.541 0.095 0.016 7 0.9
S_suborbital 480 348 874 2.522 0.784 0.119 0.020 4 0.4
S_subparietal 1740 1263 2515 2.135 0.507 0.145 0.032 19 2.4
S_temporal_inf 1466 1018 1963 2.169 0.375 0.111 0.018 11 1.1
S_temporal_sup 8334 5645 12076 2.276 0.499 0.103 0.017 57 6.1
S_temporal_transverse 247 164 282 1.749 0.524 0.081 0.011 1 0.1
