StructName NumVert SurfArea GrayVol ThickAvg ThickStd MeanCurv GausCurv FoldInd CurvInd
G_and_S_frontomargin 911 658 1653 2.324 0.507 0.149 0.038 13 1.4
G_and_S_occipital_inf 1778 1234 3170 2.370 0.637 0.139 0.026 20 2.0
G_and_S_paracentral 1615 889 2402 2.216 0.588 0.115 0.026 16 1.7
G_and_S_subcentral 1459 996 2868 2.572 0.476 0.121 0.025 14 1.6
G_and_S_transv_frontopol 1267 954 2893 2.458 0.557 0.160 0.033 22 1.9
G_and_S_cingul-Ant 3555 2462 6603 2.512 0.497 0.120 0.024 36 3.4
G_and_S_cingul-Mid-Ant 1686 1156 3003 2.530 0.534 0.119 0.022 17 1.6
G_and_S_cingul-Mid-Post 1725 1149 2997 2.538 0.539 0.117 0.025 15 1.8
G_cingul-Post-dorsal 671 453 1447 2.630 0.667 0.153 0.032 11 0.9
G_cingul-Post-ventral 274 178 638 2.756 0.685 0.139 0.038 4 0.3
G_cuneus 2085 1464 2721 1.611 0.653 0.154 0.031 29 2.9
G_front_inf-Opercular 1717 1155 4179 2.955 0.515 0.120 0.024 21 1.7
G_front_inf-Orbital 410 276 1114 2.844 0.438 0.122 0.021 5 0.4
G_front_inf-Triangul 974 644 2306 2.806 0.596 0.121 0.020 9 0.8
G_front_middle 4026 2727 8667 2.565 0.560 0.128 0.026 48 4.4
G_front_sup 7899 5257 18333 2.759 0.608 0.126 0.025 90 8.0
G_Ins_lg_and_S_cent_ins 570 406 1412 3.298 0.727 0.127 0.037 7 0.7
G_insular_short 639 441 1798 3.040 0.599 0.125 0.032 10 0.8
G_occipital_middle 3705 2522 7178 2.335 0.599 0.133 0.026 47 4.0
G_occipital_sup 1827 1212 3080 2.084 0.694 0.137 0.028 22 2.2
G_oc-temp_lat-fusifor 2358 1669 5796 2.734 0.681 0.152 0.039 38 4.0
G_oc-temp_med-Lingual 3263 2296 4609 1.757 0.701 0.154 0.038 47 5.5
G_oc-temp_med-Parahip 1192 736 3074 2.785 0.823 0.091 0.022 8 1.0
G_orbital 3001 2098 6916 2.587 0.728 0.136 0.035 45 4.4
G_pariet_inf-Angular 3235 2223 7383 2.544 0.540 0.141 0.030 52 4.0
G_pariet_inf-Supramar 2722 1800 5984 2.730 0.538 0.124 0.026 35 2.8
G_parietal_sup 2616 1774 5154 2.294 0.543 0.140 0.029 38 3.1
G_postcentral 2406 1471 4182 2.180 0.683 0.109 0.021 21 2.1
G_precentral 3182 1783 6787 2.720 0.739 0.102 0.023 28 2.8
G_precuneus 2810 1870 5195 2.338 0.519 0.126 0.028 34 2.8
G_rectus 854 620 2090 2.539 0.540 0.142 0.031 16 1.2
G_subcallosal 627 406 1091 2.488 0.750 0.126 0.048 11 1.1
G_temp_sup-G_T_transv 397 224 588 2.205 0.484 0.128 0.030 5 0.4
G_temp_sup-Lateral 2154 1353 5757 2.921 0.766 0.118 0.026 22 2.4
G_temp_sup-Plan_polar 838 580 1940 3.124 0.770 0.107 0.030 6 1.1
G_temp_sup-Plan_tempo 900 579 1558 2.496 0.620 0.088 0.018 5 0.6
G_temporal_inf 2592 1803 7999 3.153 0.828 0.129 0.032 37 3.2
G_temporal_middle 3508 2353 10084 3.122 0.678 0.120 0.024 43 3.4
Lat_Fis-ant-Horizont 427 280 521 2.343 0.483 0.099 0.013 2 0.2
Lat_Fis-ant-Vertical 88 60 158 2.361 0.353 0.054 0.005 0 0.0
Lat_Fis-post 1437 921 1620 2.089 0.502 0.101 0.019 8 1.1
Pole_occipital 3432 2349 4880 1.831 0.566 0.143 0.030 46 4.3
Pole_temporal 1561 1228 5228 3.178 0.773 0.157 0.044 24 3.1
S_calcarine 1805 1250 1946 1.785 0.628 0.122 0.025 16 1.8
S_central 3142 2042 3118 1.730 0.553 0.095 0.017 15 2.2
S_cingul-Marginalis 1331 892 1871 2.173 0.430 0.109 0.022 9 1.2
S_circular_insula_ant 632 449 933 2.433 0.508 0.127 0.025 5 0.8
S_circular_insula_inf 1179 787 1605 2.589 0.541 0.093 0.013 6 0.6
S_circular_insula_sup 1512 997 2113 2.532 0.547 0.088 0.016 5 1.1
S_collat_transv_ant 853 596 1919 3.024 0.728 0.125 0.029 9 0.9
S_collat_transv_post 574 399 635 1.920 0.419 0.132 0.033 4 0.9
S_front_inf 2201 1460 3213 2.214 0.468 0.111 0.020 16 1.8
S_front_middle 2366 1687 4002 2.267 0.467 0.127 0.025 23 2.6
S_front_sup 3432 2290 5346 2.485 0.407 0.101 0.017 21 2.5
S_interm_prim-Jensen 506 373 807 2.320 0.363 0.128 0.022 5 0.5
S_intrapariet_and_P_trans 3470 2384 4454 2.052 0.383 0.115 0.020 28 2.9
S_oc_middle_and_Lunatus 1042 716 1132 1.900 0.306 0.135 0.029 9 1.3
S_oc_sup_and_transversal 1274 853 1430 1.887 0.316 0.121 0.023 11 1.2
S_occipital_ant 1166 781 1656 2.205 0.362 0.098 0.016 7 0.8
S_oc-temp_lat 1509 1035 2133 2.420 0.410 0.104 0.017 10 1.1
S_oc-temp_med_and_Lingual 2709 1796 3516 2.327 0.451 0.108 0.020 18 2.2
S_orbital_lateral 508 344 582 2.043 0.328 0.119 0.024 3 0.5
S_orbital_med-olfact 862 571 1033 2.111 0.705 0.111 0.020 6 0.7
S_orbital-H_Shaped 1586 1058 2466 2.565 0.527 0.122 0.026 14 1.7
S_parieto_occipital 2731 1818 3043 1.964 0.522 0.126 0.024 24 2.9
S_pericallosal 1572 1050 1487 1.786 0.507 0.126 0.019 22 1.2
S_postcentral 2854 1887 3345 2.003 0.441 0.110 0.019 20 2.5
S_precentral-inf-part 1584 1056 2318 2.496 0.418 0.093 0.014 7 1.0
S_precentral-sup-part 1424 914 1961 2.413 0.518 0.094 0.015 7 0.9
S_suborbital 528 372 880 2.344 0.572 0.130 0.023 7 0.5
S_subparietal 1937 1345 2926 2.269 0.455 0.138 0.029 22 2.4
S_temporal_inf 1578 1070 2139 2.397 0.512 0.109 0.017 10 1.2
S_temporal_sup 8940 5929 13198 2.396 0.459 0.104 0.017 60 6.4
S_temporal_transverse 244 169 278 1.771 0.504 0.106 0.015 1 0.2
