StructName NumVert SurfArea GrayVol ThickAvg ThickStd MeanCurv GausCurv FoldInd CurvInd
G_and_S_frontomargin 862 617 1620 2.407 0.481 0.145 0.034 12 1.2
G_and_S_occipital_inf 1769 1222 3084 2.350 0.622 0.139 0.028 21 2.1
G_and_S_paracentral 1537 830 2020 2.122 0.518 0.116 0.034 17 1.9
G_and_S_subcentral 1448 999 2989 2.635 0.429 0.128 0.029 17 2.0
G_and_S_transv_frontopol 1166 872 2622 2.444 0.436 0.157 0.036 22 1.7
G_and_S_cingul-Ant 3424 2398 6561 2.597 0.481 0.121 0.025 39 3.4
G_and_S_cingul-Mid-Ant 1714 1151 3033 2.440 0.567 0.117 0.022 18 1.6
G_and_S_cingul-Mid-Post 1696 1143 2852 2.445 0.544 0.119 0.024 15 1.7
G_cingul-Post-dorsal 669 448 1358 2.493 0.685 0.158 0.037 12 0.9
G_cingul-Post-ventral 317 202 682 2.613 0.699 0.141 0.033 5 0.4
G_cuneus 2135 1445 2860 1.708 0.699 0.151 0.032 29 2.9
G_front_inf-Opercular 1808 1211 4191 2.845 0.430 0.120 0.026 23 1.8
G_front_inf-Orbital 453 270 1081 2.838 0.324 0.110 0.023 5 0.4
G_front_inf-Triangul 857 557 2130 2.886 0.425 0.121 0.020 9 0.7
G_front_middle 4377 2827 9380 2.634 0.527 0.122 0.025 52 4.5
G_front_sup 8234 5292 18240 2.761 0.538 0.125 0.029 98 9.4
G_Ins_lg_and_S_cent_ins 816 562 1666 2.780 0.894 0.128 0.037 10 1.2
G_insular_short 555 406 1787 3.256 0.687 0.142 0.041 11 0.9
G_occipital_middle 3756 2445 7302 2.412 0.543 0.128 0.027 49 4.0
G_occipital_sup 1889 1168 2863 2.058 0.622 0.130 0.034 24 2.7
G_oc-temp_lat-fusifor 2268 1542 5381 2.682 0.589 0.142 0.035 38 3.2
G_oc-temp_med-Lingual 3042 2190 4410 1.770 0.616 0.155 0.040 45 5.3
G_oc-temp_med-Parahip 1246 731 2484 2.475 0.800 0.103 0.040 19 1.8
G_orbital 2870 1963 6800 2.732 0.771 0.135 0.033 44 3.7
G_pariet_inf-Angular 3210 2241 7452 2.559 0.508 0.142 0.032 52 4.2
G_pariet_inf-Supramar 2445 1728 5855 2.715 0.500 0.132 0.028 35 2.8
G_parietal_sup 2864 1770 5340 2.333 0.620 0.131 0.034 41 3.5
G_postcentral 2433 1430 3588 2.011 0.526 0.107 0.025 23 2.3
G_precentral 3302 1762 6219 2.664 0.561 0.100 0.024 28 3.1
G_precuneus 2673 1819 5111 2.324 0.516 0.130 0.030 37 2.8
G_rectus 809 583 2029 2.665 0.571 0.143 0.038 15 1.2
G_subcallosal 575 369 918 2.192 0.847 0.119 0.047 7 1.0
G_temp_sup-G_T_transv 359 220 655 2.428 0.455 0.142 0.029 7 0.4
G_temp_sup-Lateral 1995 1295 5756 3.059 0.695 0.120 0.026 25 2.2
G_temp_sup-Plan_polar 844 568 1965 3.255 0.699 0.098 0.024 5 0.8
G_temp_sup-Plan_tempo 766 512 1424 2.524 0.540 0.094 0.017 5 0.6
G_temporal_inf 2429 1695 7155 3.110 0.725 0.128 0.029 36 2.8
G_temporal_middle 3369 2487 9946 2.983 0.646 0.134 0.027 51 3.8
Lat_Fis-ant-Horizont 384 252 477 2.401 0.411 0.096 0.014 2 0.2
Lat_Fis-ant-Vertical 118 79 185 2.541 0.339 0.092 0.011 0 0.1
Lat_Fis-post 1412 943 1730 2.095 0.441 0.111 0.023 9 1.2
Pole_occipital 3630 2400 4501 1.663 0.581 0.139 0.030 44 4.6
Pole_temporal 1545 1084 5273 3.346 0.680 0.142 0.035 23 2.4
S_calcarine 1778 1242 1962 1.837 0.620 0.124 0.027 16 1.9
S_central 3139 2060 3144 1.749 0.504 0.103 0.020 17 2.7
S_cingul-Marginalis 1232 829 1701 2.127 0.454 0.108 0.022 8 1.1
S_circular_insula_ant 583 401 926 2.653 0.521 0.121 0.023 4 0.6
S_circular_insula_inf 1089 724 1449 2.502 0.501 0.091 0.013 5 0.6
S_circular_insula_sup 1525 996 2057 2.419 0.519 0.094 0.017 6 1.3
S_collat_transv_ant 922 615 1686 2.602 0.659 0.127 0.031 10 1.1
S_collat_transv_post 593 405 732 1.889 0.393 0.131 0.030 6 0.8
S_front_inf 2193 1460 3347 2.286 0.423 0.108 0.021 16 1.9
S_front_middle 2567 1795 4316 2.357 0.457 0.130 0.028 27 3.0
S_front_sup 3420 2243 4813 2.341 0.419 0.096 0.017 18 2.4
S_interm_prim-Jensen 502 359 751 2.183 0.426 0.114 0.019 4 0.5
S_intrapariet_and_P_trans 3652 2466 4330 1.903 0.391 0.116 0.022 31 3.5
S_oc_middle_and_Lunatus 1107 758 1203 1.874 0.278 0.136 0.029 10 1.4
S_oc_sup_and_transversal 1265 840 1380 1.810 0.313 0.117 0.023 10 1.2
S_occipital_ant 1034 704 1500 2.258 0.377 0.105 0.016 7 0.8
S_oc-temp_lat 1486 984 1977 2.364 0.383 0.101 0.019 10 1.2
S_oc-temp_med_and_Lingual 2727 1837 3674 2.319 0.481 0.107 0.019 16 2.3
S_orbital_lateral 489 330 600 2.145 0.358 0.112 0.021 3 0.4
S_orbital_med-olfact 818 561 1035 2.271 0.707 0.124 0.025 6 0.9
S_orbital-H_Shaped 1551 1047 2508 2.559 0.636 0.123 0.027 14 1.7
S_parieto_occipital 2627 1727 3094 2.038 0.496 0.122 0.024 21 2.9
S_pericallosal 1540 977 1296 1.625 0.449 0.123 0.021 21 1.2
S_postcentral 2849 1856 3267 2.001 0.429 0.109 0.020 19 2.6
S_precentral-inf-part 1603 1063 2270 2.434 0.403 0.095 0.015 8 1.1
S_precentral-sup-part 1629 1047 2171 2.336 0.535 0.095 0.017 9 1.3
S_suborbital 529 383 973 2.569 0.570 0.140 0.027 8 0.6
S_subparietal 1878 1314 2886 2.177 0.525 0.140 0.030 22 2.4
S_temporal_inf 1510 1031 2092 2.394 0.456 0.114 0.018 11 1.2
S_temporal_sup 8942 5982 13327 2.377 0.471 0.105 0.018 64 6.7
S_temporal_transverse 240 159 288 1.860 0.588 0.091 0.014 1 0.2
