StructName NumVert SurfArea GrayVol ThickAvg ThickStd MeanCurv GausCurv FoldInd CurvInd
G_and_S_frontomargin 913 694 2098 2.673 0.567 0.152 0.038 14 1.4
G_and_S_occipital_inf 1322 928 2906 2.540 0.483 0.128 0.022 16 1.2
G_and_S_paracentral 1653 978 3110 2.602 0.496 0.108 0.020 14 1.3
G_and_S_subcentral 1986 1363 4202 2.661 0.460 0.122 0.024 22 1.8
G_and_S_transv_frontopol 1218 967 3251 2.730 0.560 0.157 0.034 19 2.1
G_and_S_cingul-Ant 3371 2353 6954 2.701 0.542 0.117 0.022 38 3.3
G_and_S_cingul-Mid-Ant 1601 1099 3366 2.881 0.481 0.118 0.027 15 1.7
G_and_S_cingul-Mid-Post 1629 1099 2992 2.738 0.415 0.105 0.022 12 1.5
G_cingul-Post-dorsal 695 459 1943 3.064 0.462 0.138 0.029 10 0.9
G_cingul-Post-ventral 301 197 718 2.896 0.876 0.128 0.028 4 0.3
G_cuneus 2322 1546 3238 1.869 0.483 0.141 0.032 29 3.1
G_front_inf-Opercular 1763 1291 4464 2.748 0.472 0.134 0.030 28 1.9
G_front_inf-Orbital 353 266 1031 2.794 0.439 0.154 0.035 7 0.5
G_front_inf-Triangul 1132 788 2736 2.649 0.500 0.132 0.029 17 1.2
G_front_middle 3948 3064 11304 2.761 0.484 0.147 0.031 71 5.0
G_front_sup 7894 5461 20187 3.011 0.478 0.128 0.027 96 8.2
G_Ins_lg_and_S_cent_ins 717 498 1701 3.339 0.771 0.121 0.033 10 0.8
G_insular_short 762 540 2616 3.502 0.752 0.118 0.031 9 0.9
G_occipital_middle 2527 1809 5942 2.651 0.469 0.136 0.030 41 2.9
G_occipital_sup 1479 978 2536 2.215 0.448 0.133 0.026 18 1.5
G_oc-temp_lat-fusifor 2453 1647 6172 2.984 0.568 0.135 0.033 41 3.1
G_oc-temp_med-Lingual 3059 2085 4802 2.024 0.665 0.141 0.035 42 4.5
G_oc-temp_med-Parahip 1318 842 3798 3.236 0.710 0.108 0.025 11 1.0
G_orbital 2639 1981 7392 2.924 0.677 0.141 0.035 41 3.9
G_pariet_inf-Angular 4313 3032 10101 2.685 0.475 0.132 0.025 59 4.5
G_pariet_inf-Supramar 3202 2221 7245 2.680 0.474 0.119 0.022 36 2.9
G_parietal_sup 3140 2282 6954 2.432 0.503 0.137 0.027 49 3.5
G_postcentral 2449 1603 4587 2.276 0.610 0.125 0.023 30 2.3
G_precentral 3264 1982 7858 2.942 0.452 0.104 0.021 29 2.7
G_precuneus 3406 2343 7531 2.631 0.537 0.123 0.023 46 3.1
G_rectus 880 628 2521 2.938 0.513 0.124 0.029 13 0.9
G_subcallosal 704 447 1063 2.327 1.063 0.131 0.057 13 1.3
G_temp_sup-G_T_transv 605 398 1449 2.698 0.392 0.120 0.026 7 0.6
G_temp_sup-Lateral 2423 1715 6683 2.986 0.529 0.131 0.028 34 2.9
G_temp_sup-Plan_polar 988 631 2555 3.465 0.683 0.059 0.009 2 0.3
G_temp_sup-Plan_tempo 1100 716 1976 2.521 0.415 0.072 0.012 4 0.5
G_temporal_inf 2460 1824 7471 3.030 0.644 0.130 0.029 39 2.7
G_temporal_middle 3099 2331 9365 3.093 0.624 0.130 0.027 46 3.5
Lat_Fis-ant-Horizont 546 360 791 2.294 0.478 0.089 0.011 2 0.3
Lat_Fis-ant-Vertical 339 227 450 2.382 0.400 0.097 0.014 2 0.1
Lat_Fis-post 1645 1082 2258 2.620 0.354 0.098 0.017 8 1.2
Pole_occipital 3251 2182 5705 2.222 0.725 0.146 0.031 45 4.2
Pole_temporal 1921 1471 6680 3.229 0.779 0.137 0.033 28 2.4
S_calcarine 2275 1546 2411 1.812 0.559 0.116 0.024 19 2.3
S_central 3355 2194 3733 1.998 0.596 0.102 0.019 19 2.8
S_cingul-Marginalis 1371 897 1947 2.373 0.412 0.081 0.011 5 0.7
S_circular_insula_ant 693 452 1123 2.812 0.423 0.080 0.014 2 0.4
S_circular_insula_inf 1345 865 2181 3.088 0.629 0.084 0.012 5 0.8
S_circular_insula_sup 1691 1098 2404 2.702 0.394 0.096 0.017 7 1.3
S_collat_transv_ant 1243 820 1893 2.674 0.494 0.093 0.013 7 0.7
S_collat_transv_post 428 306 585 2.510 0.553 0.152 0.031 4 0.7
S_front_inf 2363 1603 3616 2.326 0.370 0.101 0.017 17 1.6
S_front_middle 2096 1471 3241 2.363 0.443 0.115 0.024 17 2.0
S_front_sup 2976 1997 4723 2.510 0.435 0.100 0.017 17 2.1
S_interm_prim-Jensen 892 589 1132 2.349 0.334 0.099 0.014 4 0.6
S_intrapariet_and_P_trans 4092 2735 5741 2.309 0.361 0.107 0.018 29 3.1
S_oc_middle_and_Lunatus 687 465 848 2.153 0.357 0.115 0.020 5 0.6
S_oc_sup_and_transversal 1499 978 2020 2.316 0.368 0.107 0.017 9 1.2
S_occipital_ant 926 604 1255 2.450 0.365 0.101 0.019 5 0.7
S_oc-temp_lat 1350 965 1918 2.322 0.417 0.121 0.020 11 1.3
S_oc-temp_med_and_Lingual 2227 1444 3233 2.587 0.481 0.083 0.011 9 1.1
S_orbital_lateral 558 390 690 2.020 0.457 0.103 0.015 3 0.4
S_orbital_med-olfact 757 506 1099 2.449 0.666 0.106 0.015 5 0.5
S_orbital-H_Shaped 1449 1051 2944 2.744 0.731 0.133 0.031 15 2.0
S_parieto_occipital 2406 1586 3625 2.586 0.454 0.114 0.019 18 1.9
S_pericallosal 1678 1071 1874 2.141 0.731 0.117 0.019 19 1.5
S_postcentral 2358 1564 3000 2.192 0.436 0.103 0.017 17 1.7
S_precentral-inf-part 1913 1245 2912 2.556 0.378 0.087 0.014 9 1.1
S_precentral-sup-part 1758 1149 2657 2.714 0.412 0.094 0.015 8 1.1
S_suborbital 573 415 940 2.611 0.549 0.130 0.023 5 0.5
S_subparietal 1486 1025 2398 2.583 0.372 0.106 0.018 8 1.1
S_temporal_inf 1422 940 1868 2.515 0.449 0.104 0.014 8 1.0
S_temporal_sup 6569 4524 12020 2.641 0.500 0.102 0.018 49 4.8
S_temporal_transverse 502 347 630 2.233 0.342 0.103 0.014 3 0.3
