StructName NumVert SurfArea GrayVol ThickAvg ThickStd MeanCurv GausCurv FoldInd CurvInd
G_and_S_frontomargin 850 662 1851 2.365 0.696 0.166 0.044 14 1.9
G_and_S_occipital_inf 1387 979 3153 2.581 0.588 0.129 0.023 16 1.4
G_and_S_paracentral 1663 942 2975 2.581 0.511 0.103 0.019 13 1.3
G_and_S_subcentral 2004 1334 4293 2.742 0.490 0.119 0.021 22 1.8
G_and_S_transv_frontopol 1197 969 3111 2.454 0.578 0.167 0.041 22 2.1
G_and_S_cingul-Ant 3394 2383 6871 2.581 0.660 0.116 0.021 37 2.9
G_and_S_cingul-Mid-Ant 1594 1104 3437 2.890 0.457 0.124 0.027 16 1.8
G_and_S_cingul-Mid-Post 1580 1078 2967 2.744 0.475 0.107 0.022 12 1.5
G_cingul-Post-dorsal 679 447 1998 3.128 0.589 0.148 0.033 10 1.1
G_cingul-Post-ventral 328 210 826 2.965 0.837 0.132 0.030 5 0.3
G_cuneus 2337 1567 3314 1.816 0.494 0.146 0.032 30 3.4
G_front_inf-Opercular 1869 1288 4310 2.675 0.524 0.132 0.028 29 2.0
G_front_inf-Orbital 364 278 1098 2.803 0.597 0.161 0.030 7 0.6
G_front_inf-Triangul 1253 870 2993 2.656 0.557 0.132 0.026 18 1.3
G_front_middle 3722 2796 10116 2.625 0.572 0.148 0.031 66 5.0
G_front_sup 7687 5274 19253 2.874 0.602 0.128 0.025 91 8.0
G_Ins_lg_and_S_cent_ins 618 425 1661 3.810 0.888 0.099 0.025 6 0.4
G_insular_short 851 554 2881 3.664 0.871 0.115 0.032 10 1.1
G_occipital_middle 2403 1734 5936 2.734 0.554 0.144 0.034 39 3.2
G_occipital_sup 1451 942 2638 2.357 0.532 0.131 0.026 17 1.6
G_oc-temp_lat-fusifor 2528 1647 6470 3.026 0.614 0.132 0.033 38 3.3
G_oc-temp_med-Lingual 2852 1893 4857 2.131 0.695 0.143 0.033 40 4.0
G_oc-temp_med-Parahip 1416 882 4044 3.311 0.704 0.113 0.029 13 1.3
G_orbital 2396 1816 7241 3.012 0.662 0.140 0.034 35 3.3
G_pariet_inf-Angular 4010 2704 9526 2.771 0.537 0.131 0.027 53 4.4
G_pariet_inf-Supramar 3222 2142 7276 2.764 0.547 0.115 0.022 34 2.8
G_parietal_sup 3121 2267 6787 2.364 0.577 0.140 0.029 45 3.7
G_postcentral 2548 1604 4440 2.208 0.586 0.123 0.023 32 2.5
G_precentral 3404 1947 7770 2.967 0.449 0.095 0.017 26 2.4
G_precuneus 3386 2333 7501 2.603 0.601 0.128 0.025 45 3.6
G_rectus 980 683 2711 2.827 0.643 0.130 0.027 14 1.2
G_subcallosal 606 397 1112 2.826 0.982 0.120 0.037 10 0.8
G_temp_sup-G_T_transv 639 402 1386 2.582 0.384 0.118 0.025 7 0.6
G_temp_sup-Lateral 2718 1788 6848 2.966 0.543 0.123 0.028 34 3.2
G_temp_sup-Plan_polar 1086 708 2517 3.238 0.693 0.074 0.015 4 0.7
G_temp_sup-Plan_tempo 1132 749 2042 2.514 0.462 0.071 0.011 4 0.5
G_temporal_inf 2416 1763 7320 3.084 0.684 0.130 0.029 45 2.7
G_temporal_middle 3300 2304 9764 3.173 0.670 0.126 0.025 44 3.6
Lat_Fis-ant-Horizont 425 278 622 2.286 0.522 0.079 0.008 2 0.1
Lat_Fis-ant-Vertical 328 225 441 2.298 0.431 0.102 0.012 2 0.1
Lat_Fis-post 1659 1090 2346 2.710 0.424 0.097 0.018 9 1.2
Pole_occipital 3130 2116 5594 2.221 0.706 0.153 0.034 47 4.7
Pole_temporal 1665 1346 6558 3.175 0.868 0.158 0.046 29 3.2
S_calcarine 2218 1493 2355 1.818 0.555 0.113 0.021 18 2.1
S_central 3403 2253 3775 1.963 0.583 0.104 0.019 20 2.8
S_cingul-Marginalis 1333 862 1832 2.359 0.461 0.081 0.011 5 0.6
S_circular_insula_ant 688 444 1104 2.928 0.470 0.080 0.013 2 0.4
S_circular_insula_inf 1391 899 2318 3.163 0.674 0.082 0.010 5 0.7
S_circular_insula_sup 1731 1116 2401 2.664 0.504 0.095 0.016 7 1.3
S_collat_transv_ant 1304 855 1988 2.556 0.582 0.100 0.021 11 1.3
S_collat_transv_post 462 320 670 2.562 0.492 0.143 0.029 5 0.7
S_front_inf 2481 1684 3499 2.147 0.438 0.101 0.017 18 1.7
S_front_middle 2273 1618 3411 2.111 0.525 0.114 0.023 20 2.1
S_front_sup 2971 1997 4652 2.475 0.472 0.101 0.017 17 2.1
S_interm_prim-Jensen 817 545 1070 2.380 0.313 0.099 0.014 4 0.5
S_intrapariet_and_P_trans 4126 2772 5645 2.247 0.433 0.109 0.018 31 3.1
S_oc_middle_and_Lunatus 712 493 900 2.150 0.428 0.124 0.022 5 0.7
S_oc_sup_and_transversal 1463 967 1956 2.309 0.369 0.113 0.019 10 1.2
S_occipital_ant 1021 669 1387 2.381 0.361 0.107 0.018 7 0.8
S_oc-temp_lat 1296 920 1848 2.367 0.396 0.124 0.021 13 1.4
S_oc-temp_med_and_Lingual 2402 1536 3310 2.525 0.482 0.087 0.011 11 1.2
S_orbital_lateral 529 367 611 1.832 0.474 0.099 0.012 3 0.3
S_orbital_med-olfact 695 459 931 2.257 0.706 0.102 0.013 4 0.4
S_orbital-H_Shaped 1435 1016 2779 2.657 0.669 0.131 0.030 19 1.8
S_parieto_occipital 2325 1536 3388 2.526 0.532 0.116 0.020 18 2.0
S_pericallosal 1913 1200 2087 2.171 0.733 0.117 0.019 22 1.5
S_postcentral 2431 1587 2997 2.150 0.495 0.102 0.016 16 1.7
S_precentral-inf-part 1873 1221 2733 2.416 0.442 0.086 0.013 9 1.0
S_precentral-sup-part 1710 1116 2529 2.669 0.402 0.091 0.015 8 1.0
S_suborbital 573 402 814 2.214 0.624 0.131 0.021 6 0.6
S_subparietal 1456 977 2316 2.545 0.499 0.102 0.018 8 1.0
S_temporal_inf 1482 986 2002 2.551 0.488 0.105 0.015 9 1.0
S_temporal_sup 6851 4661 12616 2.661 0.512 0.103 0.018 50 5.2
S_temporal_transverse 473 326 565 2.185 0.346 0.111 0.012 3 0.3
