StructName NumVert SurfArea GrayVol ThickAvg ThickStd MeanCurv GausCurv FoldInd CurvInd
G_and_S_frontomargin 871 664 2019 2.457 0.735 0.159 0.041 15 1.6
G_and_S_occipital_inf 1348 915 3220 2.721 0.618 0.123 0.026 21 1.4
G_and_S_paracentral 1825 1131 3370 2.479 0.557 0.129 0.040 23 2.7
G_and_S_subcentral 2538 1712 4083 2.237 0.657 0.147 0.047 39 5.3
G_and_S_transv_frontopol 1204 898 3104 2.540 0.715 0.154 0.037 22 1.9
G_and_S_cingul-Ant 3745 2584 7261 2.508 0.582 0.113 0.027 38 4.0
G_and_S_cingul-Mid-Ant 1769 1275 3847 2.712 0.514 0.124 0.030 20 2.1
G_and_S_cingul-Mid-Post 1703 1164 3115 2.662 0.423 0.110 0.028 15 1.8
G_cingul-Post-dorsal 752 518 2248 3.072 0.534 0.141 0.037 13 1.0
G_cingul-Post-ventral 319 221 966 3.197 0.779 0.128 0.035 4 0.4
G_cuneus 2325 1560 3189 1.830 0.523 0.141 0.037 34 3.4
G_front_inf-Opercular 2091 1453 4576 2.579 0.572 0.142 0.042 37 3.7
G_front_inf-Orbital 324 237 1011 2.886 0.645 0.151 0.030 6 0.5
G_front_inf-Triangul 1204 804 2926 2.694 0.567 0.129 0.029 21 1.1
G_front_middle 3863 2851 11800 2.828 0.664 0.143 0.035 71 4.9
G_front_sup 8351 5852 21690 2.866 0.606 0.133 0.035 116 10.4
G_Ins_lg_and_S_cent_ins 637 447 1752 3.806 0.910 0.124 0.034 8 0.8
G_insular_short 674 513 2575 3.641 0.801 0.131 0.039 9 0.8
G_occipital_middle 2563 1763 6201 2.719 0.531 0.131 0.031 42 3.0
G_occipital_sup 1596 983 2970 2.454 0.507 0.125 0.027 20 1.7
G_oc-temp_lat-fusifor 2353 1603 6472 3.094 0.505 0.130 0.032 46 2.6
G_oc-temp_med-Lingual 2858 2015 5231 2.163 0.741 0.145 0.042 44 4.6
G_oc-temp_med-Parahip 1449 978 4216 3.280 0.824 0.137 0.044 18 2.4
G_orbital 3048 2213 8340 2.828 0.872 0.144 0.046 56 5.6
G_pariet_inf-Angular 4458 3083 10685 2.681 0.606 0.134 0.030 70 5.5
G_pariet_inf-Supramar 3343 2297 7382 2.599 0.670 0.128 0.039 48 4.8
G_parietal_sup 3223 2295 7340 2.481 0.560 0.131 0.029 65 3.4
G_postcentral 2459 1647 5021 2.348 0.680 0.134 0.038 41 3.3
G_precentral 3218 2120 8403 2.899 0.576 0.119 0.030 34 3.8
G_precuneus 3589 2446 7870 2.607 0.507 0.124 0.026 53 3.5
G_rectus 927 659 2382 2.671 0.505 0.119 0.034 12 0.9
G_subcallosal 578 367 1074 2.773 0.958 0.113 0.042 7 0.9
G_temp_sup-G_T_transv 617 406 1491 2.697 0.342 0.108 0.031 8 0.6
G_temp_sup-Lateral 3346 2175 6777 2.491 0.806 0.145 0.050 61 6.6
G_temp_sup-Plan_polar 1070 698 2671 3.130 0.715 0.073 0.015 4 0.7
G_temp_sup-Plan_tempo 1244 830 2280 2.553 0.421 0.080 0.015 5 0.7
G_temporal_inf 2643 1939 8078 3.014 0.791 0.129 0.032 48 3.0
G_temporal_middle 3510 2482 9968 2.930 0.774 0.127 0.032 57 4.2
Lat_Fis-ant-Horizont 445 299 656 2.224 0.486 0.086 0.013 2 0.3
Lat_Fis-ant-Vertical 414 275 541 2.349 0.340 0.099 0.016 2 0.3
Lat_Fis-post 1797 1173 2503 2.599 0.420 0.097 0.019 9 1.5
Pole_occipital 3149 2145 6014 2.288 0.652 0.149 0.041 54 4.6
Pole_temporal 1731 1400 6351 2.972 0.914 0.153 0.045 35 3.2
S_calcarine 2195 1467 2809 2.129 0.564 0.102 0.021 15 1.9
S_central 3499 2302 4166 2.089 0.523 0.100 0.020 17 3.1
S_cingul-Marginalis 1390 907 2008 2.382 0.379 0.084 0.013 6 0.8
S_circular_insula_ant 664 423 1039 2.884 0.444 0.082 0.015 2 0.5
S_circular_insula_inf 1360 868 2162 3.006 0.534 0.085 0.014 5 0.9
S_circular_insula_sup 1781 1159 2665 2.765 0.457 0.097 0.019 7 1.5
S_collat_transv_ant 1240 856 1949 2.442 0.650 0.105 0.020 10 1.0
S_collat_transv_post 390 287 611 2.628 0.465 0.143 0.028 3 0.6
S_front_inf 2554 1714 3865 2.253 0.454 0.100 0.019 19 1.9
S_front_middle 2505 1791 4109 2.207 0.511 0.124 0.028 27 2.9
S_front_sup 3222 2157 5106 2.426 0.485 0.100 0.020 19 2.7
S_interm_prim-Jensen 938 622 1200 2.307 0.401 0.103 0.016 5 0.7
S_intrapariet_and_P_trans 4145 2753 5801 2.293 0.389 0.107 0.019 32 3.4
S_oc_middle_and_Lunatus 773 520 990 2.239 0.395 0.118 0.020 5 0.7
S_oc_sup_and_transversal 1543 1011 2084 2.322 0.314 0.109 0.019 10 1.4
S_occipital_ant 968 621 1314 2.476 0.351 0.100 0.018 5 0.7
S_oc-temp_lat 1383 974 1991 2.334 0.439 0.118 0.019 10 1.3
S_oc-temp_med_and_Lingual 2277 1465 3270 2.592 0.432 0.086 0.012 9 1.3
S_orbital_lateral 539 386 711 1.966 0.523 0.105 0.015 3 0.4
S_orbital_med-olfact 832 548 1117 2.335 0.501 0.105 0.018 5 0.7
S_orbital-H_Shaped 1489 1093 3098 2.615 0.755 0.133 0.030 17 2.1
S_parieto_occipital 2300 1528 3538 2.546 0.401 0.111 0.021 17 2.0
S_pericallosal 1849 1171 1865 1.907 0.672 0.126 0.025 24 2.0
S_postcentral 2767 1833 3694 2.220 0.432 0.106 0.019 21 2.3
S_precentral-inf-part 1996 1306 2990 2.424 0.446 0.087 0.016 8 1.3
S_precentral-sup-part 1694 1104 2406 2.466 0.507 0.095 0.017 8 1.2
S_suborbital 467 322 594 2.115 0.441 0.120 0.022 3 0.5
S_subparietal 1486 1003 2344 2.545 0.381 0.103 0.021 8 1.3
S_temporal_inf 1543 1027 1947 2.294 0.486 0.106 0.018 8 1.4
S_temporal_sup 6894 4776 12853 2.612 0.494 0.103 0.020 58 5.6
S_temporal_transverse 505 335 596 2.310 0.300 0.106 0.016 3 0.4
