StructName NumVert SurfArea GrayVol ThickAvg ThickStd MeanCurv GausCurv FoldInd CurvInd
G_and_S_frontomargin 850 702 1972 2.450 0.537 0.172 0.054 17 1.8
G_and_S_occipital_inf 1311 940 2949 2.545 0.572 0.128 0.024 16 1.3
G_and_S_paracentral 1553 927 2924 2.581 0.496 0.109 0.017 13 1.2
G_and_S_subcentral 1813 1280 3990 2.707 0.449 0.125 0.023 21 1.8
G_and_S_transv_frontopol 1147 977 3520 2.786 0.572 0.167 0.036 23 1.9
G_and_S_cingul-Ant 3237 2294 6708 2.731 0.578 0.110 0.018 32 2.5
G_and_S_cingul-Mid-Ant 1528 1078 3515 3.014 0.484 0.119 0.024 14 1.4
G_and_S_cingul-Mid-Post 1549 1066 2947 2.797 0.489 0.102 0.020 11 1.2
G_cingul-Post-dorsal 682 466 1935 3.119 0.512 0.142 0.026 9 0.9
G_cingul-Post-ventral 307 207 740 2.891 0.899 0.138 0.032 4 0.4
G_cuneus 2339 1598 3141 1.781 0.493 0.141 0.033 28 3.3
G_front_inf-Opercular 1772 1320 4496 2.763 0.491 0.133 0.029 27 2.1
G_front_inf-Orbital 356 260 972 2.711 0.529 0.133 0.023 5 0.3
G_front_inf-Triangul 1158 836 2731 2.576 0.423 0.135 0.026 17 1.2
G_front_middle 3895 3036 10783 2.680 0.485 0.144 0.031 64 4.9
G_front_sup 7694 5401 19253 2.923 0.498 0.130 0.025 95 7.9
G_Ins_lg_and_S_cent_ins 644 457 1707 3.839 0.938 0.105 0.029 7 0.5
G_insular_short 733 518 2688 3.718 0.827 0.117 0.030 8 0.8
G_occipital_middle 2453 1784 5839 2.656 0.496 0.137 0.030 35 2.8
G_occipital_sup 1556 1050 2577 2.148 0.467 0.137 0.028 20 1.8
G_oc-temp_lat-fusifor 2176 1510 5748 3.028 0.602 0.131 0.030 35 2.6
G_oc-temp_med-Lingual 2836 1939 4378 1.963 0.693 0.140 0.035 37 4.0
G_oc-temp_med-Parahip 1317 851 3875 3.278 0.713 0.113 0.023 13 1.1
G_orbital 2334 1830 7040 2.988 0.737 0.138 0.035 40 3.3
G_pariet_inf-Angular 4439 3091 10147 2.681 0.459 0.129 0.025 60 4.7
G_pariet_inf-Supramar 3162 2179 7166 2.705 0.493 0.115 0.021 37 2.5
G_parietal_sup 3233 2347 6801 2.345 0.499 0.135 0.027 46 3.5
G_postcentral 2328 1542 4355 2.245 0.547 0.122 0.022 28 2.1
G_precentral 3184 1973 7568 2.894 0.417 0.102 0.017 27 2.2
G_precuneus 3361 2353 7216 2.526 0.568 0.126 0.024 45 3.3
G_rectus 882 642 2387 2.800 0.579 0.128 0.029 14 1.0
G_subcallosal 599 378 1105 2.836 1.271 0.108 0.038 17 1.0
G_temp_sup-G_T_transv 579 384 1367 2.655 0.445 0.124 0.027 7 0.6
G_temp_sup-Lateral 2503 1814 7069 3.038 0.527 0.130 0.029 37 3.0
G_temp_sup-Plan_polar 898 583 2326 3.483 0.681 0.058 0.008 2 0.3
G_temp_sup-Plan_tempo 1078 713 1936 2.501 0.432 0.068 0.011 4 0.5
G_temporal_inf 2316 1791 6950 2.958 0.629 0.126 0.025 33 2.5
G_temporal_middle 2964 2276 9183 3.103 0.631 0.134 0.025 45 3.4
Lat_Fis-ant-Horizont 433 284 613 2.260 0.454 0.084 0.010 1 0.2
Lat_Fis-ant-Vertical 295 197 382 2.323 0.460 0.103 0.015 2 0.1
Lat_Fis-post 1644 1085 2301 2.689 0.422 0.097 0.018 9 1.2
Pole_occipital 3188 2144 5292 2.052 0.725 0.146 0.036 43 4.6
Pole_temporal 1840 1417 6699 3.300 0.784 0.133 0.029 25 2.0
S_calcarine 2216 1522 2336 1.777 0.643 0.115 0.023 19 2.2
S_central 3283 2169 3637 1.967 0.605 0.100 0.017 18 2.4
S_cingul-Marginalis 1383 911 2009 2.356 0.433 0.081 0.010 6 0.6
S_circular_insula_ant 668 432 1042 2.765 0.461 0.080 0.013 2 0.4
S_circular_insula_inf 1348 873 2211 3.082 0.680 0.082 0.011 5 0.6
S_circular_insula_sup 1716 1105 2543 2.792 0.484 0.091 0.016 6 1.2
S_collat_transv_ant 1281 846 2081 2.586 0.618 0.097 0.015 9 0.8
S_collat_transv_post 514 375 792 2.516 0.557 0.149 0.031 5 0.8
S_front_inf 2431 1640 3428 2.194 0.411 0.097 0.016 17 1.5
S_front_middle 1898 1354 2809 2.223 0.461 0.118 0.024 15 2.0
S_front_sup 2787 1897 4343 2.487 0.444 0.098 0.016 15 1.9
S_interm_prim-Jensen 888 579 1107 2.316 0.343 0.097 0.013 4 0.6
S_intrapariet_and_P_trans 3869 2609 5443 2.270 0.360 0.104 0.016 28 2.6
S_oc_middle_and_Lunatus 653 443 759 2.074 0.358 0.117 0.021 5 0.6
S_oc_sup_and_transversal 1478 988 2039 2.310 0.396 0.109 0.017 10 1.1
S_occipital_ant 930 604 1290 2.439 0.368 0.103 0.018 7 0.7
S_oc-temp_lat 1313 935 1950 2.345 0.361 0.123 0.018 11 1.2
S_oc-temp_med_and_Lingual 2342 1546 3439 2.588 0.411 0.088 0.012 11 1.2
S_orbital_lateral 521 367 621 1.967 0.444 0.098 0.012 3 0.3
S_orbital_med-olfact 1043 697 1399 2.280 0.708 0.107 0.019 7 0.8
S_orbital-H_Shaped 1343 990 2693 2.756 0.579 0.133 0.029 15 1.7
S_parieto_occipital 2304 1537 3524 2.570 0.545 0.111 0.018 17 1.8
S_pericallosal 1632 1022 1844 2.239 0.814 0.114 0.016 19 1.1
S_postcentral 2399 1576 2961 2.144 0.445 0.099 0.016 17 1.6
S_precentral-inf-part 1753 1166 2571 2.448 0.402 0.083 0.013 8 0.9
S_precentral-sup-part 1635 1075 2426 2.668 0.415 0.089 0.013 7 0.9
S_suborbital 493 345 727 2.581 0.670 0.121 0.017 4 0.4
S_subparietal 1392 977 2271 2.668 0.412 0.105 0.019 8 1.0
S_temporal_inf 1443 940 1797 2.457 0.496 0.104 0.013 8 0.9
S_temporal_sup 6092 4206 10886 2.628 0.468 0.098 0.017 45 4.3
S_temporal_transverse 483 347 631 2.276 0.273 0.106 0.011 3 0.3
