StructName NumVert SurfArea GrayVol ThickAvg ThickStd MeanCurv GausCurv FoldInd CurvInd
G_and_S_frontomargin 844 669 1990 2.498 0.674 0.167 0.048 14 2.0
G_and_S_occipital_inf 1285 912 2960 2.586 0.586 0.130 0.025 15 1.3
G_and_S_paracentral 1684 956 3130 2.650 0.531 0.102 0.020 14 1.3
G_and_S_subcentral 1937 1318 4394 2.796 0.488 0.119 0.021 21 1.8
G_and_S_transv_frontopol 1133 943 3089 2.498 0.621 0.177 0.048 27 2.7
G_and_S_cingul-Ant 3246 2292 6505 2.560 0.615 0.116 0.021 34 2.9
G_and_S_cingul-Mid-Ant 1655 1135 3650 2.945 0.501 0.123 0.028 16 1.9
G_and_S_cingul-Mid-Post 1525 1056 2913 2.726 0.497 0.106 0.020 11 1.4
G_cingul-Post-dorsal 645 438 1931 3.125 0.608 0.147 0.033 9 1.0
G_cingul-Post-ventral 282 193 784 3.021 0.877 0.138 0.035 4 0.4
G_cuneus 2241 1552 3334 1.838 0.508 0.147 0.032 28 3.2
G_front_inf-Opercular 1834 1327 4580 2.764 0.479 0.135 0.028 28 2.1
G_front_inf-Orbital 373 273 1060 2.767 0.586 0.145 0.028 6 0.5
G_front_inf-Triangul 1116 753 2804 2.741 0.563 0.130 0.026 16 1.2
G_front_middle 3906 2944 10997 2.717 0.565 0.146 0.032 67 5.2
G_front_sup 7912 5431 20087 2.908 0.585 0.128 0.025 95 8.1
G_Ins_lg_and_S_cent_ins 689 462 1916 3.921 0.750 0.107 0.026 6 0.7
G_insular_short 782 517 2790 3.701 0.666 0.111 0.033 8 0.9
G_occipital_middle 2408 1746 5961 2.717 0.522 0.140 0.031 37 2.9
G_occipital_sup 1419 950 2611 2.318 0.489 0.134 0.026 18 1.5
G_oc-temp_lat-fusifor 2485 1609 6020 2.930 0.614 0.132 0.031 36 3.0
G_oc-temp_med-Lingual 2877 1935 4945 2.129 0.678 0.147 0.037 43 4.5
G_oc-temp_med-Parahip 1444 915 4095 3.211 0.888 0.124 0.033 16 1.7
G_orbital 2517 1898 7680 3.025 0.793 0.134 0.032 35 3.0
G_pariet_inf-Angular 4192 2873 10147 2.782 0.543 0.131 0.025 58 4.5
G_pariet_inf-Supramar 3072 2099 7235 2.768 0.542 0.118 0.022 35 2.7
G_parietal_sup 3089 2293 6882 2.382 0.562 0.143 0.030 48 3.8
G_postcentral 2460 1572 4400 2.217 0.597 0.121 0.022 29 2.3
G_precentral 3286 1918 7878 3.030 0.442 0.097 0.018 25 2.4
G_precuneus 3327 2370 7622 2.612 0.623 0.130 0.025 46 3.5
G_rectus 877 632 2468 2.858 0.647 0.129 0.025 12 1.0
G_subcallosal 590 375 1092 2.737 1.118 0.096 0.027 5 0.5
G_temp_sup-G_T_transv 651 395 1493 2.761 0.419 0.110 0.019 7 0.5
G_temp_sup-Lateral 2666 1816 7141 3.022 0.574 0.125 0.026 34 3.0
G_temp_sup-Plan_polar 1072 695 2650 3.409 0.801 0.074 0.016 4 0.7
G_temp_sup-Plan_tempo 1156 766 2121 2.547 0.442 0.071 0.011 4 0.5
G_temporal_inf 2489 1750 7463 3.124 0.690 0.123 0.025 35 2.4
G_temporal_middle 3216 2355 9861 3.163 0.654 0.130 0.026 44 3.7
Lat_Fis-ant-Horizont 519 342 731 2.198 0.526 0.085 0.009 2 0.2
Lat_Fis-ant-Vertical 351 234 467 2.392 0.411 0.098 0.012 2 0.1
Lat_Fis-post 1626 1083 2351 2.779 0.403 0.099 0.017 9 1.1
Pole_occipital 3101 2146 6137 2.302 0.765 0.153 0.034 47 4.3
Pole_temporal 1762 1384 6923 3.346 0.830 0.149 0.042 29 3.2
S_calcarine 2195 1480 2338 1.832 0.579 0.113 0.022 18 2.0
S_central 3403 2232 3943 2.065 0.641 0.099 0.018 19 2.6
S_cingul-Marginalis 1339 869 1848 2.305 0.443 0.081 0.011 5 0.6
S_circular_insula_ant 678 438 1056 2.924 0.526 0.079 0.012 2 0.4
S_circular_insula_inf 1355 881 2206 3.081 0.614 0.082 0.011 5 0.7
S_circular_insula_sup 1704 1110 2451 2.818 0.434 0.096 0.017 7 1.2
S_collat_transv_ant 1347 888 2040 2.582 0.611 0.097 0.017 9 1.1
S_collat_transv_post 455 322 634 2.437 0.444 0.146 0.029 5 0.7
S_front_inf 2437 1656 3613 2.270 0.421 0.102 0.018 18 1.8
S_front_middle 2003 1396 2807 2.139 0.517 0.113 0.022 15 1.9
S_front_sup 2948 1974 4584 2.516 0.442 0.097 0.016 16 2.0
S_interm_prim-Jensen 869 581 1157 2.377 0.359 0.099 0.013 4 0.6
S_intrapariet_and_P_trans 3830 2570 5349 2.277 0.435 0.107 0.017 26 2.9
S_oc_middle_and_Lunatus 617 430 766 2.135 0.423 0.128 0.023 5 0.6
S_oc_sup_and_transversal 1455 967 1982 2.333 0.400 0.110 0.018 9 1.1
S_occipital_ant 1026 672 1420 2.385 0.382 0.103 0.017 6 0.8
S_oc-temp_lat 1314 933 1867 2.406 0.396 0.122 0.019 12 1.1
S_oc-temp_med_and_Lingual 2402 1581 3450 2.531 0.477 0.089 0.013 11 1.3
S_orbital_lateral 533 363 630 1.968 0.474 0.099 0.011 3 0.3
S_orbital_med-olfact 705 461 996 2.409 0.646 0.097 0.012 4 0.4
S_orbital-H_Shaped 1376 956 2961 2.910 0.719 0.122 0.027 13 1.6
S_parieto_occipital 2302 1526 3412 2.508 0.456 0.113 0.019 17 1.9
S_pericallosal 1872 1153 2036 2.136 0.689 0.112 0.017 20 1.4
S_postcentral 2434 1606 3154 2.214 0.469 0.101 0.016 16 1.7
S_precentral-inf-part 1858 1243 2878 2.527 0.388 0.084 0.012 8 0.9
S_precentral-sup-part 1728 1124 2626 2.717 0.440 0.089 0.014 7 1.0
S_suborbital 484 344 724 2.370 0.679 0.132 0.020 5 0.4
S_subparietal 1425 966 2232 2.498 0.459 0.103 0.018 8 1.0
S_temporal_inf 1470 978 1902 2.528 0.467 0.107 0.015 9 1.1
S_temporal_sup 6278 4361 11856 2.679 0.510 0.102 0.018 45 4.5
S_temporal_transverse 455 325 587 2.306 0.250 0.110 0.012 3 0.3
