StructName NumVert SurfArea GrayVol ThickAvg ThickStd MeanCurv GausCurv FoldInd CurvInd
G_and_S_frontomargin 825 594 1783 2.323 0.748 0.153 0.040 18 1.5
G_and_S_occipital_inf 1301 893 3148 2.737 0.647 0.125 0.023 15 1.2
G_and_S_paracentral 1643 1013 3251 2.657 0.502 0.108 0.019 14 1.3
G_and_S_subcentral 2004 1354 4291 2.695 0.483 0.120 0.023 21 1.9
G_and_S_transv_frontopol 1110 884 3230 2.529 0.728 0.166 0.043 23 2.0
G_and_S_cingul-Ant 3296 2369 6507 2.442 0.712 0.119 0.024 36 3.6
G_and_S_cingul-Mid-Ant 1559 1060 3326 2.832 0.507 0.121 0.027 15 1.7
G_and_S_cingul-Mid-Post 1569 1060 2876 2.689 0.468 0.107 0.023 13 1.4
G_cingul-Post-dorsal 680 465 1999 3.066 0.564 0.144 0.027 12 0.9
G_cingul-Post-ventral 312 212 821 2.941 0.907 0.139 0.035 4 0.4
G_cuneus 2401 1610 3439 1.870 0.520 0.146 0.033 32 3.5
G_front_inf-Opercular 1872 1308 4428 2.672 0.546 0.130 0.030 30 2.0
G_front_inf-Orbital 419 311 1255 2.785 0.651 0.152 0.042 8 0.7
G_front_inf-Triangul 1041 742 2499 2.488 0.667 0.131 0.025 15 1.0
G_front_middle 3569 2750 10130 2.610 0.627 0.150 0.036 76 5.4
G_front_sup 7553 5450 19650 2.815 0.650 0.134 0.028 103 8.7
G_Ins_lg_and_S_cent_ins 642 436 1724 3.809 0.911 0.099 0.022 6 0.4
G_insular_short 771 513 2749 3.700 0.917 0.124 0.032 10 1.0
G_occipital_middle 2535 1751 6139 2.762 0.543 0.134 0.030 37 3.2
G_occipital_sup 1485 939 2562 2.325 0.519 0.127 0.027 18 1.6
G_oc-temp_lat-fusifor 2541 1630 6236 2.951 0.574 0.131 0.032 41 3.0
G_oc-temp_med-Lingual 3011 1958 4863 2.081 0.666 0.139 0.034 41 4.1
G_oc-temp_med-Parahip 1421 880 3901 3.091 0.842 0.124 0.049 22 2.6
G_orbital 2334 1720 7198 2.966 0.746 0.134 0.032 37 3.0
G_pariet_inf-Angular 4633 3062 10899 2.836 0.518 0.127 0.025 62 4.8
G_pariet_inf-Supramar 2964 1988 7152 2.813 0.537 0.116 0.022 35 2.4
G_parietal_sup 3247 2272 7219 2.487 0.562 0.133 0.027 48 3.4
G_postcentral 2400 1538 4609 2.341 0.601 0.121 0.022 29 2.2
G_precentral 3278 1958 8044 3.005 0.470 0.102 0.019 29 2.6
G_precuneus 3539 2390 7816 2.628 0.557 0.123 0.024 49 3.4
G_rectus 899 630 2549 2.786 0.746 0.127 0.025 16 1.0
G_subcallosal 612 472 1217 2.876 1.096 0.171 0.065 10 1.6
G_temp_sup-G_T_transv 605 381 1292 2.574 0.414 0.112 0.019 6 0.5
G_temp_sup-Lateral 2737 1811 7046 2.985 0.544 0.124 0.027 36 3.1
G_temp_sup-Plan_polar 1121 723 2669 3.388 0.781 0.077 0.018 4 0.9
G_temp_sup-Plan_tempo 1093 710 1952 2.523 0.429 0.071 0.010 4 0.5
G_temporal_inf 2580 1845 7913 3.113 0.706 0.123 0.025 35 2.7
G_temporal_middle 3287 2319 9779 3.171 0.679 0.125 0.025 45 3.6
Lat_Fis-ant-Horizont 448 299 603 1.967 0.554 0.090 0.011 2 0.2
Lat_Fis-ant-Vertical 317 211 361 1.904 0.489 0.098 0.013 2 0.1
Lat_Fis-post 1803 1183 2525 2.664 0.376 0.099 0.017 10 1.2
Pole_occipital 3470 2238 6055 2.217 0.768 0.145 0.034 50 4.7
Pole_temporal 1844 1397 6374 3.045 0.898 0.146 0.044 30 3.4
S_calcarine 2310 1560 2476 1.823 0.571 0.117 0.023 20 2.2
S_central 3401 2238 3924 2.063 0.622 0.101 0.019 19 2.7
S_cingul-Marginalis 1383 911 1956 2.359 0.406 0.083 0.012 6 0.7
S_circular_insula_ant 688 443 1057 2.710 0.583 0.080 0.014 2 0.4
S_circular_insula_inf 1311 844 2158 3.110 0.705 0.081 0.011 4 0.6
S_circular_insula_sup 1666 1075 2334 2.594 0.520 0.094 0.017 6 1.3
S_collat_transv_ant 1284 851 2047 2.598 0.622 0.100 0.023 11 1.5
S_collat_transv_post 445 314 590 2.390 0.540 0.150 0.032 4 0.8
S_front_inf 2345 1584 3167 1.999 0.502 0.101 0.018 21 1.5
S_front_middle 2124 1495 2983 1.895 0.559 0.114 0.023 15 2.1
S_front_sup 2800 1878 4210 2.351 0.500 0.098 0.016 15 1.9
S_interm_prim-Jensen 736 484 934 2.434 0.277 0.096 0.014 3 0.5
S_intrapariet_and_P_trans 4036 2725 5756 2.316 0.391 0.107 0.017 29 3.0
S_oc_middle_and_Lunatus 745 520 940 2.166 0.453 0.130 0.024 6 0.7
S_oc_sup_and_transversal 1520 1012 2129 2.407 0.396 0.110 0.018 10 1.2
S_occipital_ant 1036 685 1476 2.440 0.363 0.105 0.018 6 0.8
S_oc-temp_lat 1314 956 1982 2.416 0.426 0.123 0.019 11 1.2
S_oc-temp_med_and_Lingual 2372 1565 3375 2.486 0.505 0.090 0.013 11 1.3
S_orbital_lateral 525 377 619 1.736 0.451 0.108 0.013 3 0.4
S_orbital_med-olfact 798 536 1047 2.102 0.814 0.113 0.024 5 0.9
S_orbital-H_Shaped 1316 946 2626 2.483 0.762 0.131 0.031 14 1.9
S_parieto_occipital 2381 1561 3486 2.492 0.424 0.112 0.019 17 1.9
S_pericallosal 1844 1161 1975 2.027 0.750 0.116 0.018 19 1.4
S_postcentral 2627 1759 3367 2.176 0.416 0.104 0.016 17 1.9
S_precentral-inf-part 1944 1285 2877 2.367 0.419 0.087 0.013 10 1.1
S_precentral-sup-part 1619 1060 2392 2.603 0.492 0.091 0.012 7 0.9
S_suborbital 477 342 636 1.979 0.667 0.131 0.021 5 0.4
S_subparietal 1424 974 2284 2.579 0.434 0.105 0.018 8 1.1
S_temporal_inf 1440 954 1858 2.482 0.463 0.107 0.015 8 1.1
S_temporal_sup 6531 4430 12024 2.691 0.470 0.102 0.018 48 4.7
S_temporal_transverse 492 343 610 2.244 0.283 0.104 0.011 3 0.3
