StructName NumVert SurfArea GrayVol ThickAvg ThickStd MeanCurv GausCurv FoldInd CurvInd
G_and_S_frontomargin 982 752 1804 2.172 0.644 0.135 0.028 13 1.2
G_and_S_occipital_inf 1293 890 2976 2.686 0.650 0.122 0.025 13 1.3
G_and_S_paracentral 1860 1070 3211 2.472 0.517 0.091 0.016 12 1.3
G_and_S_subcentral 1865 1262 3616 2.661 0.486 0.109 0.019 16 1.5
G_and_S_transv_frontopol 1250 1011 3214 2.530 0.549 0.169 0.041 36 1.9
G_and_S_cingul-Ant 3381 2461 6958 2.654 0.535 0.122 0.023 40 3.5
G_and_S_cingul-Mid-Ant 1707 1202 3385 2.715 0.423 0.114 0.021 15 1.6
G_and_S_cingul-Mid-Post 1852 1307 3481 2.632 0.440 0.121 0.025 16 1.9
G_cingul-Post-dorsal 661 447 1788 3.003 0.726 0.146 0.032 12 0.8
G_cingul-Post-ventral 525 354 1087 2.470 0.698 0.127 0.035 9 0.7
G_cuneus 2476 1649 3194 1.810 0.606 0.128 0.029 28 3.0
G_front_inf-Opercular 1494 1053 4131 2.878 0.433 0.119 0.020 15 1.3
G_front_inf-Orbital 347 268 930 2.836 0.365 0.146 0.032 6 0.5
G_front_inf-Triangul 1133 821 3230 2.847 0.545 0.129 0.026 15 1.3
G_front_middle 4378 3303 11162 2.548 0.555 0.147 0.028 77 5.3
G_front_sup 8895 6207 22090 2.835 0.551 0.130 0.027 119 9.6
G_Ins_lg_and_S_cent_ins 683 479 1917 3.557 0.671 0.101 0.025 7 0.5
G_insular_short 966 700 3037 3.321 0.930 0.133 0.046 14 1.8
G_occipital_middle 2722 1922 6246 2.595 0.551 0.138 0.029 42 3.4
G_occipital_sup 1716 1089 2979 2.290 0.539 0.115 0.026 18 1.6
G_oc-temp_lat-fusifor 1426 1019 4386 3.229 0.525 0.123 0.025 20 1.4
G_oc-temp_med-Lingual 3544 2508 4786 1.772 0.763 0.149 0.037 49 5.5
G_oc-temp_med-Parahip 1531 1053 4833 3.313 0.807 0.114 0.026 19 1.5
G_orbital 2515 1962 7243 2.858 0.646 0.143 0.037 53 3.9
G_pariet_inf-Angular 3614 2589 9430 2.763 0.554 0.137 0.027 52 4.1
G_pariet_inf-Supramar 2944 2069 7702 3.006 0.553 0.136 0.025 41 3.2
G_parietal_sup 2322 1532 5007 2.525 0.468 0.125 0.023 29 2.1
G_postcentral 2259 1443 4052 2.230 0.590 0.111 0.019 22 1.9
G_precentral 3341 2004 7509 2.828 0.431 0.103 0.019 28 2.6
G_precuneus 2907 1943 6545 2.608 0.515 0.131 0.025 44 3.0
G_rectus 804 621 2185 2.636 0.572 0.134 0.026 15 0.8
G_subcallosal 643 487 1151 2.578 0.784 0.158 0.059 13 1.5
G_temp_sup-G_T_transv 434 294 930 2.687 0.539 0.114 0.021 4 0.3
G_temp_sup-Lateral 2323 1522 7308 3.398 0.591 0.107 0.019 26 1.7
G_temp_sup-Plan_polar 1081 703 2671 3.379 0.750 0.073 0.012 4 0.5
G_temp_sup-Plan_tempo 889 624 1953 2.784 0.476 0.096 0.014 6 0.5
G_temporal_inf 2308 1742 7110 3.051 0.680 0.129 0.027 38 2.9
G_temporal_middle 3277 2478 10506 3.247 0.592 0.134 0.027 49 3.8
Lat_Fis-ant-Horizont 380 260 636 2.468 0.443 0.089 0.014 1 0.3
Lat_Fis-ant-Vertical 339 227 449 2.455 0.389 0.088 0.014 1 0.1
Lat_Fis-post 1478 997 2177 2.678 0.499 0.113 0.020 9 1.3
Pole_occipital 3688 2418 5226 1.966 0.609 0.137 0.031 44 5.0
Pole_temporal 1810 1408 7079 3.526 0.733 0.136 0.029 26 2.2
S_calcarine 2612 1777 2728 1.749 0.643 0.118 0.026 23 2.7
S_central 3592 2364 4006 1.919 0.591 0.099 0.016 21 2.6
S_cingul-Marginalis 1476 1014 2186 2.305 0.428 0.098 0.014 9 0.9
S_circular_insula_ant 863 565 1253 2.711 0.517 0.095 0.016 4 0.6
S_circular_insula_inf 1231 790 1765 2.783 0.459 0.076 0.009 4 0.5
S_circular_insula_sup 1477 977 2156 2.831 0.542 0.099 0.017 6 1.1
S_collat_transv_ant 1135 774 1985 2.998 0.575 0.097 0.014 6 0.8
S_collat_transv_post 406 305 583 2.250 0.346 0.135 0.026 4 0.5
S_front_inf 2419 1602 3097 2.163 0.377 0.110 0.018 17 1.8
S_front_middle 2740 1907 3780 2.139 0.427 0.107 0.017 18 1.9
S_front_sup 3217 2193 4956 2.420 0.397 0.099 0.016 19 2.4
S_interm_prim-Jensen 622 410 816 2.513 0.368 0.105 0.016 3 0.5
S_intrapariet_and_P_trans 3641 2443 4785 2.120 0.377 0.103 0.015 27 2.3
S_oc_middle_and_Lunatus 838 582 1066 2.103 0.292 0.106 0.016 5 0.6
S_oc_sup_and_transversal 1897 1289 2376 2.098 0.300 0.108 0.017 14 1.4
S_occipital_ant 849 583 1348 2.547 0.380 0.108 0.017 6 0.6
S_oc-temp_lat 835 579 1405 2.752 0.451 0.096 0.015 6 0.4
S_oc-temp_med_and_Lingual 2378 1625 3980 2.707 0.401 0.114 0.021 19 2.1
S_orbital_lateral 333 249 536 2.203 0.663 0.136 0.024 4 0.4
S_orbital_med-olfact 921 598 1273 2.523 0.638 0.097 0.011 5 0.4
S_orbital-H_Shaped 1464 1032 2656 2.738 0.585 0.121 0.020 14 1.3
S_parieto_occipital 2201 1492 2850 2.229 0.525 0.108 0.017 16 1.6
S_pericallosal 1940 1254 1703 1.644 0.571 0.114 0.016 24 1.3
S_postcentral 2946 1893 3665 2.176 0.398 0.096 0.016 17 2.0
S_precentral-inf-part 1784 1182 2531 2.516 0.458 0.106 0.017 12 1.4
S_precentral-sup-part 1615 1062 2266 2.532 0.425 0.088 0.012 7 0.8
S_suborbital 227 178 405 2.603 0.510 0.155 0.020 3 0.2
S_subparietal 1451 1020 2239 2.387 0.474 0.122 0.022 13 1.4
S_temporal_inf 1612 1074 2296 2.610 0.376 0.090 0.013 7 0.9
S_temporal_sup 7626 5126 12423 2.653 0.428 0.097 0.015 46 5.1
S_temporal_transverse 258 185 362 2.457 0.545 0.134 0.018 2 0.2
