StructName NumVert SurfArea GrayVol ThickAvg ThickStd MeanCurv GausCurv FoldInd CurvInd
G_and_S_frontomargin 984 739 1710 2.024 0.612 0.142 0.035 14 1.7
G_and_S_occipital_inf 1376 902 3120 2.725 0.675 0.120 0.026 15 1.4
G_and_S_paracentral 1906 1104 3260 2.450 0.504 0.096 0.017 13 1.4
G_and_S_subcentral 1909 1251 3560 2.605 0.513 0.104 0.018 15 1.4
G_and_S_transv_frontopol 1285 972 2919 2.354 0.586 0.156 0.037 26 1.9
G_and_S_cingul-Ant 3393 2420 6486 2.462 0.629 0.117 0.022 32 3.1
G_and_S_cingul-Mid-Ant 1591 1132 3031 2.566 0.455 0.114 0.023 14 1.5
G_and_S_cingul-Mid-Post 1906 1319 3538 2.613 0.460 0.121 0.026 18 2.0
G_cingul-Post-dorsal 678 460 1927 3.121 0.798 0.140 0.035 10 0.9
G_cingul-Post-ventral 542 380 1158 2.406 0.787 0.150 0.042 11 1.1
G_cuneus 2480 1638 3300 1.856 0.536 0.127 0.029 25 3.1
G_front_inf-Opercular 1519 1001 4039 2.894 0.445 0.115 0.020 15 1.3
G_front_inf-Orbital 367 260 873 2.728 0.451 0.122 0.026 4 0.4
G_front_inf-Triangul 1174 818 3199 2.852 0.506 0.128 0.028 16 1.3
G_front_middle 4475 3316 10964 2.465 0.617 0.145 0.028 82 5.2
G_front_sup 8858 6265 21208 2.657 0.626 0.130 0.027 113 9.8
G_Ins_lg_and_S_cent_ins 766 518 1878 3.342 0.632 0.103 0.027 7 0.6
G_insular_short 860 601 2784 3.397 0.795 0.123 0.035 12 1.2
G_occipital_middle 2868 1931 6447 2.611 0.573 0.130 0.026 39 3.1
G_occipital_sup 1748 1100 3081 2.296 0.563 0.119 0.027 19 1.8
G_oc-temp_lat-fusifor 1535 1044 4714 3.266 0.642 0.122 0.028 19 1.7
G_oc-temp_med-Lingual 3656 2528 5359 1.911 0.790 0.147 0.039 50 5.8
G_oc-temp_med-Parahip 1670 1100 5195 3.236 0.937 0.117 0.029 21 1.8
G_orbital 2596 1980 7108 2.700 0.722 0.150 0.044 55 4.6
G_pariet_inf-Angular 3859 2624 10067 2.810 0.622 0.131 0.027 53 4.3
G_pariet_inf-Supramar 3137 2098 7940 3.002 0.567 0.129 0.024 41 3.2
G_parietal_sup 2374 1550 5140 2.529 0.523 0.122 0.022 28 2.1
G_postcentral 2336 1456 4079 2.235 0.609 0.112 0.021 22 2.1
G_precentral 3381 1981 7373 2.783 0.463 0.101 0.019 28 2.5
G_precuneus 2809 1872 6182 2.564 0.536 0.130 0.027 36 3.1
G_rectus 816 624 2010 2.394 0.666 0.148 0.038 18 1.4
G_subcallosal 599 472 1267 2.913 0.751 0.176 0.061 12 1.7
G_temp_sup-G_T_transv 458 295 892 2.538 0.528 0.109 0.021 4 0.4
G_temp_sup-Lateral 2459 1508 7367 3.374 0.630 0.105 0.019 23 1.9
G_temp_sup-Plan_polar 1147 756 2728 3.304 0.827 0.077 0.016 5 0.6
G_temp_sup-Plan_tempo 989 663 1997 2.730 0.486 0.099 0.016 7 0.7
G_temporal_inf 2452 1713 6886 3.020 0.671 0.126 0.029 37 3.1
G_temporal_middle 3507 2464 10762 3.260 0.631 0.126 0.026 49 3.8
Lat_Fis-ant-Horizont 434 287 703 2.365 0.523 0.085 0.012 2 0.3
Lat_Fis-ant-Vertical 336 219 416 2.280 0.396 0.082 0.015 1 0.1
Lat_Fis-post 1402 926 1854 2.498 0.477 0.112 0.021 9 1.2
Pole_occipital 3531 2350 5576 2.075 0.647 0.143 0.031 44 4.6
Pole_temporal 1748 1348 6845 3.439 0.861 0.146 0.037 28 2.7
S_calcarine 2668 1810 2739 1.744 0.552 0.119 0.025 23 2.7
S_central 3656 2417 4002 1.880 0.584 0.105 0.019 23 2.8
S_cingul-Marginalis 1430 976 2086 2.285 0.420 0.100 0.015 8 0.9
S_circular_insula_ant 806 527 1157 2.593 0.579 0.093 0.015 4 0.5
S_circular_insula_inf 1236 811 1725 2.684 0.502 0.081 0.011 4 0.6
S_circular_insula_sup 1531 1005 2226 2.733 0.519 0.103 0.018 7 1.2
S_collat_transv_ant 1165 786 1879 2.833 0.485 0.099 0.016 6 0.8
S_collat_transv_post 421 295 580 2.328 0.284 0.130 0.021 4 0.4
S_front_inf 2398 1602 3053 2.109 0.411 0.112 0.018 18 1.9
S_front_middle 2747 1895 3531 1.942 0.470 0.108 0.018 19 2.1
S_front_sup 3195 2165 4809 2.331 0.415 0.100 0.016 19 2.4
S_interm_prim-Jensen 679 448 846 2.450 0.359 0.110 0.019 4 0.6
S_intrapariet_and_P_trans 3498 2340 4594 2.119 0.338 0.105 0.015 25 2.3
S_oc_middle_and_Lunatus 863 590 1048 2.041 0.336 0.108 0.016 6 0.6
S_oc_sup_and_transversal 1990 1347 2571 2.157 0.281 0.105 0.016 14 1.4
S_occipital_ant 937 626 1401 2.414 0.403 0.112 0.017 7 0.7
S_oc-temp_lat 906 632 1524 2.673 0.458 0.096 0.014 5 0.5
S_oc-temp_med_and_Lingual 2329 1570 3736 2.632 0.439 0.112 0.022 16 2.1
S_orbital_lateral 330 248 481 1.901 0.611 0.141 0.029 3 0.5
S_orbital_med-olfact 918 642 1301 2.082 0.844 0.112 0.022 7 0.9
S_orbital-H_Shaped 1387 985 2299 2.173 0.620 0.126 0.023 15 1.4
S_parieto_occipital 2289 1532 2883 2.198 0.530 0.104 0.016 16 1.6
S_pericallosal 1755 1129 1554 1.623 0.482 0.121 0.020 23 1.5
S_postcentral 2970 1936 3811 2.227 0.410 0.100 0.016 17 2.1
S_precentral-inf-part 1869 1231 2613 2.462 0.481 0.104 0.016 11 1.4
S_precentral-sup-part 1726 1140 2386 2.412 0.445 0.089 0.012 8 0.9
S_suborbital 197 155 301 2.177 0.449 0.162 0.024 2 0.2
S_subparietal 1478 1047 2242 2.288 0.493 0.124 0.024 13 1.4
S_temporal_inf 1757 1156 2427 2.457 0.381 0.091 0.013 8 0.9
S_temporal_sup 7675 5056 11924 2.553 0.453 0.095 0.013 47 4.6
S_temporal_transverse 311 217 403 2.330 0.514 0.134 0.017 3 0.2
