StructName NumVert SurfArea GrayVol ThickAvg ThickStd MeanCurv GausCurv FoldInd CurvInd
G_and_S_frontomargin 1067 801 1724 1.963 0.594 0.135 0.027 14 1.3
G_and_S_occipital_inf 1279 885 3310 2.779 0.765 0.121 0.025 16 1.2
G_and_S_paracentral 1932 1138 3430 2.494 0.553 0.111 0.036 25 2.5
G_and_S_subcentral 2167 1496 3444 2.236 0.661 0.121 0.028 22 2.6
G_and_S_transv_frontopol 1396 1012 3355 2.551 0.618 0.146 0.034 26 1.8
G_and_S_cingul-Ant 3583 2531 7239 2.470 0.662 0.116 0.025 41 3.3
G_and_S_cingul-Mid-Ant 1842 1337 3891 2.760 0.402 0.119 0.025 22 2.0
G_and_S_cingul-Mid-Post 2065 1450 3918 2.654 0.520 0.116 0.027 18 2.0
G_cingul-Post-dorsal 634 469 1958 3.072 0.889 0.150 0.036 11 1.0
G_cingul-Post-ventral 507 397 1403 2.676 0.755 0.138 0.036 11 0.7
G_cuneus 2375 1669 3622 2.003 0.648 0.127 0.032 25 2.9
G_front_inf-Opercular 1611 1133 4590 2.897 0.470 0.120 0.030 19 1.6
G_front_inf-Orbital 530 372 1341 2.805 0.502 0.139 0.031 9 0.7
G_front_inf-Triangul 1209 857 3463 2.939 0.591 0.133 0.032 20 1.5
G_front_middle 4660 3395 12952 2.709 0.751 0.139 0.031 83 5.3
G_front_sup 9290 6431 23293 2.834 0.641 0.130 0.033 127 11.2
G_Ins_lg_and_S_cent_ins 780 571 2255 3.530 0.756 0.121 0.037 10 1.2
G_insular_short 1047 840 3365 3.245 0.900 0.174 0.061 21 2.6
G_occipital_middle 2724 1981 6551 2.589 0.614 0.138 0.032 49 3.4
G_occipital_sup 1729 1150 3388 2.361 0.569 0.119 0.032 22 1.7
G_oc-temp_lat-fusifor 1408 1026 4425 3.163 0.675 0.134 0.031 24 1.6
G_oc-temp_med-Lingual 3224 2404 5930 2.116 0.866 0.144 0.037 48 4.8
G_oc-temp_med-Parahip 1475 1040 5021 3.371 0.802 0.120 0.033 20 1.6
G_orbital 3007 2261 7460 2.503 0.856 0.150 0.045 63 4.9
G_pariet_inf-Angular 3933 2806 10741 2.775 0.716 0.138 0.033 65 4.9
G_pariet_inf-Supramar 3680 2534 8370 2.609 0.797 0.144 0.044 63 6.7
G_parietal_sup 2307 1548 5408 2.574 0.637 0.126 0.026 30 2.3
G_postcentral 2630 1664 4493 2.197 0.764 0.118 0.034 30 3.4
G_precentral 3665 2339 8391 2.738 0.570 0.115 0.033 43 4.3
G_precuneus 2734 2000 6749 2.596 0.562 0.139 0.032 43 3.4
G_rectus 1027 713 2209 2.364 0.689 0.139 0.044 19 1.6
G_subcallosal 827 587 1557 2.608 0.849 0.161 0.067 17 2.7
G_temp_sup-G_T_transv 498 342 1086 2.654 0.421 0.122 0.031 5 0.6
G_temp_sup-Lateral 2762 1877 6316 2.562 1.032 0.149 0.050 38 6.1
G_temp_sup-Plan_polar 1197 797 3003 3.145 0.829 0.075 0.014 5 0.6
G_temp_sup-Plan_tempo 1256 846 2176 2.379 0.614 0.130 0.034 15 2.1
G_temporal_inf 2868 2043 7114 2.602 0.903 0.140 0.045 57 5.2
G_temporal_middle 3856 2701 11218 3.097 0.750 0.129 0.038 72 4.8
Lat_Fis-ant-Horizont 453 301 754 2.305 0.505 0.089 0.016 2 0.3
Lat_Fis-ant-Vertical 358 235 473 2.391 0.442 0.088 0.017 1 0.2
Lat_Fis-post 1417 925 1958 2.562 0.478 0.108 0.022 8 1.3
Pole_occipital 3319 2266 5782 2.180 0.630 0.141 0.037 48 4.5
Pole_temporal 1831 1537 7467 3.323 0.843 0.159 0.043 36 3.3
S_calcarine 2641 1837 3404 2.039 0.521 0.113 0.024 21 2.6
S_central 3921 2589 4548 2.009 0.599 0.105 0.021 22 3.7
S_cingul-Marginalis 1536 1039 2294 2.252 0.451 0.099 0.017 8 1.1
S_circular_insula_ant 802 528 1186 2.654 0.576 0.090 0.018 3 0.6
S_circular_insula_inf 1338 844 1794 2.595 0.559 0.093 0.023 10 1.5
S_circular_insula_sup 1608 1062 2371 2.690 0.498 0.104 0.021 7 1.5
S_collat_transv_ant 1243 846 2167 2.754 0.607 0.103 0.021 6 1.1
S_collat_transv_post 376 252 542 2.412 0.394 0.120 0.020 2 0.4
S_front_inf 2611 1749 3708 2.282 0.428 0.109 0.021 18 2.3
S_front_middle 3204 2249 4925 2.090 0.512 0.113 0.021 33 2.9
S_front_sup 3366 2304 5352 2.418 0.436 0.100 0.019 19 2.8
S_interm_prim-Jensen 613 403 760 2.393 0.348 0.108 0.017 3 0.5
S_intrapariet_and_P_trans 3621 2423 4778 2.082 0.398 0.101 0.016 25 2.4
S_oc_middle_and_Lunatus 1206 810 1561 2.078 0.327 0.107 0.018 8 0.8
S_oc_sup_and_transversal 2038 1345 2670 2.160 0.307 0.100 0.016 15 1.5
S_occipital_ant 1043 694 1576 2.465 0.391 0.108 0.018 7 0.8
S_oc-temp_lat 885 614 1532 2.665 0.497 0.096 0.018 5 0.6
S_oc-temp_med_and_Lingual 2341 1579 4063 2.752 0.384 0.107 0.021 16 2.0
S_orbital_lateral 286 208 357 1.916 0.468 0.127 0.037 3 0.3
S_orbital_med-olfact 1242 820 1603 2.336 0.551 0.091 0.015 8 0.7
S_orbital-H_Shaped 1704 1222 3058 2.302 0.688 0.124 0.025 26 2.0
S_parieto_occipital 2152 1456 2959 2.311 0.412 0.100 0.017 14 1.5
S_pericallosal 2177 1390 2039 1.677 0.607 0.112 0.020 23 1.7
S_postcentral 3052 1991 3999 2.200 0.403 0.097 0.018 17 2.3
S_precentral-inf-part 1909 1264 2843 2.517 0.433 0.105 0.019 12 1.6
S_precentral-sup-part 1755 1144 2484 2.446 0.443 0.091 0.015 7 1.2
S_suborbital 313 230 498 2.655 0.309 0.140 0.019 3 0.3
S_subparietal 1357 983 2186 2.289 0.521 0.122 0.026 13 1.5
S_temporal_inf 1949 1273 2643 2.389 0.442 0.085 0.014 8 1.2
S_temporal_sup 8443 5594 13465 2.559 0.456 0.096 0.017 49 6.0
S_temporal_transverse 341 234 502 2.368 0.469 0.108 0.017 2 0.3
