StructName NumVert SurfArea GrayVol ThickAvg ThickStd MeanCurv GausCurv FoldInd CurvInd
G_and_S_frontomargin 1041 807 1910 2.217 0.548 0.146 0.032 15 1.5
G_and_S_occipital_inf 1296 931 2722 2.445 0.546 0.130 0.029 15 1.5
G_and_S_paracentral 1884 1050 3068 2.435 0.519 0.091 0.019 13 1.3
G_and_S_subcentral 1924 1301 3828 2.643 0.527 0.108 0.020 16 1.5
G_and_S_transv_frontopol 1323 1026 3147 2.500 0.493 0.155 0.035 27 1.7
G_and_S_cingul-Ant 3582 2621 7184 2.575 0.521 0.118 0.024 40 3.5
G_and_S_cingul-Mid-Ant 1986 1381 3985 2.769 0.409 0.119 0.025 19 2.2
G_and_S_cingul-Mid-Post 1992 1368 3626 2.627 0.438 0.117 0.026 18 2.1
G_cingul-Post-dorsal 714 494 1986 3.015 0.766 0.147 0.039 13 1.0
G_cingul-Post-ventral 523 381 1143 2.477 0.682 0.133 0.035 7 0.7
G_cuneus 2470 1639 3239 1.852 0.548 0.128 0.029 27 3.0
G_front_inf-Opercular 1541 1041 4034 2.856 0.436 0.115 0.022 15 1.4
G_front_inf-Orbital 366 261 1014 2.941 0.382 0.134 0.031 6 0.4
G_front_inf-Triangul 1101 798 3154 2.894 0.522 0.134 0.031 16 1.4
G_front_middle 4635 3360 11223 2.564 0.539 0.139 0.029 74 5.7
G_front_sup 9174 6263 21887 2.824 0.509 0.126 0.027 113 9.6
G_Ins_lg_and_S_cent_ins 802 562 1876 3.085 0.682 0.116 0.032 10 0.8
G_insular_short 988 725 2899 3.098 0.858 0.137 0.041 14 1.6
G_occipital_middle 2672 1971 6070 2.474 0.478 0.141 0.028 45 3.1
G_occipital_sup 1556 1023 2872 2.292 0.530 0.120 0.027 19 1.5
G_oc-temp_lat-fusifor 1482 1097 4201 2.988 0.474 0.131 0.031 21 1.8
G_oc-temp_med-Lingual 3592 2469 5314 1.931 0.768 0.143 0.039 49 5.7
G_oc-temp_med-Parahip 1536 1091 4560 3.092 0.798 0.128 0.034 21 2.0
G_orbital 2744 2148 7435 2.692 0.638 0.147 0.042 61 4.3
G_pariet_inf-Angular 3734 2706 9457 2.631 0.575 0.137 0.030 55 4.5
G_pariet_inf-Supramar 3047 2129 7708 2.907 0.516 0.134 0.026 42 3.4
G_parietal_sup 2348 1590 5028 2.474 0.442 0.128 0.024 30 2.1
G_postcentral 2328 1484 4109 2.218 0.588 0.113 0.023 24 2.2
G_precentral 3504 2090 7784 2.818 0.406 0.104 0.021 31 2.8
G_precuneus 2809 1853 6140 2.559 0.517 0.130 0.027 40 3.1
G_rectus 817 637 2137 2.521 0.502 0.142 0.034 15 1.0
G_subcallosal 649 492 1034 2.332 0.734 0.165 0.067 11 2.4
G_temp_sup-G_T_transv 469 294 960 2.682 0.505 0.101 0.019 4 0.4
G_temp_sup-Lateral 2422 1587 7232 3.233 0.613 0.111 0.022 26 2.1
G_temp_sup-Plan_polar 1155 757 2638 3.139 0.664 0.084 0.017 6 0.8
G_temp_sup-Plan_tempo 955 659 1979 2.698 0.430 0.101 0.019 7 0.6
G_temporal_inf 2303 1740 6614 2.911 0.687 0.130 0.032 40 2.9
G_temporal_middle 3368 2551 10172 3.070 0.577 0.133 0.029 55 3.9
Lat_Fis-ant-Horizont 433 300 756 2.560 0.412 0.084 0.012 1 0.3
Lat_Fis-ant-Vertical 342 229 459 2.356 0.430 0.082 0.017 1 0.2
Lat_Fis-post 1339 895 1855 2.612 0.469 0.115 0.022 9 1.3
Pole_occipital 3515 2323 5526 2.057 0.593 0.137 0.033 45 4.7
Pole_temporal 1830 1434 6804 3.364 0.706 0.137 0.031 27 2.2
S_calcarine 2737 1843 2838 1.789 0.560 0.119 0.028 22 3.2
S_central 3655 2402 4024 1.918 0.575 0.103 0.019 21 2.9
S_cingul-Marginalis 1544 1023 2185 2.293 0.430 0.097 0.015 8 1.1
S_circular_insula_ant 874 581 1261 2.602 0.508 0.096 0.017 4 0.6
S_circular_insula_inf 1278 831 1805 2.646 0.480 0.082 0.013 4 0.8
S_circular_insula_sup 1590 1051 2264 2.706 0.444 0.104 0.020 7 1.4
S_collat_transv_ant 1177 799 1987 2.882 0.538 0.103 0.018 6 0.9
S_collat_transv_post 416 287 596 2.343 0.375 0.123 0.020 3 0.4
S_front_inf 2507 1673 3326 2.222 0.364 0.114 0.019 20 2.0
S_front_middle 2999 2084 4410 2.195 0.437 0.110 0.019 24 2.3
S_front_sup 3379 2292 5207 2.404 0.367 0.099 0.017 22 2.5
S_interm_prim-Jensen 610 406 743 2.357 0.362 0.109 0.016 3 0.5
S_intrapariet_and_P_trans 3679 2437 4670 2.068 0.374 0.103 0.016 26 2.6
S_oc_middle_and_Lunatus 847 578 1024 1.952 0.280 0.103 0.015 5 0.5
S_oc_sup_and_transversal 1868 1250 2348 2.092 0.310 0.103 0.016 13 1.3
S_occipital_ant 867 588 1312 2.455 0.339 0.112 0.019 6 0.6
S_oc-temp_lat 866 601 1327 2.460 0.362 0.097 0.014 5 0.6
S_oc-temp_med_and_Lingual 2322 1581 3816 2.636 0.416 0.110 0.021 16 2.1
S_orbital_lateral 286 223 473 2.439 0.489 0.138 0.023 2 0.3
S_orbital_med-olfact 1007 662 1299 2.205 0.578 0.098 0.017 7 0.6
S_orbital-H_Shaped 1504 1064 2516 2.364 0.504 0.129 0.024 17 1.6
S_parieto_occipital 2280 1518 2925 2.223 0.483 0.103 0.017 15 1.7
S_pericallosal 2011 1288 1731 1.619 0.504 0.111 0.018 23 1.5
S_postcentral 2930 1904 3734 2.230 0.388 0.099 0.016 16 2.1
S_precentral-inf-part 1781 1172 2520 2.498 0.406 0.105 0.017 11 1.3
S_precentral-sup-part 1655 1069 2255 2.462 0.418 0.091 0.013 7 1.0
S_suborbital 208 166 354 2.632 0.454 0.159 0.022 2 0.2
S_subparietal 1467 1034 2275 2.314 0.472 0.124 0.025 14 1.4
S_temporal_inf 1746 1131 2258 2.378 0.405 0.091 0.014 8 1.0
S_temporal_sup 7686 5083 11792 2.531 0.433 0.097 0.015 44 5.1
S_temporal_transverse 319 225 451 2.433 0.440 0.127 0.014 3 0.2
