StructName NumVert SurfArea GrayVol ThickAvg ThickStd MeanCurv GausCurv FoldInd CurvInd
G_and_S_frontomargin 1046 792 1768 1.946 0.634 0.145 0.031 16 1.5
G_and_S_occipital_inf 1404 931 3196 2.761 0.660 0.122 0.027 15 1.5
G_and_S_paracentral 1933 1080 3233 2.486 0.514 0.095 0.018 12 1.5
G_and_S_subcentral 1984 1298 3781 2.664 0.551 0.107 0.018 17 1.5
G_and_S_transv_frontopol 1331 1019 3054 2.329 0.601 0.158 0.037 24 2.0
G_and_S_cingul-Ant 3514 2448 6795 2.530 0.615 0.115 0.024 39 3.1
G_and_S_cingul-Mid-Ant 1767 1223 3340 2.613 0.441 0.114 0.024 17 1.8
G_and_S_cingul-Mid-Post 2032 1373 3715 2.675 0.495 0.116 0.026 20 2.0
G_cingul-Post-dorsal 687 468 1941 3.056 0.773 0.139 0.033 10 0.8
G_cingul-Post-ventral 546 377 1183 2.460 0.825 0.130 0.034 8 0.7
G_cuneus 2550 1701 3625 1.950 0.551 0.129 0.030 27 3.2
G_front_inf-Opercular 1555 1024 4122 2.946 0.446 0.114 0.020 16 1.4
G_front_inf-Orbital 353 247 899 2.870 0.367 0.129 0.028 5 0.3
G_front_inf-Triangul 1282 855 3311 2.858 0.535 0.122 0.030 16 1.4
G_front_middle 4540 3217 11263 2.568 0.646 0.139 0.027 76 5.0
G_front_sup 9294 6288 22795 2.843 0.610 0.124 0.026 117 9.6
G_Ins_lg_and_S_cent_ins 865 596 2040 3.249 0.696 0.117 0.031 11 1.0
G_insular_short 804 541 2700 3.444 0.729 0.117 0.035 12 1.0
G_occipital_middle 2771 1881 6416 2.655 0.566 0.131 0.027 40 3.2
G_occipital_sup 1660 1037 3021 2.355 0.616 0.115 0.026 17 1.6
G_oc-temp_lat-fusifor 1541 1046 4736 3.333 0.563 0.120 0.024 20 1.4
G_oc-temp_med-Lingual 3722 2524 5935 2.052 0.806 0.146 0.038 53 5.8
G_oc-temp_med-Parahip 1595 1092 4969 3.202 0.815 0.129 0.037 24 2.2
G_orbital 2723 2059 7326 2.714 0.720 0.144 0.039 55 4.3
G_pariet_inf-Angular 3783 2522 10014 2.881 0.613 0.129 0.027 53 4.2
G_pariet_inf-Supramar 3145 2092 8042 3.036 0.544 0.130 0.025 41 3.4
G_parietal_sup 2445 1614 5409 2.571 0.505 0.122 0.022 29 2.1
G_postcentral 2401 1471 4411 2.353 0.622 0.109 0.020 24 1.9
G_precentral 3673 2100 8025 2.864 0.465 0.098 0.019 30 2.8
G_precuneus 2872 1905 6489 2.621 0.556 0.130 0.027 39 3.1
G_rectus 869 676 2307 2.541 0.577 0.136 0.030 17 1.3
G_subcallosal 674 516 1250 2.553 0.736 0.170 0.061 12 2.2
G_temp_sup-G_T_transv 489 319 962 2.578 0.551 0.114 0.020 5 0.4
G_temp_sup-Lateral 2486 1574 7485 3.304 0.636 0.107 0.020 25 2.1
G_temp_sup-Plan_polar 1150 743 2702 3.315 0.803 0.074 0.014 4 0.6
G_temp_sup-Plan_tempo 996 671 2013 2.735 0.446 0.098 0.015 7 0.6
G_temporal_inf 2514 1737 7076 3.022 0.624 0.125 0.028 36 3.1
G_temporal_middle 3658 2538 10878 3.168 0.689 0.128 0.028 53 4.4
Lat_Fis-ant-Horizont 501 336 834 2.393 0.491 0.086 0.014 2 0.3
Lat_Fis-ant-Vertical 320 212 423 2.513 0.350 0.082 0.015 1 0.1
Lat_Fis-post 1378 908 1884 2.588 0.439 0.112 0.021 9 1.2
Pole_occipital 3443 2302 5751 2.143 0.662 0.143 0.032 43 4.9
Pole_temporal 1795 1421 6779 3.230 0.883 0.145 0.037 31 2.7
S_calcarine 2663 1776 2845 1.825 0.528 0.115 0.024 22 2.6
S_central 3729 2467 4089 1.914 0.583 0.106 0.020 23 3.1
S_cingul-Marginalis 1488 994 2164 2.360 0.389 0.099 0.014 8 0.9
S_circular_insula_ant 839 545 1165 2.675 0.647 0.089 0.015 3 0.5
S_circular_insula_inf 1240 808 1734 2.722 0.495 0.080 0.012 4 0.6
S_circular_insula_sup 1538 997 2230 2.774 0.515 0.101 0.019 7 1.3
S_collat_transv_ant 1243 823 1992 2.829 0.531 0.097 0.017 6 0.9
S_collat_transv_post 435 299 664 2.504 0.371 0.121 0.017 3 0.4
S_front_inf 2484 1649 3235 2.152 0.419 0.113 0.018 19 1.9
S_front_middle 2949 2023 3905 1.992 0.473 0.109 0.018 25 2.4
S_front_sup 3282 2206 5031 2.428 0.391 0.096 0.016 17 2.3
S_interm_prim-Jensen 671 446 865 2.532 0.348 0.109 0.019 4 0.5
S_intrapariet_and_P_trans 3670 2440 4891 2.181 0.368 0.104 0.015 26 2.4
S_oc_middle_and_Lunatus 933 637 1183 2.071 0.322 0.105 0.016 6 0.6
S_oc_sup_and_transversal 2001 1324 2566 2.156 0.294 0.105 0.016 15 1.4
S_occipital_ant 930 605 1362 2.444 0.364 0.110 0.017 6 0.6
S_oc-temp_lat 915 632 1535 2.626 0.460 0.096 0.014 5 0.5
S_oc-temp_med_and_Lingual 2300 1536 3704 2.681 0.395 0.109 0.021 15 2.0
S_orbital_lateral 361 264 557 2.123 0.582 0.141 0.026 4 0.5
S_orbital_med-olfact 1105 773 1534 2.294 0.794 0.118 0.026 9 1.3
S_orbital-H_Shaped 1520 1065 2553 2.297 0.582 0.125 0.024 17 1.6
S_parieto_occipital 2222 1500 2900 2.264 0.479 0.105 0.017 15 1.7
S_pericallosal 1981 1247 1766 1.677 0.553 0.113 0.017 24 1.4
S_postcentral 2954 1923 3924 2.307 0.373 0.099 0.016 16 2.0
S_precentral-inf-part 1902 1224 2707 2.573 0.424 0.104 0.017 12 1.4
S_precentral-sup-part 1682 1096 2415 2.569 0.427 0.090 0.012 8 0.9
S_suborbital 172 133 292 2.632 0.535 0.184 0.024 3 0.2
S_subparietal 1465 1009 2242 2.349 0.473 0.122 0.023 13 1.4
S_temporal_inf 1703 1093 2247 2.470 0.371 0.090 0.013 7 0.9
S_temporal_sup 7853 5166 12186 2.552 0.461 0.097 0.015 47 5.2
S_temporal_transverse 307 217 409 2.300 0.442 0.131 0.013 3 0.2
