StructName NumVert SurfArea GrayVol ThickAvg ThickStd MeanCurv GausCurv FoldInd CurvInd
G_and_S_frontomargin 1058 803 1836 2.095 0.576 0.146 0.031 16 1.4
G_and_S_occipital_inf 1449 956 3201 2.667 0.671 0.123 0.028 16 1.6
G_and_S_paracentral 1898 1024 3100 2.508 0.525 0.092 0.018 13 1.4
G_and_S_subcentral 1973 1302 3711 2.598 0.541 0.104 0.018 16 1.5
G_and_S_transv_frontopol 1394 1078 3210 2.383 0.585 0.161 0.036 24 2.1
G_and_S_cingul-Ant 3644 2525 6884 2.549 0.554 0.116 0.022 38 3.4
G_and_S_cingul-Mid-Ant 1749 1232 3435 2.694 0.439 0.112 0.022 16 1.6
G_and_S_cingul-Mid-Post 2044 1413 3719 2.670 0.456 0.121 0.027 20 2.2
G_cingul-Post-dorsal 652 453 1800 3.032 0.811 0.147 0.038 10 0.9
G_cingul-Post-ventral 571 399 1260 2.445 0.774 0.137 0.036 10 0.8
G_cuneus 2512 1691 3335 1.823 0.540 0.133 0.031 26 3.3
G_front_inf-Opercular 1532 1019 4077 2.899 0.438 0.114 0.021 15 1.3
G_front_inf-Orbital 377 270 970 2.844 0.446 0.129 0.026 5 0.4
G_front_inf-Triangul 1239 846 3286 2.881 0.496 0.126 0.027 16 1.4
G_front_middle 4540 3235 11253 2.586 0.608 0.136 0.026 70 5.0
G_front_sup 9348 6356 22697 2.857 0.563 0.126 0.028 119 11.0
G_Ins_lg_and_S_cent_ins 781 540 1985 3.328 0.594 0.116 0.030 8 0.8
G_insular_short 893 604 2807 3.311 0.899 0.129 0.038 12 1.5
G_occipital_middle 2821 1929 6485 2.634 0.568 0.133 0.028 40 3.3
G_occipital_sup 1685 1080 3136 2.316 0.598 0.119 0.029 17 1.9
G_oc-temp_lat-fusifor 1559 1120 4786 3.216 0.613 0.132 0.032 23 1.9
G_oc-temp_med-Lingual 3620 2522 5638 1.963 0.840 0.145 0.039 51 5.7
G_oc-temp_med-Parahip 1665 1137 5063 3.112 0.868 0.127 0.036 24 2.4
G_orbital 2795 2033 7107 2.684 0.763 0.136 0.039 49 4.3
G_pariet_inf-Angular 3730 2533 9864 2.852 0.608 0.130 0.027 50 4.2
G_pariet_inf-Supramar 3114 2095 7984 3.001 0.578 0.129 0.024 39 3.2
G_parietal_sup 2415 1585 5377 2.593 0.499 0.124 0.024 29 2.3
G_postcentral 2435 1437 4342 2.363 0.631 0.106 0.020 24 2.0
G_precentral 3680 2075 8001 2.877 0.468 0.099 0.022 32 3.2
G_precuneus 2922 1923 6637 2.659 0.520 0.131 0.027 39 3.2
G_rectus 899 666 2148 2.464 0.644 0.131 0.030 15 1.2
G_subcallosal 644 494 1194 2.569 0.701 0.148 0.049 7 1.7
G_temp_sup-G_T_transv 503 325 950 2.514 0.563 0.109 0.018 5 0.4
G_temp_sup-Lateral 2422 1533 7448 3.354 0.675 0.108 0.021 24 2.0
G_temp_sup-Plan_polar 1169 765 2707 3.214 0.678 0.078 0.015 6 0.7
G_temp_sup-Plan_tempo 978 677 1981 2.697 0.455 0.102 0.017 7 0.7
G_temporal_inf 2707 1817 7143 2.942 0.659 0.122 0.029 39 3.1
G_temporal_middle 3617 2594 10909 3.155 0.686 0.130 0.030 54 4.3
Lat_Fis-ant-Horizont 509 332 813 2.476 0.416 0.088 0.015 2 0.3
Lat_Fis-ant-Vertical 360 239 477 2.491 0.360 0.083 0.015 1 0.2
Lat_Fis-post 1347 898 1827 2.577 0.426 0.116 0.023 9 1.3
Pole_occipital 3612 2382 5789 2.070 0.651 0.139 0.031 43 4.8
Pole_temporal 1789 1423 7143 3.412 0.818 0.145 0.036 33 2.6
S_calcarine 2664 1791 2641 1.711 0.600 0.120 0.025 23 2.8
S_central 3816 2524 4144 1.898 0.602 0.107 0.020 25 3.3
S_cingul-Marginalis 1501 1026 2228 2.386 0.374 0.098 0.015 8 1.0
S_circular_insula_ant 803 528 1145 2.771 0.602 0.093 0.014 3 0.5
S_circular_insula_inf 1235 796 1749 2.772 0.514 0.078 0.011 4 0.6
S_circular_insula_sup 1587 1040 2394 2.827 0.608 0.100 0.019 7 1.2
S_collat_transv_ant 1209 820 1988 2.849 0.417 0.100 0.016 6 0.9
S_collat_transv_post 439 306 650 2.388 0.400 0.128 0.019 4 0.4
S_front_inf 2569 1680 3317 2.196 0.413 0.111 0.018 19 1.9
S_front_middle 3002 2062 4156 2.088 0.476 0.110 0.019 23 2.4
S_front_sup 3357 2264 5234 2.456 0.359 0.098 0.016 19 2.4
S_interm_prim-Jensen 771 506 979 2.492 0.351 0.109 0.019 5 0.6
S_intrapariet_and_P_trans 3645 2418 4900 2.203 0.361 0.102 0.016 25 2.4
S_oc_middle_and_Lunatus 903 606 1082 1.980 0.354 0.107 0.017 6 0.6
S_oc_sup_and_transversal 2043 1368 2572 2.103 0.301 0.108 0.017 15 1.5
S_occipital_ant 903 602 1363 2.439 0.354 0.114 0.016 7 0.6
S_oc-temp_lat 864 605 1415 2.669 0.482 0.094 0.013 4 0.5
S_oc-temp_med_and_Lingual 2292 1553 3722 2.657 0.436 0.111 0.021 17 2.0
S_orbital_lateral 401 291 569 2.089 0.631 0.139 0.022 4 0.5
S_orbital_med-olfact 1134 728 1473 2.285 0.639 0.095 0.015 7 0.7
S_orbital-H_Shaped 1569 1101 2743 2.499 0.608 0.123 0.022 15 1.6
S_parieto_occipital 2227 1513 2836 2.217 0.516 0.108 0.018 15 1.7
S_pericallosal 2041 1305 1823 1.640 0.516 0.113 0.017 24 1.4
S_postcentral 3104 1980 4052 2.292 0.383 0.095 0.015 17 2.1
S_precentral-inf-part 1841 1201 2589 2.497 0.441 0.105 0.018 11 1.4
S_precentral-sup-part 1625 1074 2355 2.557 0.386 0.092 0.013 7 0.9
S_suborbital 212 155 318 2.624 0.499 0.155 0.020 3 0.2
S_subparietal 1502 1047 2257 2.329 0.462 0.123 0.024 13 1.5
S_temporal_inf 1708 1112 2274 2.429 0.407 0.091 0.013 8 1.0
S_temporal_sup 7820 5136 12066 2.559 0.449 0.096 0.014 45 5.1
S_temporal_transverse 325 223 384 2.087 0.501 0.136 0.015 4 0.2
