StructName NumVert SurfArea GrayVol ThickAvg ThickStd MeanCurv GausCurv FoldInd CurvInd
G_and_S_frontomargin 787 607 1656 2.247 0.662 0.156 0.036 10 1.3
G_and_S_occipital_inf 1777 1178 3811 2.664 0.592 0.136 0.026 23 2.0
G_and_S_paracentral 1519 843 2461 2.432 0.681 0.097 0.021 11 1.2
G_and_S_subcentral 1586 1101 3510 2.807 0.525 0.133 0.030 18 2.0
G_and_S_transv_frontopol 967 772 2318 2.393 0.584 0.165 0.036 20 1.2
G_and_S_cingul-Ant 3025 2099 5814 2.631 0.519 0.120 0.024 32 2.9
G_and_S_cingul-Mid-Ant 995 714 1944 2.629 0.570 0.113 0.021 12 0.9
G_and_S_cingul-Mid-Post 1199 801 2145 2.614 0.557 0.112 0.021 10 1.0
G_cingul-Post-dorsal 487 320 1311 2.995 0.511 0.130 0.029 6 0.6
G_cingul-Post-ventral 288 186 720 2.668 0.789 0.095 0.031 3 0.3
G_cuneus 2724 1811 3394 1.726 0.522 0.136 0.031 32 3.6
G_front_inf-Opercular 1360 916 3072 2.662 0.539 0.126 0.026 17 1.5
G_front_inf-Orbital 510 339 1126 2.546 0.528 0.152 0.030 9 0.6
G_front_inf-Triangul 777 601 1993 2.553 0.558 0.150 0.035 15 1.1
G_front_middle 3262 2508 8435 2.579 0.569 0.152 0.038 56 5.0
G_front_sup 5999 4249 14787 2.786 0.589 0.134 0.032 87 7.6
G_Ins_lg_and_S_cent_ins 549 361 1410 3.762 1.001 0.094 0.022 4 0.4
G_insular_short 743 516 2463 3.350 0.805 0.138 0.045 11 1.2
G_occipital_middle 2217 1502 4852 2.574 0.481 0.139 0.028 30 2.6
G_occipital_sup 1653 1073 2215 1.901 0.415 0.131 0.026 19 1.9
G_oc-temp_lat-fusifor 2478 1704 5721 2.620 0.707 0.138 0.040 40 3.7
G_oc-temp_med-Lingual 3410 2347 5079 1.917 0.741 0.153 0.037 49 5.4
G_oc-temp_med-Parahip 1256 777 2624 2.456 0.702 0.116 0.037 14 1.9
G_orbital 2765 1998 6686 2.672 0.626 0.151 0.043 54 4.7
G_pariet_inf-Angular 2546 1874 5751 2.458 0.526 0.143 0.028 41 3.1
G_pariet_inf-Supramar 2724 1857 6670 2.832 0.548 0.127 0.024 34 2.8
G_parietal_sup 2249 1576 4748 2.323 0.538 0.133 0.027 32 2.5
G_postcentral 2153 1334 3518 2.120 0.628 0.109 0.021 21 1.9
G_precentral 2595 1547 5901 2.823 0.556 0.109 0.025 27 2.7
G_precuneus 2292 1570 4646 2.418 0.592 0.116 0.023 27 2.1
G_rectus 794 628 1947 2.378 0.572 0.151 0.043 21 1.5
G_subcallosal 676 469 1257 2.647 0.878 0.168 0.060 15 1.7
G_temp_sup-G_T_transv 477 237 884 2.657 0.368 0.089 0.019 3 0.3
G_temp_sup-Lateral 1735 1109 5120 3.234 0.771 0.118 0.026 21 2.0
G_temp_sup-Plan_polar 796 531 1674 2.977 0.719 0.106 0.031 5 1.1
G_temp_sup-Plan_tempo 918 613 1767 2.722 0.583 0.101 0.020 5 0.8
G_temporal_inf 2819 2045 8252 2.908 0.711 0.144 0.039 50 4.6
G_temporal_middle 3010 2046 8146 2.932 0.652 0.126 0.028 42 3.4
Lat_Fis-ant-Horizont 416 288 527 2.157 0.662 0.126 0.018 3 0.4
Lat_Fis-ant-Vertical 278 206 487 2.573 0.470 0.141 0.025 3 0.3
Lat_Fis-post 1567 1060 2077 2.391 0.463 0.115 0.024 12 1.6
Pole_occipital 4009 2663 5661 1.943 0.592 0.142 0.031 49 5.5
Pole_temporal 1941 1459 7168 3.238 0.771 0.146 0.041 29 3.2
S_calcarine 2946 2003 3137 1.801 0.516 0.127 0.029 27 3.7
S_central 3135 2054 3230 1.777 0.609 0.093 0.017 15 2.3
S_cingul-Marginalis 1176 773 1619 2.278 0.552 0.089 0.013 5 0.7
S_circular_insula_ant 593 409 802 2.422 0.494 0.111 0.023 3 0.6
S_circular_insula_inf 1283 846 1781 2.552 0.956 0.079 0.013 4 0.7
S_circular_insula_sup 1556 1029 2218 2.506 0.623 0.102 0.018 8 1.2
S_collat_transv_ant 840 593 1414 2.402 0.590 0.112 0.021 7 0.7
S_collat_transv_post 680 465 815 2.189 0.462 0.148 0.036 7 1.1
S_front_inf 2188 1460 2889 2.111 0.430 0.104 0.019 14 1.8
S_front_middle 1771 1225 2214 2.098 0.351 0.112 0.016 11 1.4
S_front_sup 2064 1402 3313 2.504 0.499 0.099 0.017 14 1.5
S_interm_prim-Jensen 218 161 341 2.153 0.349 0.093 0.021 1 0.2
S_intrapariet_and_P_trans 3225 2161 4030 1.962 0.414 0.105 0.018 24 2.4
S_oc_middle_and_Lunatus 1138 768 1313 2.055 0.388 0.124 0.025 9 1.2
S_oc_sup_and_transversal 886 586 1289 2.369 0.389 0.117 0.019 7 0.7
S_occipital_ant 804 535 973 2.254 0.442 0.121 0.027 6 0.9
S_oc-temp_lat 1230 843 1888 2.384 0.494 0.108 0.017 9 0.9
S_oc-temp_med_and_Lingual 2285 1523 3031 2.162 0.522 0.103 0.019 13 1.8
S_orbital_lateral 491 347 660 2.063 0.404 0.135 0.032 5 0.5
S_orbital_med-olfact 767 510 979 2.220 0.608 0.101 0.014 5 0.5
S_orbital-H_Shaped 1367 948 2556 2.796 0.633 0.128 0.027 13 1.7
S_parieto_occipital 2591 1708 3083 2.017 0.474 0.110 0.020 18 2.2
S_pericallosal 1145 771 1202 1.918 0.601 0.135 0.028 20 1.2
S_postcentral 2891 1869 3520 2.110 0.502 0.100 0.016 18 2.1
S_precentral-inf-part 2087 1404 3084 2.462 0.474 0.105 0.017 13 1.6
S_precentral-sup-part 849 561 1277 2.672 0.386 0.084 0.011 3 0.4
S_suborbital 361 260 425 1.826 0.585 0.139 0.016 4 0.3
S_subparietal 1026 683 1471 2.408 0.547 0.106 0.018 6 0.7
S_temporal_inf 1468 961 1845 2.348 0.469 0.104 0.020 9 1.1
S_temporal_sup 5821 3941 8469 2.418 0.487 0.112 0.021 44 5.8
S_temporal_transverse 294 219 459 2.617 0.420 0.118 0.016 2 0.2
