StructName NumVert SurfArea GrayVol ThickAvg ThickStd MeanCurv GausCurv FoldInd CurvInd
G_and_S_frontomargin 769 609 1582 2.162 0.750 0.160 0.040 12 1.3
G_and_S_occipital_inf 1598 1108 3794 2.686 0.616 0.133 0.026 21 1.7
G_and_S_paracentral 1690 915 2470 2.281 0.584 0.110 0.042 19 2.4
G_and_S_subcentral 1809 1250 3377 2.327 0.702 0.139 0.039 25 2.7
G_and_S_transv_frontopol 987 788 2387 2.328 0.636 0.161 0.042 23 1.4
G_and_S_cingul-Ant 3192 2323 6093 2.463 0.610 0.127 0.033 38 4.0
G_and_S_cingul-Mid-Ant 1058 754 2032 2.594 0.612 0.116 0.026 10 1.1
G_and_S_cingul-Mid-Post 1325 945 2430 2.448 0.498 0.122 0.031 14 1.5
G_cingul-Post-dorsal 543 380 1412 2.859 0.629 0.136 0.037 8 0.8
G_cingul-Post-ventral 324 217 902 3.009 0.702 0.101 0.030 3 0.2
G_cuneus 2646 1746 3711 1.923 0.524 0.137 0.036 37 3.7
G_front_inf-Opercular 1407 1016 3192 2.568 0.495 0.131 0.037 20 1.8
G_front_inf-Orbital 468 334 1161 2.599 0.475 0.157 0.040 9 0.6
G_front_inf-Triangul 786 640 2193 2.602 0.626 0.158 0.041 25 1.2
G_front_middle 3215 2520 8905 2.619 0.587 0.150 0.043 65 4.8
G_front_sup 6235 4427 14894 2.670 0.629 0.135 0.040 85 8.9
G_Ins_lg_and_S_cent_ins 778 599 2074 3.600 1.035 0.139 0.053 9 1.3
G_insular_short 575 464 2322 3.596 0.786 0.157 0.050 10 1.0
G_occipital_middle 2246 1559 5246 2.627 0.505 0.140 0.031 33 2.6
G_occipital_sup 1685 1095 2514 2.015 0.465 0.130 0.028 21 1.8
G_oc-temp_lat-fusifor 2136 1593 5598 2.756 0.579 0.137 0.040 38 2.9
G_oc-temp_med-Lingual 3342 2378 5662 2.036 0.791 0.153 0.038 53 5.0
G_oc-temp_med-Parahip 1295 843 3209 2.651 0.853 0.117 0.040 20 1.4
G_orbital 3126 2232 6599 2.286 0.765 0.152 0.046 67 5.2
G_pariet_inf-Angular 2329 1727 5581 2.477 0.537 0.143 0.032 43 2.9
G_pariet_inf-Supramar 2806 2002 7537 2.801 0.578 0.130 0.029 39 3.0
G_parietal_sup 2461 1690 4974 2.291 0.473 0.129 0.029 42 2.7
G_postcentral 2299 1416 3931 2.165 0.596 0.116 0.037 34 3.0
G_precentral 2654 1741 6242 2.687 0.544 0.123 0.035 34 3.4
G_precuneus 2331 1614 4906 2.417 0.511 0.121 0.030 32 2.4
G_rectus 1025 721 1984 2.163 0.563 0.135 0.047 19 1.4
G_subcallosal 606 420 1162 2.743 0.953 0.136 0.054 14 1.2
G_temp_sup-G_T_transv 363 211 816 2.711 0.314 0.113 0.029 4 0.4
G_temp_sup-Lateral 2017 1340 5317 2.877 0.847 0.142 0.053 32 4.1
G_temp_sup-Plan_polar 789 519 1653 3.007 0.673 0.105 0.026 4 0.9
G_temp_sup-Plan_tempo 965 653 1864 2.626 0.550 0.097 0.021 5 1.0
G_temporal_inf 2820 2245 9045 2.865 0.786 0.151 0.042 54 4.9
G_temporal_middle 3001 2136 8359 2.844 0.730 0.130 0.032 48 3.4
Lat_Fis-ant-Horizont 380 272 494 1.990 0.444 0.131 0.023 3 0.4
Lat_Fis-ant-Vertical 261 188 436 2.441 0.440 0.122 0.023 2 0.2
Lat_Fis-post 1664 1103 2234 2.372 0.427 0.109 0.025 11 1.8
Pole_occipital 4009 2629 6466 2.173 0.590 0.138 0.034 52 5.5
Pole_temporal 1833 1461 6151 2.982 0.875 0.151 0.048 30 3.6
S_calcarine 2733 1966 3666 2.046 0.485 0.122 0.029 23 3.4
S_central 3222 2134 3641 1.938 0.562 0.099 0.022 16 3.1
S_cingul-Marginalis 1240 844 1736 2.191 0.452 0.092 0.015 6 0.8
S_circular_insula_ant 607 424 857 2.394 0.431 0.117 0.025 3 0.7
S_circular_insula_inf 1294 833 1739 2.492 0.873 0.079 0.015 4 0.9
S_circular_insula_sup 1439 969 2061 2.411 0.627 0.109 0.026 9 1.6
S_collat_transv_ant 825 642 1704 2.302 0.653 0.122 0.029 9 1.0
S_collat_transv_post 527 374 722 2.285 0.393 0.138 0.034 4 0.8
S_front_inf 2105 1445 2999 2.079 0.495 0.104 0.021 14 1.8
S_front_middle 1824 1315 2309 1.827 0.424 0.114 0.021 12 1.7
S_front_sup 2265 1542 3583 2.328 0.477 0.101 0.019 14 1.7
S_interm_prim-Jensen 334 236 510 2.195 0.309 0.094 0.020 1 0.3
S_intrapariet_and_P_trans 3255 2226 4110 1.913 0.398 0.104 0.019 24 2.4
S_oc_middle_and_Lunatus 1121 745 1279 2.026 0.354 0.119 0.025 8 1.2
S_oc_sup_and_transversal 883 587 1205 2.176 0.458 0.115 0.018 6 0.7
S_occipital_ant 854 561 1079 2.218 0.385 0.114 0.023 6 0.8
S_oc-temp_lat 1043 721 1540 2.340 0.466 0.110 0.018 6 0.9
S_oc-temp_med_and_Lingual 2230 1513 3145 2.210 0.510 0.104 0.021 14 2.0
S_orbital_lateral 444 333 616 1.896 0.526 0.134 0.025 3 0.5
S_orbital_med-olfact 1011 666 1202 2.128 0.522 0.099 0.016 6 0.8
S_orbital-H_Shaped 1452 1015 2633 2.444 0.689 0.117 0.025 11 1.8
S_parieto_occipital 2451 1659 3319 2.154 0.423 0.107 0.020 17 2.2
S_pericallosal 1248 803 1231 1.781 0.659 0.130 0.033 20 1.4
S_postcentral 2725 1823 3474 2.086 0.439 0.101 0.020 17 2.3
S_precentral-inf-part 2084 1412 3050 2.344 0.484 0.107 0.021 16 1.8
S_precentral-sup-part 952 639 1381 2.353 0.468 0.093 0.018 4 0.7
S_suborbital 478 335 535 1.806 0.493 0.137 0.022 5 0.4
S_subparietal 1032 704 1445 2.188 0.557 0.107 0.020 6 0.8
S_temporal_inf 1415 952 1833 2.157 0.523 0.106 0.022 8 1.3
S_temporal_sup 5844 3966 8562 2.352 0.485 0.113 0.022 47 5.7
S_temporal_transverse 245 177 351 2.456 0.439 0.122 0.021 1 0.3
