StructName NumVert SurfArea GrayVol ThickAvg ThickStd MeanCurv GausCurv FoldInd CurvInd
G_and_S_frontomargin 792 596 1758 2.558 0.628 0.154 0.042 10 1.4
G_and_S_occipital_inf 1696 1133 3701 2.582 0.667 0.129 0.027 20 1.8
G_and_S_paracentral 1553 849 2452 2.418 0.589 0.097 0.023 11 1.4
G_and_S_subcentral 1654 1146 3568 2.702 0.567 0.133 0.031 19 2.0
G_and_S_transv_frontopol 1043 805 2325 2.367 0.485 0.167 0.040 20 1.6
G_and_S_cingul-Ant 3029 2147 6012 2.670 0.535 0.131 0.029 38 3.8
G_and_S_cingul-Mid-Ant 1021 711 1926 2.614 0.602 0.109 0.020 9 0.8
G_and_S_cingul-Mid-Post 1185 821 2110 2.559 0.523 0.117 0.026 11 1.2
G_cingul-Post-dorsal 542 377 1410 2.867 0.486 0.145 0.033 9 0.8
G_cingul-Post-ventral 324 213 834 2.717 0.771 0.110 0.042 5 0.3
G_cuneus 2835 1837 3424 1.715 0.515 0.137 0.033 33 4.0
G_front_inf-Opercular 1389 941 3171 2.669 0.515 0.129 0.027 18 1.5
G_front_inf-Orbital 520 356 1227 2.669 0.517 0.150 0.032 9 0.5
G_front_inf-Triangul 828 621 2181 2.603 0.568 0.150 0.034 15 1.2
G_front_middle 3334 2428 8314 2.594 0.540 0.150 0.039 55 5.0
G_front_sup 6090 4269 14638 2.768 0.587 0.132 0.032 82 7.7
G_Ins_lg_and_S_cent_ins 807 558 1836 3.272 0.976 0.123 0.036 9 1.1
G_insular_short 658 472 2331 3.413 0.649 0.148 0.044 11 1.2
G_occipital_middle 2361 1566 5002 2.586 0.488 0.139 0.029 31 3.0
G_occipital_sup 1774 1113 2290 1.887 0.455 0.130 0.028 22 2.1
G_oc-temp_lat-fusifor 2232 1553 5310 2.714 0.588 0.132 0.038 31 3.1
G_oc-temp_med-Lingual 3508 2403 5174 1.879 0.695 0.154 0.040 54 5.6
G_oc-temp_med-Parahip 1288 834 2839 2.402 0.772 0.120 0.036 16 2.0
G_orbital 2822 2050 6870 2.614 0.633 0.156 0.049 56 5.2
G_pariet_inf-Angular 2406 1703 5231 2.407 0.513 0.144 0.029 38 3.0
G_pariet_inf-Supramar 2787 1878 6622 2.780 0.535 0.129 0.030 39 3.1
G_parietal_sup 2526 1638 4985 2.373 0.517 0.127 0.028 35 2.8
G_postcentral 2235 1359 3636 2.155 0.650 0.114 0.025 25 2.3
G_precentral 2783 1622 5867 2.736 0.530 0.108 0.030 29 3.3
G_precuneus 2290 1542 4585 2.431 0.504 0.121 0.028 30 2.6
G_rectus 915 649 1942 2.314 0.573 0.138 0.043 20 1.4
G_subcallosal 591 400 1027 2.542 0.858 0.123 0.046 7 1.1
G_temp_sup-G_T_transv 444 208 792 2.627 0.325 0.093 0.021 4 0.3
G_temp_sup-Lateral 1766 1154 5185 3.206 0.714 0.124 0.029 22 2.1
G_temp_sup-Plan_polar 912 620 1917 2.952 0.720 0.109 0.030 6 1.2
G_temp_sup-Plan_tempo 1052 694 1846 2.604 0.545 0.102 0.022 6 1.1
G_temporal_inf 3097 2153 8725 2.925 0.826 0.137 0.043 51 4.9
G_temporal_middle 2986 2057 7992 2.879 0.694 0.129 0.028 42 3.4
Lat_Fis-ant-Horizont 374 255 476 2.249 0.622 0.123 0.021 3 0.4
Lat_Fis-ant-Vertical 275 202 460 2.486 0.490 0.132 0.028 2 0.3
Lat_Fis-post 1546 1037 1984 2.361 0.379 0.116 0.025 10 1.6
Pole_occipital 4276 2793 5814 1.900 0.612 0.143 0.034 52 6.4
Pole_temporal 2027 1514 6643 3.051 0.852 0.147 0.043 30 3.4
S_calcarine 2952 2036 3266 1.844 0.526 0.128 0.030 26 3.8
S_central 3208 2247 3561 1.815 0.613 0.115 0.029 21 4.1
S_cingul-Marginalis 1208 815 1728 2.305 0.541 0.089 0.014 5 0.7
S_circular_insula_ant 593 392 767 2.423 0.452 0.112 0.022 3 0.7
S_circular_insula_inf 1300 846 1759 2.512 0.875 0.074 0.012 3 0.6
S_circular_insula_sup 1420 933 2011 2.510 0.554 0.099 0.019 6 1.2
S_collat_transv_ant 959 685 1797 2.451 0.653 0.110 0.024 9 0.8
S_collat_transv_post 662 462 777 2.086 0.400 0.145 0.038 6 1.0
S_front_inf 2264 1540 3157 2.197 0.404 0.109 0.021 16 1.9
S_front_middle 1996 1379 2616 2.135 0.367 0.116 0.019 15 1.7
S_front_sup 2255 1509 3537 2.467 0.466 0.101 0.019 14 1.7
S_interm_prim-Jensen 293 216 474 2.252 0.326 0.097 0.020 1 0.2
S_intrapariet_and_P_trans 3327 2241 4197 2.001 0.375 0.105 0.018 25 2.5
S_oc_middle_and_Lunatus 1246 837 1488 2.099 0.395 0.124 0.026 10 1.3
S_oc_sup_and_transversal 966 637 1369 2.355 0.381 0.120 0.020 8 0.8
S_occipital_ant 737 498 892 2.265 0.350 0.126 0.029 6 0.8
S_oc-temp_lat 1121 769 1605 2.358 0.432 0.111 0.019 7 0.9
S_oc-temp_med_and_Lingual 2366 1572 3138 2.175 0.499 0.104 0.020 15 1.9
S_orbital_lateral 440 304 558 2.143 0.460 0.128 0.028 4 0.5
S_orbital_med-olfact 822 545 1067 2.296 0.585 0.104 0.017 5 0.5
S_orbital-H_Shaped 1279 921 2468 2.789 0.620 0.133 0.031 12 1.9
S_parieto_occipital 2598 1728 3218 2.080 0.446 0.112 0.023 18 2.6
S_pericallosal 1130 731 1179 1.950 0.605 0.135 0.034 23 1.5
S_postcentral 2892 1891 3584 2.125 0.457 0.101 0.018 17 2.2
S_precentral-inf-part 2167 1439 3171 2.464 0.455 0.105 0.019 14 1.8
S_precentral-sup-part 920 613 1371 2.575 0.399 0.092 0.015 4 0.6
S_suborbital 361 251 405 1.928 0.634 0.143 0.018 4 0.3
S_subparietal 1064 716 1549 2.384 0.486 0.106 0.019 6 0.9
S_temporal_inf 1499 989 1963 2.419 0.547 0.105 0.020 9 1.1
S_temporal_sup 5969 4015 8544 2.404 0.439 0.113 0.021 44 5.5
S_temporal_transverse 279 210 423 2.616 0.384 0.119 0.016 2 0.2
