StructName NumVert SurfArea GrayVol ThickAvg ThickStd MeanCurv GausCurv FoldInd CurvInd
G_and_S_frontomargin 820 620 1710 2.353 0.596 0.156 0.039 11 1.4
G_and_S_occipital_inf 1681 1165 3816 2.689 0.588 0.137 0.027 21 2.0
G_and_S_paracentral 1567 866 2531 2.434 0.625 0.091 0.020 11 1.2
G_and_S_subcentral 1680 1142 3412 2.673 0.554 0.134 0.028 19 2.1
G_and_S_transv_frontopol 994 796 2394 2.422 0.559 0.164 0.039 19 1.4
G_and_S_cingul-Ant 3077 2157 5943 2.630 0.539 0.125 0.024 36 3.0
G_and_S_cingul-Mid-Ant 961 698 1843 2.606 0.551 0.114 0.018 9 0.8
G_and_S_cingul-Mid-Post 1229 833 2183 2.614 0.507 0.117 0.023 11 1.2
G_cingul-Post-dorsal 524 357 1360 2.913 0.537 0.133 0.031 7 0.7
G_cingul-Post-ventral 338 218 832 2.684 0.829 0.089 0.031 3 0.3
G_cuneus 2628 1767 3419 1.758 0.574 0.142 0.033 33 3.7
G_front_inf-Opercular 1376 941 3191 2.673 0.554 0.129 0.027 18 1.5
G_front_inf-Orbital 504 359 1215 2.652 0.423 0.154 0.029 9 0.6
G_front_inf-Triangul 786 643 2041 2.520 0.464 0.163 0.039 16 1.3
G_front_middle 3223 2454 8385 2.622 0.509 0.152 0.036 56 4.7
G_front_sup 6024 4223 14926 2.837 0.581 0.134 0.031 81 7.5
G_Ins_lg_and_S_cent_ins 735 488 1715 3.473 0.970 0.105 0.029 7 0.6
G_insular_short 695 480 2327 3.470 0.752 0.137 0.039 10 1.1
G_occipital_middle 2348 1571 5041 2.570 0.508 0.139 0.029 31 3.0
G_occipital_sup 1608 1050 2238 1.974 0.429 0.133 0.028 19 1.9
G_oc-temp_lat-fusifor 2259 1615 5294 2.603 0.658 0.141 0.043 36 4.0
G_oc-temp_med-Lingual 3316 2291 5179 1.983 0.754 0.156 0.039 52 5.3
G_oc-temp_med-Parahip 1434 869 3235 2.531 0.857 0.117 0.037 18 1.9
G_orbital 2796 2056 6792 2.592 0.618 0.150 0.040 48 4.2
G_pariet_inf-Angular 2587 1842 5609 2.394 0.524 0.143 0.031 40 3.4
G_pariet_inf-Supramar 2703 1846 6506 2.793 0.526 0.126 0.025 34 2.7
G_parietal_sup 2358 1705 4957 2.308 0.521 0.135 0.030 35 2.8
G_postcentral 2183 1321 3641 2.196 0.580 0.106 0.023 22 2.0
G_precentral 2623 1553 5774 2.764 0.600 0.110 0.025 29 2.6
G_precuneus 2245 1584 4723 2.467 0.543 0.125 0.027 31 2.6
G_rectus 860 608 1993 2.432 0.582 0.138 0.045 16 1.7
G_subcallosal 651 447 1095 2.457 0.963 0.121 0.041 6 1.0
G_temp_sup-G_T_transv 440 198 791 2.698 0.294 0.089 0.023 3 0.3
G_temp_sup-Lateral 1623 1055 4909 3.269 0.772 0.118 0.026 20 1.8
G_temp_sup-Plan_polar 770 528 1763 3.111 0.744 0.091 0.019 3 0.6
G_temp_sup-Plan_tempo 1028 677 1910 2.698 0.597 0.098 0.020 6 1.0
G_temporal_inf 2914 2124 8522 2.966 0.720 0.138 0.035 46 4.0
G_temporal_middle 3007 2090 8179 2.914 0.710 0.127 0.028 41 3.4
Lat_Fis-ant-Horizont 396 279 488 2.121 0.562 0.125 0.021 3 0.4
Lat_Fis-ant-Vertical 252 189 457 2.649 0.411 0.141 0.025 3 0.3
Lat_Fis-post 1548 1044 2047 2.403 0.407 0.115 0.024 11 1.6
Pole_occipital 4091 2694 5826 1.971 0.635 0.143 0.031 52 5.5
Pole_temporal 1907 1420 6379 3.166 0.752 0.142 0.042 28 2.9
S_calcarine 2920 2029 3258 1.855 0.514 0.129 0.030 27 3.8
S_central 3162 2083 3358 1.819 0.609 0.097 0.019 17 2.5
S_cingul-Marginalis 1183 790 1624 2.290 0.566 0.090 0.013 5 0.7
S_circular_insula_ant 579 398 778 2.420 0.486 0.114 0.025 3 0.6
S_circular_insula_inf 1237 814 1635 2.483 0.914 0.076 0.012 3 0.7
S_circular_insula_sup 1466 963 2061 2.510 0.601 0.099 0.018 7 1.1
S_collat_transv_ant 972 698 1862 2.495 0.619 0.108 0.021 9 0.7
S_collat_transv_post 674 466 856 2.163 0.384 0.146 0.033 7 1.0
S_front_inf 2206 1489 2975 2.143 0.427 0.105 0.020 14 1.8
S_front_middle 1891 1325 2558 2.163 0.401 0.114 0.018 14 1.5
S_front_sup 2179 1473 3485 2.484 0.504 0.099 0.018 13 1.5
S_interm_prim-Jensen 261 187 422 2.265 0.368 0.085 0.019 1 0.1
S_intrapariet_and_P_trans 3170 2142 4061 2.002 0.406 0.103 0.018 24 2.3
S_oc_middle_and_Lunatus 1167 777 1364 2.077 0.416 0.124 0.027 9 1.3
S_oc_sup_and_transversal 967 628 1374 2.353 0.414 0.115 0.020 8 0.8
S_occipital_ant 798 542 1003 2.317 0.439 0.125 0.030 6 0.9
S_oc-temp_lat 1015 714 1714 2.525 0.507 0.115 0.018 9 0.9
S_oc-temp_med_and_Lingual 2360 1548 3103 2.199 0.502 0.101 0.018 14 1.8
S_orbital_lateral 434 313 583 2.171 0.456 0.143 0.035 4 0.5
S_orbital_med-olfact 986 681 1275 2.306 0.509 0.114 0.025 9 1.0
S_orbital-H_Shaped 1325 952 2389 2.651 0.573 0.136 0.028 14 1.7
S_parieto_occipital 2579 1699 3103 2.043 0.465 0.113 0.022 18 2.4
S_pericallosal 1218 827 1311 1.987 0.655 0.147 0.036 37 2.0
S_postcentral 2914 1891 3636 2.144 0.473 0.101 0.017 18 2.2
S_precentral-inf-part 2044 1378 3053 2.489 0.482 0.104 0.018 14 1.5
S_precentral-sup-part 945 626 1465 2.648 0.361 0.090 0.012 5 0.5
S_suborbital 354 245 406 1.994 0.729 0.132 0.017 4 0.3
S_subparietal 1045 726 1554 2.385 0.507 0.109 0.020 7 0.9
S_temporal_inf 1493 971 1905 2.363 0.482 0.104 0.021 9 1.2
S_temporal_sup 5839 3970 8397 2.374 0.503 0.114 0.022 45 5.7
S_temporal_transverse 305 219 468 2.636 0.424 0.112 0.013 2 0.2
