StructName NumVert SurfArea GrayVol ThickAvg ThickStd MeanCurv GausCurv FoldInd CurvInd
G_and_S_frontomargin 782 608 1712 2.397 0.639 0.160 0.037 11 1.2
G_and_S_occipital_inf 1621 1142 3510 2.551 0.486 0.139 0.026 21 1.9
G_and_S_paracentral 1632 876 2517 2.391 0.621 0.093 0.024 12 1.4
G_and_S_subcentral 1614 1118 3509 2.768 0.495 0.132 0.031 18 2.0
G_and_S_transv_frontopol 939 745 2345 2.527 0.481 0.165 0.039 18 1.3
G_and_S_cingul-Ant 2981 2171 6104 2.699 0.514 0.131 0.029 43 3.6
G_and_S_cingul-Mid-Ant 1005 719 2019 2.701 0.576 0.114 0.024 10 1.0
G_and_S_cingul-Mid-Post 1221 856 2250 2.553 0.528 0.124 0.031 15 1.5
G_cingul-Post-dorsal 496 338 1359 2.946 0.623 0.135 0.038 7 0.8
G_cingul-Post-ventral 353 221 847 2.680 0.849 0.106 0.030 4 0.3
G_cuneus 2648 1783 3664 1.853 0.621 0.143 0.036 35 4.0
G_front_inf-Opercular 1289 942 3192 2.696 0.458 0.136 0.033 19 1.8
G_front_inf-Orbital 445 327 1190 2.815 0.377 0.170 0.036 10 0.6
G_front_inf-Triangul 836 651 2259 2.634 0.494 0.154 0.040 16 1.6
G_front_middle 3313 2479 8607 2.655 0.486 0.152 0.038 60 5.1
G_front_sup 6226 4400 15165 2.788 0.554 0.139 0.036 90 9.0
G_Ins_lg_and_S_cent_ins 586 395 1498 3.537 0.962 0.105 0.029 5 0.6
G_insular_short 601 443 2345 3.568 0.715 0.144 0.047 11 1.0
G_occipital_middle 2158 1512 4788 2.568 0.433 0.146 0.030 31 2.7
G_occipital_sup 1640 1073 2398 2.017 0.439 0.134 0.026 22 1.8
G_oc-temp_lat-fusifor 2310 1617 5572 2.662 0.594 0.138 0.035 36 3.3
G_oc-temp_med-Lingual 3430 2330 5194 1.940 0.721 0.152 0.040 55 5.4
G_oc-temp_med-Parahip 1246 786 3220 2.801 0.860 0.106 0.030 10 1.4
G_orbital 2685 2032 7151 2.766 0.540 0.154 0.042 50 4.5
G_pariet_inf-Angular 2259 1641 5214 2.508 0.452 0.146 0.030 38 2.9
G_pariet_inf-Supramar 2642 1882 6796 2.833 0.476 0.136 0.029 37 3.1
G_parietal_sup 2373 1608 4933 2.370 0.466 0.132 0.029 34 2.8
G_postcentral 2203 1359 3781 2.198 0.583 0.108 0.027 23 2.2
G_precentral 2575 1643 5878 2.729 0.533 0.120 0.031 30 3.2
G_precuneus 2164 1531 4464 2.423 0.510 0.123 0.029 34 2.5
G_rectus 823 652 2124 2.488 0.518 0.156 0.047 15 1.6
G_subcallosal 611 428 1015 2.236 1.003 0.146 0.059 8 1.6
G_temp_sup-G_T_transv 428 228 838 2.605 0.454 0.115 0.039 4 0.6
G_temp_sup-Lateral 1583 1129 4941 3.130 0.657 0.137 0.034 24 2.3
G_temp_sup-Plan_polar 945 693 2081 3.107 0.803 0.124 0.035 7 1.5
G_temp_sup-Plan_tempo 959 643 1829 2.708 0.511 0.110 0.024 6 1.2
G_temporal_inf 2669 2078 8312 2.926 0.682 0.153 0.041 49 4.5
G_temporal_middle 2828 2087 7919 2.875 0.597 0.136 0.030 44 3.4
Lat_Fis-ant-Horizont 385 277 553 2.322 0.485 0.126 0.020 3 0.4
Lat_Fis-ant-Vertical 291 214 513 2.566 0.368 0.134 0.029 3 0.3
Lat_Fis-post 1538 1039 2021 2.362 0.402 0.117 0.027 11 1.7
Pole_occipital 4124 2697 6168 2.033 0.580 0.144 0.034 53 6.3
Pole_temporal 1940 1461 6879 3.334 0.701 0.142 0.034 29 2.6
S_calcarine 2949 2041 3392 1.887 0.507 0.128 0.031 27 4.0
S_central 3090 2082 3410 1.870 0.593 0.104 0.021 16 2.9
S_cingul-Marginalis 1211 826 1806 2.374 0.494 0.094 0.015 6 0.8
S_circular_insula_ant 586 398 811 2.494 0.501 0.115 0.024 3 0.7
S_circular_insula_inf 1297 851 1788 2.535 0.837 0.078 0.014 4 0.8
S_circular_insula_sup 1519 992 2158 2.532 0.584 0.104 0.022 9 1.4
S_collat_transv_ant 836 590 1437 2.368 0.570 0.104 0.017 6 0.7
S_collat_transv_post 675 467 862 2.260 0.497 0.142 0.035 6 1.0
S_front_inf 2172 1473 3110 2.239 0.380 0.106 0.021 15 2.0
S_front_middle 2017 1399 2766 2.240 0.362 0.113 0.021 14 1.9
S_front_sup 2250 1540 3608 2.482 0.415 0.103 0.019 14 1.8
S_interm_prim-Jensen 441 316 781 2.295 0.322 0.110 0.021 3 0.4
S_intrapariet_and_P_trans 3275 2223 4295 2.050 0.356 0.106 0.019 25 2.5
S_oc_middle_and_Lunatus 1158 774 1370 2.140 0.401 0.122 0.025 8 1.2
S_oc_sup_and_transversal 934 619 1354 2.388 0.390 0.123 0.021 9 0.8
S_occipital_ant 744 514 967 2.320 0.388 0.132 0.028 7 0.9
S_oc-temp_lat 1090 767 1578 2.277 0.417 0.110 0.018 7 0.9
S_oc-temp_med_and_Lingual 2187 1471 2949 2.238 0.488 0.108 0.021 14 2.0
S_orbital_lateral 447 304 546 2.179 0.554 0.133 0.026 4 0.5
S_orbital_med-olfact 788 556 1078 2.309 0.584 0.128 0.034 8 1.3
S_orbital-H_Shaped 1226 884 2349 2.828 0.574 0.134 0.029 12 1.6
S_parieto_occipital 2583 1725 3354 2.144 0.477 0.114 0.024 19 2.6
S_pericallosal 1191 810 1224 1.850 0.636 0.151 0.041 27 1.9
S_postcentral 2836 1865 3595 2.160 0.437 0.105 0.018 19 2.4
S_precentral-inf-part 2045 1377 3040 2.466 0.422 0.109 0.020 15 1.8
S_precentral-sup-part 912 610 1384 2.573 0.313 0.087 0.015 4 0.5
S_suborbital 330 252 450 2.048 0.538 0.152 0.022 4 0.3
S_subparietal 1072 736 1685 2.440 0.510 0.116 0.024 8 1.0
S_temporal_inf 1391 935 1850 2.409 0.496 0.106 0.020 9 1.0
S_temporal_sup 5703 3904 8456 2.423 0.467 0.116 0.023 49 5.5
S_temporal_transverse 291 206 435 2.633 0.404 0.113 0.018 2 0.3
