StructName NumVert SurfArea GrayVol ThickAvg ThickStd MeanCurv GausCurv FoldInd CurvInd
G_and_S_frontomargin 846 646 1884 2.358 0.718 0.155 0.036 11 1.3
G_and_S_occipital_inf 1569 1074 3461 2.674 0.531 0.131 0.024 19 1.6
G_and_S_paracentral 1554 889 2757 2.543 0.646 0.099 0.020 13 1.2
G_and_S_subcentral 1482 1043 3341 2.810 0.540 0.135 0.030 17 1.8
G_and_S_transv_frontopol 1031 783 2251 2.312 0.512 0.158 0.036 20 1.4
G_and_S_cingul-Ant 3012 2098 5993 2.683 0.559 0.124 0.025 36 3.1
G_and_S_cingul-Mid-Ant 989 703 1909 2.618 0.591 0.112 0.021 11 0.9
G_and_S_cingul-Mid-Post 1228 843 2217 2.544 0.576 0.120 0.027 13 1.3
G_cingul-Post-dorsal 501 337 1333 2.970 0.493 0.138 0.033 7 0.6
G_cingul-Post-ventral 313 195 767 2.712 0.787 0.098 0.028 3 0.2
G_cuneus 2657 1718 3510 1.862 0.527 0.139 0.034 35 3.8
G_front_inf-Opercular 1380 961 3239 2.695 0.503 0.128 0.026 18 1.7
G_front_inf-Orbital 495 357 1198 2.632 0.549 0.155 0.032 9 0.6
G_front_inf-Triangul 709 542 1917 2.612 0.538 0.146 0.032 14 0.9
G_front_middle 3175 2384 8224 2.609 0.538 0.146 0.035 55 4.5
G_front_sup 6053 4295 15104 2.772 0.585 0.137 0.033 91 8.2
G_Ins_lg_and_S_cent_ins 647 437 1710 3.755 0.959 0.106 0.034 6 0.8
G_insular_short 584 420 2249 3.609 0.707 0.137 0.040 10 0.9
G_occipital_middle 2271 1565 5081 2.644 0.500 0.144 0.029 33 2.7
G_occipital_sup 1637 1079 2461 2.043 0.418 0.129 0.026 19 1.8
G_oc-temp_lat-fusifor 2309 1596 5881 2.811 0.667 0.135 0.037 33 3.5
G_oc-temp_med-Lingual 3279 2198 5189 2.052 0.745 0.149 0.037 51 4.7
G_oc-temp_med-Parahip 1349 825 3133 2.549 0.902 0.118 0.038 19 2.0
G_orbital 2524 1879 6579 2.712 0.621 0.154 0.041 49 4.6
G_pariet_inf-Angular 2235 1643 5258 2.514 0.547 0.146 0.031 40 2.9
G_pariet_inf-Supramar 2771 1910 6846 2.820 0.539 0.130 0.027 38 3.1
G_parietal_sup 2279 1687 5106 2.351 0.508 0.137 0.031 38 2.8
G_postcentral 2129 1338 3670 2.191 0.580 0.110 0.023 23 2.1
G_precentral 2566 1573 5771 2.751 0.524 0.115 0.028 28 2.9
G_precuneus 2211 1576 4761 2.468 0.525 0.121 0.027 29 2.5
G_rectus 789 610 1951 2.432 0.612 0.138 0.035 15 1.2
G_subcallosal 556 377 1158 2.893 1.084 0.137 0.053 9 1.3
G_temp_sup-G_T_transv 434 213 819 2.656 0.352 0.102 0.024 3 0.4
G_temp_sup-Lateral 1646 1090 4969 3.195 0.774 0.130 0.031 26 2.4
G_temp_sup-Plan_polar 808 567 1815 3.001 0.823 0.111 0.029 5 1.1
G_temp_sup-Plan_tempo 920 619 1766 2.726 0.566 0.099 0.023 5 0.9
G_temporal_inf 2783 1969 8033 2.952 0.722 0.143 0.040 53 4.8
G_temporal_middle 2937 1980 7977 2.951 0.684 0.125 0.027 41 3.2
Lat_Fis-ant-Horizont 380 270 523 2.245 0.660 0.127 0.020 3 0.4
Lat_Fis-ant-Vertical 237 171 411 2.647 0.458 0.122 0.023 2 0.2
Lat_Fis-post 1616 1067 2178 2.476 0.479 0.109 0.023 10 1.6
Pole_occipital 4009 2645 6133 2.084 0.564 0.142 0.032 51 5.6
Pole_temporal 1913 1462 6953 3.198 0.847 0.149 0.042 34 3.3
S_calcarine 2901 1979 3346 1.927 0.493 0.125 0.028 26 3.5
S_central 3069 2029 3323 1.858 0.599 0.094 0.018 14 2.3
S_cingul-Marginalis 1175 786 1613 2.245 0.471 0.093 0.013 5 0.7
S_circular_insula_ant 569 385 764 2.493 0.481 0.112 0.023 3 0.6
S_circular_insula_inf 1245 821 1696 2.540 0.925 0.075 0.014 3 0.8
S_circular_insula_sup 1570 1024 2246 2.587 0.656 0.099 0.017 7 1.2
S_collat_transv_ant 905 638 1762 2.573 0.661 0.114 0.022 9 0.9
S_collat_transv_post 670 469 867 2.157 0.480 0.145 0.035 6 1.1
S_front_inf 2261 1510 3101 2.195 0.436 0.103 0.019 15 1.8
S_front_middle 1899 1321 2513 2.130 0.383 0.117 0.020 15 1.8
S_front_sup 2149 1464 3486 2.465 0.491 0.099 0.018 14 1.5
S_interm_prim-Jensen 312 231 520 2.221 0.340 0.095 0.018 1 0.2
S_intrapariet_and_P_trans 3190 2205 4260 2.018 0.385 0.107 0.018 25 2.4
S_oc_middle_and_Lunatus 1086 742 1309 2.119 0.389 0.124 0.026 8 1.2
S_oc_sup_and_transversal 983 639 1378 2.294 0.438 0.118 0.019 8 0.8
S_occipital_ant 825 549 1117 2.453 0.416 0.120 0.025 7 0.8
S_oc-temp_lat 1072 750 1624 2.401 0.432 0.105 0.016 7 0.7
S_oc-temp_med_and_Lingual 2337 1519 3081 2.201 0.489 0.099 0.019 14 1.9
S_orbital_lateral 431 312 614 2.106 0.544 0.135 0.027 4 0.6
S_orbital_med-olfact 761 535 1120 2.354 0.688 0.115 0.019 5 0.7
S_orbital-H_Shaped 1300 900 2499 2.875 0.666 0.127 0.029 12 1.6
S_parieto_occipital 2592 1694 3338 2.140 0.421 0.109 0.021 18 2.4
S_pericallosal 1117 768 1227 1.884 0.577 0.144 0.035 23 1.6
S_postcentral 2728 1804 3500 2.156 0.456 0.102 0.017 18 2.0
S_precentral-inf-part 2006 1354 3009 2.481 0.455 0.106 0.018 14 1.5
S_precentral-sup-part 909 599 1369 2.601 0.371 0.086 0.012 4 0.5
S_suborbital 305 223 391 1.934 0.655 0.145 0.018 4 0.3
S_subparietal 1019 694 1468 2.383 0.526 0.109 0.018 6 0.8
S_temporal_inf 1441 955 1871 2.366 0.490 0.103 0.020 9 1.1
S_temporal_sup 5758 3851 8412 2.424 0.479 0.109 0.020 41 5.0
S_temporal_transverse 278 207 423 2.590 0.369 0.122 0.015 2 0.2
