StructName NumVert SurfArea GrayVol ThickAvg ThickStd MeanCurv GausCurv FoldInd CurvInd
G_and_S_frontomargin 790 599 1589 2.282 0.610 0.153 0.034 10 1.2
G_and_S_occipital_inf 1522 1078 3312 2.558 0.471 0.138 0.025 22 1.6
G_and_S_paracentral 1578 862 2509 2.410 0.607 0.087 0.018 11 1.1
G_and_S_subcentral 1532 1069 3357 2.782 0.516 0.137 0.029 19 1.9
G_and_S_transv_frontopol 879 721 2182 2.420 0.538 0.166 0.037 21 1.1
G_and_S_cingul-Ant 2881 2034 5950 2.754 0.547 0.126 0.025 35 3.1
G_and_S_cingul-Mid-Ant 1001 709 1933 2.574 0.606 0.109 0.017 9 0.8
G_and_S_cingul-Mid-Post 1200 827 2150 2.505 0.535 0.118 0.022 12 1.0
G_cingul-Post-dorsal 483 325 1270 2.959 0.593 0.135 0.028 7 0.6
G_cingul-Post-ventral 328 209 802 2.713 0.771 0.102 0.031 3 0.3
G_cuneus 2625 1725 3421 1.815 0.611 0.140 0.034 34 4.0
G_front_inf-Opercular 1300 945 3115 2.665 0.458 0.132 0.024 19 1.4
G_front_inf-Orbital 459 328 1186 2.748 0.537 0.160 0.035 10 0.6
G_front_inf-Triangul 767 587 1970 2.610 0.441 0.150 0.034 16 1.1
G_front_middle 3241 2461 8138 2.546 0.467 0.150 0.036 59 4.6
G_front_sup 6160 4216 14496 2.790 0.572 0.132 0.028 90 7.3
G_Ins_lg_and_S_cent_ins 543 363 1429 3.622 1.023 0.094 0.025 5 0.4
G_insular_short 670 491 2408 3.480 0.756 0.146 0.041 13 1.2
G_occipital_middle 2227 1569 4892 2.543 0.410 0.151 0.033 36 3.0
G_occipital_sup 1679 1098 2421 1.990 0.410 0.131 0.025 21 1.8
G_oc-temp_lat-fusifor 2197 1527 5405 2.737 0.621 0.135 0.034 34 3.1
G_oc-temp_med-Lingual 3304 2276 5075 1.953 0.726 0.154 0.038 52 5.2
G_oc-temp_med-Parahip 1264 789 3408 2.815 0.931 0.107 0.033 29 1.6
G_orbital 2551 1918 6486 2.684 0.556 0.152 0.039 51 3.8
G_pariet_inf-Angular 2252 1727 5087 2.375 0.438 0.155 0.035 46 3.6
G_pariet_inf-Supramar 2646 1897 6577 2.720 0.461 0.134 0.028 42 2.9
G_parietal_sup 2280 1592 4641 2.270 0.476 0.133 0.027 34 2.5
G_postcentral 2066 1298 3624 2.192 0.556 0.111 0.024 22 2.0
G_precentral 2470 1570 5487 2.674 0.503 0.122 0.027 32 2.6
G_precuneus 2209 1488 4434 2.440 0.534 0.119 0.024 29 2.2
G_rectus 888 656 2021 2.393 0.496 0.145 0.042 16 1.7
G_subcallosal 599 385 975 2.429 0.922 0.105 0.031 5 0.8
G_temp_sup-G_T_transv 415 212 859 2.757 0.413 0.106 0.033 4 0.5
G_temp_sup-Lateral 1612 1134 5106 3.186 0.613 0.131 0.030 25 2.4
G_temp_sup-Plan_polar 747 504 1670 3.242 0.820 0.096 0.021 4 0.7
G_temp_sup-Plan_tempo 898 618 1748 2.724 0.555 0.101 0.019 5 0.8
G_temporal_inf 2751 2053 8046 2.930 0.749 0.139 0.034 47 3.9
G_temporal_middle 2717 1997 7835 2.925 0.646 0.139 0.032 48 3.6
Lat_Fis-ant-Horizont 384 276 532 2.187 0.523 0.124 0.020 3 0.3
Lat_Fis-ant-Vertical 260 192 471 2.618 0.372 0.131 0.025 3 0.3
Lat_Fis-post 1554 1039 2119 2.430 0.436 0.111 0.024 11 1.5
Pole_occipital 4217 2700 5896 1.998 0.561 0.143 0.035 55 6.7
Pole_temporal 1868 1425 6930 3.420 0.759 0.142 0.032 28 2.4
S_calcarine 2853 1968 3361 1.931 0.493 0.124 0.029 26 3.4
S_central 2957 1985 3219 1.832 0.585 0.097 0.020 17 2.5
S_cingul-Marginalis 1149 787 1661 2.266 0.518 0.091 0.013 5 0.6
S_circular_insula_ant 604 415 881 2.565 0.493 0.111 0.022 3 0.7
S_circular_insula_inf 1271 844 1768 2.540 0.835 0.076 0.011 3 0.6
S_circular_insula_sup 1569 1035 2214 2.557 0.572 0.102 0.019 9 1.2
S_collat_transv_ant 835 607 1533 2.465 0.472 0.112 0.017 8 0.6
S_collat_transv_post 603 420 767 2.235 0.403 0.140 0.035 5 0.8
S_front_inf 2205 1498 3184 2.224 0.428 0.103 0.019 16 1.9
S_front_middle 1898 1340 2618 2.162 0.395 0.115 0.019 16 1.6
S_front_sup 2177 1476 3259 2.332 0.487 0.098 0.017 13 1.5
S_interm_prim-Jensen 331 244 529 2.132 0.318 0.086 0.016 1 0.2
S_intrapariet_and_P_trans 3161 2168 4167 2.020 0.353 0.105 0.018 25 2.4
S_oc_middle_and_Lunatus 1153 778 1427 2.143 0.400 0.123 0.027 10 1.2
S_oc_sup_and_transversal 961 658 1309 2.161 0.424 0.121 0.018 8 0.7
S_occipital_ant 719 495 946 2.373 0.381 0.123 0.028 6 0.8
S_oc-temp_lat 1021 724 1634 2.499 0.425 0.111 0.017 7 0.8
S_oc-temp_med_and_Lingual 2306 1550 3285 2.294 0.505 0.106 0.018 16 1.8
S_orbital_lateral 483 335 616 2.031 0.503 0.134 0.024 4 0.6
S_orbital_med-olfact 844 561 1117 2.296 0.536 0.105 0.016 7 0.6
S_orbital-H_Shaped 1335 933 2549 2.865 0.684 0.122 0.024 12 1.4
S_parieto_occipital 2505 1698 3278 2.129 0.480 0.115 0.022 19 2.4
S_pericallosal 1115 745 1156 1.908 0.622 0.129 0.029 22 1.3
S_postcentral 2624 1732 3235 2.092 0.441 0.102 0.017 18 2.0
S_precentral-inf-part 1918 1310 2950 2.490 0.493 0.106 0.018 14 1.4
S_precentral-sup-part 949 622 1373 2.485 0.416 0.084 0.013 4 0.5
S_suborbital 365 270 523 2.249 0.805 0.139 0.018 4 0.3
S_subparietal 1067 736 1678 2.591 0.558 0.107 0.019 7 0.8
S_temporal_inf 1299 863 1729 2.395 0.477 0.102 0.018 7 0.9
S_temporal_sup 5542 3815 8473 2.455 0.480 0.111 0.020 46 5.0
S_temporal_transverse 255 189 385 2.656 0.351 0.127 0.016 2 0.2
