StructName NumVert SurfArea GrayVol ThickAvg ThickStd MeanCurv GausCurv FoldInd CurvInd
G_and_S_frontomargin 767 569 1572 2.298 0.675 0.151 0.036 9 1.2
G_and_S_occipital_inf 1590 1069 3536 2.666 0.601 0.130 0.024 19 1.7
G_and_S_paracentral 1577 859 2545 2.431 0.643 0.089 0.019 11 1.2
G_and_S_subcentral 1575 1070 3358 2.725 0.504 0.131 0.029 18 1.8
G_and_S_transv_frontopol 945 721 2240 2.412 0.609 0.159 0.035 19 1.2
G_and_S_cingul-Ant 3012 2124 5869 2.667 0.562 0.125 0.024 34 3.1
G_and_S_cingul-Mid-Ant 1043 726 1973 2.556 0.625 0.106 0.017 10 0.7
G_and_S_cingul-Mid-Post 1183 800 2081 2.570 0.543 0.113 0.023 12 1.0
G_cingul-Post-dorsal 505 337 1378 2.988 0.500 0.130 0.033 7 0.6
G_cingul-Post-ventral 335 215 772 2.570 0.716 0.097 0.031 3 0.3
G_cuneus 2705 1782 3458 1.761 0.531 0.139 0.032 34 3.8
G_front_inf-Opercular 1361 927 3168 2.703 0.526 0.125 0.025 18 1.4
G_front_inf-Orbital 559 378 1221 2.555 0.465 0.153 0.026 10 0.6
G_front_inf-Triangul 810 593 1972 2.610 0.550 0.146 0.030 15 0.8
G_front_middle 3176 2391 8134 2.600 0.533 0.146 0.034 53 4.0
G_front_sup 6043 4223 14785 2.763 0.597 0.134 0.031 87 7.6
G_Ins_lg_and_S_cent_ins 600 389 1513 3.710 0.854 0.094 0.021 5 0.4
G_insular_short 744 505 2414 3.367 0.801 0.141 0.040 13 1.2
G_occipital_middle 2303 1570 5064 2.626 0.481 0.139 0.030 31 2.8
G_occipital_sup 1508 968 2124 1.990 0.450 0.129 0.027 19 1.7
G_oc-temp_lat-fusifor 2324 1626 5622 2.708 0.649 0.134 0.038 34 3.3
G_oc-temp_med-Lingual 3366 2299 5025 1.919 0.716 0.153 0.037 50 5.2
G_oc-temp_med-Parahip 1316 808 3160 2.586 0.856 0.112 0.038 16 1.7
G_orbital 2736 1995 6911 2.714 0.584 0.149 0.041 52 4.5
G_pariet_inf-Angular 2311 1669 5108 2.433 0.523 0.142 0.030 35 2.8
G_pariet_inf-Supramar 2774 1893 6653 2.745 0.506 0.128 0.025 36 2.9
G_parietal_sup 2494 1664 4782 2.248 0.508 0.129 0.028 33 2.8
G_postcentral 2248 1350 3545 2.107 0.532 0.107 0.021 22 2.0
G_precentral 2587 1579 5766 2.742 0.554 0.115 0.026 31 2.8
G_precuneus 2124 1467 4086 2.317 0.519 0.120 0.025 25 2.1
G_rectus 845 612 1978 2.434 0.653 0.130 0.042 17 1.3
G_subcallosal 621 473 1236 2.683 0.895 0.174 0.061 9 1.8
G_temp_sup-G_T_transv 429 196 747 2.639 0.318 0.096 0.028 3 0.4
G_temp_sup-Lateral 1664 1100 4995 3.207 0.688 0.123 0.029 24 1.9
G_temp_sup-Plan_polar 884 658 1980 3.096 0.889 0.113 0.029 6 1.0
G_temp_sup-Plan_tempo 916 615 1777 2.698 0.644 0.098 0.020 5 0.9
G_temporal_inf 2852 2071 8349 2.916 0.726 0.139 0.036 45 4.0
G_temporal_middle 2929 2016 7919 2.928 0.640 0.126 0.028 41 3.3
Lat_Fis-ant-Horizont 308 217 414 2.281 0.573 0.125 0.019 2 0.3
Lat_Fis-ant-Vertical 182 142 336 2.720 0.561 0.133 0.022 1 0.2
Lat_Fis-post 1625 1062 2119 2.400 0.448 0.109 0.024 11 1.6
Pole_occipital 4182 2701 5908 1.994 0.572 0.143 0.033 54 6.0
Pole_temporal 1866 1426 6962 3.351 0.781 0.153 0.040 31 3.2
S_calcarine 2858 1952 3139 1.830 0.531 0.126 0.029 26 3.5
S_central 3103 2035 3226 1.800 0.583 0.094 0.019 15 2.4
S_cingul-Marginalis 1185 794 1642 2.224 0.560 0.091 0.015 5 0.7
S_circular_insula_ant 555 384 735 2.432 0.526 0.117 0.025 3 0.6
S_circular_insula_inf 1258 842 1747 2.522 0.882 0.076 0.011 3 0.6
S_circular_insula_sup 1575 1042 2203 2.531 0.627 0.103 0.017 8 1.2
S_collat_transv_ant 771 558 1319 2.360 0.592 0.111 0.022 6 0.6
S_collat_transv_post 689 483 871 2.149 0.446 0.147 0.037 7 1.1
S_front_inf 2181 1465 2979 2.143 0.437 0.102 0.019 14 1.8
S_front_middle 1918 1349 2549 2.074 0.394 0.115 0.018 13 1.6
S_front_sup 2245 1521 3427 2.400 0.492 0.099 0.019 13 1.7
S_interm_prim-Jensen 321 237 521 2.167 0.390 0.102 0.019 2 0.3
S_intrapariet_and_P_trans 3216 2178 4119 2.004 0.391 0.105 0.019 24 2.3
S_oc_middle_and_Lunatus 1178 788 1409 2.078 0.406 0.124 0.026 9 1.3
S_oc_sup_and_transversal 963 631 1383 2.325 0.431 0.119 0.019 8 0.7
S_occipital_ant 819 554 996 2.219 0.434 0.127 0.030 6 1.0
S_oc-temp_lat 1005 703 1648 2.446 0.508 0.116 0.019 10 0.9
S_oc-temp_med_and_Lingual 2301 1514 2986 2.124 0.490 0.104 0.021 14 2.1
S_orbital_lateral 513 385 756 2.047 0.491 0.150 0.031 7 0.7
S_orbital_med-olfact 759 529 1054 2.256 0.596 0.119 0.021 6 0.8
S_orbital-H_Shaped 1274 897 2283 2.663 0.620 0.130 0.027 11 1.6
S_parieto_occipital 2529 1671 2954 1.987 0.461 0.110 0.021 17 2.3
S_pericallosal 1204 807 1294 1.955 0.622 0.138 0.030 25 1.4
S_postcentral 2884 1880 3584 2.109 0.497 0.101 0.016 19 2.2
S_precentral-inf-part 2006 1362 2984 2.447 0.462 0.106 0.018 14 1.5
S_precentral-sup-part 885 584 1330 2.606 0.348 0.083 0.012 4 0.4
S_suborbital 367 257 427 1.964 0.670 0.139 0.019 4 0.3
S_subparietal 1126 756 1663 2.413 0.563 0.114 0.022 9 1.0
S_temporal_inf 1463 981 1958 2.393 0.518 0.106 0.020 9 1.1
S_temporal_sup 5790 3928 8296 2.364 0.450 0.113 0.021 44 5.1
S_temporal_transverse 299 217 448 2.517 0.421 0.114 0.013 2 0.2
