StructName NumVert SurfArea GrayVol ThickAvg ThickStd MeanCurv GausCurv FoldInd CurvInd
G_and_S_frontomargin 832 617 1793 2.404 0.693 0.149 0.035 10 1.2
G_and_S_occipital_inf 1711 1158 4027 2.728 0.597 0.131 0.024 21 1.7
G_and_S_paracentral 1537 843 2491 2.450 0.610 0.089 0.017 11 1.0
G_and_S_subcentral 1629 1119 3574 2.831 0.542 0.134 0.030 20 1.9
G_and_S_transv_frontopol 932 735 2220 2.372 0.537 0.164 0.037 19 1.2
G_and_S_cingul-Ant 3071 2122 5990 2.719 0.518 0.123 0.026 34 3.2
G_and_S_cingul-Mid-Ant 996 714 1917 2.614 0.597 0.115 0.019 11 0.8
G_and_S_cingul-Mid-Post 1190 825 2194 2.628 0.523 0.118 0.025 11 1.2
G_cingul-Post-dorsal 497 355 1323 2.901 0.559 0.140 0.029 7 0.6
G_cingul-Post-ventral 316 220 811 2.672 0.843 0.109 0.034 5 0.3
G_cuneus 2769 1815 3680 1.816 0.584 0.138 0.032 34 3.8
G_front_inf-Opercular 1374 965 3186 2.658 0.511 0.125 0.027 18 1.5
G_front_inf-Orbital 540 368 1259 2.683 0.492 0.156 0.030 10 0.6
G_front_inf-Triangul 804 612 2156 2.627 0.494 0.150 0.034 15 1.1
G_front_middle 3202 2377 8101 2.612 0.479 0.147 0.035 56 4.4
G_front_sup 6197 4293 15225 2.821 0.601 0.131 0.028 86 7.1
G_Ins_lg_and_S_cent_ins 593 396 1521 3.612 0.834 0.096 0.025 5 0.5
G_insular_short 707 489 2331 3.352 0.780 0.142 0.042 11 1.2
G_occipital_middle 2452 1633 5301 2.616 0.484 0.138 0.029 32 3.1
G_occipital_sup 1639 1062 2211 1.893 0.431 0.130 0.026 19 1.9
G_oc-temp_lat-fusifor 2339 1634 5808 2.756 0.665 0.134 0.038 36 3.4
G_oc-temp_med-Lingual 3437 2382 5157 1.898 0.693 0.157 0.040 54 5.8
G_oc-temp_med-Parahip 1442 877 3289 2.628 0.892 0.115 0.038 69 2.1
G_orbital 2715 1975 6866 2.664 0.597 0.152 0.040 53 4.4
G_pariet_inf-Angular 2348 1684 5279 2.460 0.537 0.143 0.031 36 2.9
G_pariet_inf-Supramar 2836 1895 6997 2.869 0.544 0.126 0.025 38 2.9
G_parietal_sup 2350 1653 4875 2.321 0.499 0.130 0.027 32 2.6
G_postcentral 2195 1354 3513 2.119 0.588 0.109 0.023 20 2.1
G_precentral 2629 1547 5748 2.770 0.540 0.110 0.025 27 2.8
G_precuneus 2258 1609 4653 2.407 0.559 0.125 0.027 32 2.4
G_rectus 766 625 2027 2.475 0.543 0.153 0.047 19 1.3
G_subcallosal 555 376 1134 2.687 0.887 0.121 0.039 8 0.9
G_temp_sup-G_T_transv 454 206 788 2.633 0.359 0.090 0.025 4 0.4
G_temp_sup-Lateral 1715 1096 5050 3.225 0.726 0.117 0.025 19 1.8
G_temp_sup-Plan_polar 887 628 1935 3.108 0.913 0.111 0.030 6 1.1
G_temp_sup-Plan_tempo 956 629 1783 2.633 0.540 0.098 0.020 6 0.9
G_temporal_inf 2802 1975 8305 3.021 0.735 0.140 0.039 45 4.7
G_temporal_middle 3100 2073 8118 2.894 0.667 0.123 0.027 41 3.3
Lat_Fis-ant-Horizont 388 277 531 2.247 0.568 0.125 0.019 3 0.4
Lat_Fis-ant-Vertical 299 214 503 2.592 0.474 0.137 0.023 3 0.3
Lat_Fis-post 1578 1040 1989 2.298 0.428 0.113 0.024 11 1.6
Pole_occipital 4054 2654 5833 1.987 0.613 0.142 0.031 50 5.5
Pole_temporal 1922 1403 6950 3.416 0.761 0.136 0.031 27 2.5
S_calcarine 2995 2054 3295 1.839 0.545 0.129 0.029 27 3.9
S_central 3131 2076 3363 1.855 0.629 0.093 0.018 15 2.3
S_cingul-Marginalis 1173 776 1613 2.282 0.543 0.087 0.012 5 0.6
S_circular_insula_ant 599 404 811 2.485 0.453 0.113 0.023 3 0.6
S_circular_insula_inf 1303 857 1767 2.508 0.885 0.074 0.010 3 0.6
S_circular_insula_sup 1497 970 2045 2.512 0.583 0.100 0.017 7 1.2
S_collat_transv_ant 879 631 1610 2.454 0.607 0.109 0.019 7 0.6
S_collat_transv_post 729 493 918 2.237 0.418 0.142 0.037 7 1.1
S_front_inf 2220 1478 3043 2.198 0.415 0.104 0.019 15 1.7
S_front_middle 1926 1338 2625 2.218 0.356 0.111 0.018 13 1.5
S_front_sup 2214 1483 3538 2.552 0.440 0.099 0.018 14 1.6
S_interm_prim-Jensen 327 243 537 2.310 0.363 0.098 0.019 1 0.3
S_intrapariet_and_P_trans 3331 2255 4385 2.047 0.379 0.106 0.019 26 2.6
S_oc_middle_and_Lunatus 1047 699 1219 2.138 0.382 0.123 0.025 8 1.1
S_oc_sup_and_transversal 910 605 1280 2.322 0.367 0.118 0.019 7 0.7
S_occipital_ant 759 511 990 2.395 0.393 0.125 0.027 6 0.8
S_oc-temp_lat 1158 807 1827 2.470 0.498 0.114 0.020 8 1.1
S_oc-temp_med_and_Lingual 2296 1527 3099 2.243 0.484 0.101 0.020 13 1.9
S_orbital_lateral 449 306 552 2.121 0.484 0.134 0.026 4 0.6
S_orbital_med-olfact 811 614 1287 2.414 0.634 0.143 0.034 8 1.4
S_orbital-H_Shaped 1334 920 2406 2.762 0.644 0.126 0.025 13 1.5
S_parieto_occipital 2665 1733 3217 2.073 0.439 0.109 0.022 18 2.5
S_pericallosal 1138 768 1281 1.959 0.631 0.145 0.034 24 1.5
S_postcentral 2821 1874 3604 2.176 0.456 0.103 0.017 18 2.1
S_precentral-inf-part 2084 1394 3120 2.527 0.411 0.104 0.017 14 1.5
S_precentral-sup-part 872 587 1341 2.621 0.328 0.087 0.012 4 0.4
S_suborbital 383 272 489 1.940 0.585 0.141 0.019 4 0.3
S_subparietal 1061 719 1580 2.419 0.507 0.105 0.019 7 0.8
S_temporal_inf 1438 943 1861 2.418 0.510 0.100 0.018 8 1.0
S_temporal_sup 6028 4048 8671 2.418 0.456 0.112 0.022 45 5.6
S_temporal_transverse 288 219 455 2.549 0.352 0.116 0.015 2 0.2
