StructName NumVert SurfArea GrayVol ThickAvg ThickStd MeanCurv GausCurv FoldInd CurvInd
G_and_S_frontomargin 808 604 1757 2.358 0.705 0.155 0.038 11 1.3
G_and_S_occipital_inf 1691 1133 3662 2.619 0.633 0.130 0.024 20 1.8
G_and_S_paracentral 1608 876 2485 2.375 0.587 0.087 0.018 10 1.1
G_and_S_subcentral 1599 1102 3337 2.682 0.519 0.134 0.029 18 1.9
G_and_S_transv_frontopol 958 765 2214 2.303 0.524 0.165 0.036 18 1.3
G_and_S_cingul-Ant 2885 2017 5526 2.637 0.532 0.122 0.022 29 2.7
G_and_S_cingul-Mid-Ant 1028 744 1982 2.566 0.581 0.114 0.022 11 0.9
G_and_S_cingul-Mid-Post 1185 826 2135 2.540 0.520 0.118 0.025 11 1.2
G_cingul-Post-dorsal 538 370 1390 2.814 0.517 0.135 0.032 7 0.7
G_cingul-Post-ventral 334 220 802 2.636 0.861 0.114 0.043 10 0.5
G_cuneus 2716 1785 3379 1.735 0.546 0.140 0.033 34 4.0
G_front_inf-Opercular 1370 929 2991 2.579 0.522 0.125 0.024 17 1.4
G_front_inf-Orbital 554 375 1216 2.605 0.503 0.151 0.029 9 0.6
G_front_inf-Triangul 816 640 2009 2.461 0.479 0.162 0.036 17 1.3
G_front_middle 3213 2377 8083 2.569 0.543 0.145 0.034 51 4.2
G_front_sup 6380 4356 14967 2.756 0.575 0.133 0.031 89 7.8
G_Ins_lg_and_S_cent_ins 533 352 1352 3.593 0.892 0.096 0.022 4 0.4
G_insular_short 789 554 2568 3.425 0.754 0.143 0.042 11 1.3
G_occipital_middle 2348 1576 4956 2.569 0.465 0.138 0.029 30 2.9
G_occipital_sup 1656 1087 2217 1.881 0.388 0.133 0.028 19 2.0
G_oc-temp_lat-fusifor 2344 1609 5487 2.684 0.675 0.134 0.040 32 3.7
G_oc-temp_med-Lingual 3325 2219 5004 1.977 0.820 0.150 0.037 51 5.2
G_oc-temp_med-Parahip 1393 868 3040 2.451 0.818 0.119 0.037 18 1.8
G_orbital 2679 1967 6660 2.645 0.593 0.154 0.045 50 4.9
G_pariet_inf-Angular 2343 1685 5292 2.491 0.506 0.144 0.030 37 3.0
G_pariet_inf-Supramar 2923 1913 6807 2.817 0.504 0.121 0.026 36 3.1
G_parietal_sup 2426 1648 4825 2.304 0.506 0.128 0.028 33 2.8
G_postcentral 2307 1381 3602 2.099 0.628 0.106 0.022 21 2.1
G_precentral 2563 1506 5473 2.710 0.575 0.105 0.023 26 2.3
G_precuneus 2233 1572 4562 2.396 0.522 0.124 0.028 29 2.5
G_rectus 787 666 2084 2.505 0.677 0.158 0.040 16 1.6
G_subcallosal 518 369 1031 2.680 0.921 0.155 0.060 8 1.2
G_temp_sup-G_T_transv 445 203 753 2.616 0.350 0.094 0.025 4 0.4
G_temp_sup-Lateral 1686 1074 4908 3.222 0.709 0.112 0.025 19 1.7
G_temp_sup-Plan_polar 804 551 1702 3.014 0.888 0.105 0.026 5 0.9
G_temp_sup-Plan_tempo 961 631 1776 2.731 0.606 0.099 0.020 5 0.9
G_temporal_inf 3178 2145 8913 2.959 0.745 0.135 0.039 52 4.5
G_temporal_middle 3024 2085 7952 2.864 0.643 0.129 0.028 43 3.3
Lat_Fis-ant-Horizont 340 246 470 2.274 0.611 0.129 0.018 3 0.3
Lat_Fis-ant-Vertical 282 201 446 2.458 0.529 0.130 0.024 2 0.3
Lat_Fis-post 1664 1090 2096 2.301 0.418 0.113 0.022 12 1.6
Pole_occipital 4244 2744 5754 1.927 0.608 0.140 0.032 52 5.9
Pole_temporal 2013 1436 5914 3.058 0.800 0.139 0.041 30 3.2
S_calcarine 2947 2027 3253 1.808 0.549 0.129 0.031 28 3.9
S_central 3142 2072 3242 1.764 0.604 0.097 0.019 17 2.5
S_cingul-Marginalis 1133 764 1566 2.223 0.561 0.089 0.014 5 0.7
S_circular_insula_ant 572 394 772 2.484 0.478 0.114 0.025 3 0.7
S_circular_insula_inf 1297 856 1717 2.390 0.869 0.076 0.011 4 0.6
S_circular_insula_sup 1470 975 2029 2.415 0.636 0.098 0.018 7 1.1
S_collat_transv_ant 977 678 1914 2.543 0.628 0.108 0.020 8 0.9
S_collat_transv_post 699 493 861 2.119 0.510 0.151 0.034 7 1.1
S_front_inf 2266 1523 3058 2.143 0.433 0.105 0.019 15 1.8
S_front_middle 1864 1294 2429 2.122 0.371 0.113 0.017 13 1.5
S_front_sup 2279 1552 3607 2.443 0.454 0.099 0.017 15 1.6
S_interm_prim-Jensen 363 266 704 2.368 0.442 0.114 0.022 3 0.4
S_intrapariet_and_P_trans 3178 2153 3889 1.925 0.430 0.108 0.019 26 2.4
S_oc_middle_and_Lunatus 1078 727 1187 1.984 0.400 0.124 0.027 8 1.2
S_oc_sup_and_transversal 990 662 1424 2.280 0.387 0.119 0.020 8 0.8
S_occipital_ant 800 542 1030 2.332 0.423 0.123 0.027 6 0.8
S_oc-temp_lat 1100 754 1626 2.426 0.464 0.111 0.017 8 0.8
S_oc-temp_med_and_Lingual 2368 1567 3085 2.147 0.510 0.101 0.020 14 1.9
S_orbital_lateral 423 295 507 2.018 0.515 0.131 0.026 3 0.5
S_orbital_med-olfact 812 566 1199 2.514 0.715 0.131 0.029 8 1.1
S_orbital-H_Shaped 1295 895 2263 2.694 0.660 0.132 0.029 13 1.6
S_parieto_occipital 2589 1686 3068 1.998 0.451 0.108 0.021 18 2.3
S_pericallosal 1021 686 1078 1.860 0.625 0.150 0.043 28 1.8
S_postcentral 2917 1887 3436 2.045 0.514 0.102 0.017 18 2.2
S_precentral-inf-part 2100 1414 3058 2.407 0.471 0.105 0.018 14 1.6
S_precentral-sup-part 904 601 1376 2.641 0.351 0.085 0.011 4 0.4
S_suborbital 325 230 360 1.816 0.727 0.134 0.017 3 0.3
S_subparietal 1063 717 1497 2.324 0.476 0.108 0.019 7 0.8
S_temporal_inf 1453 962 1861 2.337 0.526 0.103 0.020 8 1.1
S_temporal_sup 5889 4009 8527 2.365 0.459 0.111 0.020 44 5.2
S_temporal_transverse 299 218 437 2.528 0.444 0.117 0.013 2 0.2
