StructName NumVert SurfArea GrayVol ThickAvg ThickStd MeanCurv GausCurv FoldInd CurvInd
G_and_S_frontomargin 756 584 1631 2.259 0.684 0.159 0.040 10 1.2
G_and_S_occipital_inf 1651 1127 3661 2.670 0.606 0.138 0.027 21 2.0
G_and_S_paracentral 1609 889 2521 2.382 0.619 0.094 0.019 12 1.2
G_and_S_subcentral 1590 1071 3342 2.720 0.536 0.131 0.029 18 1.9
G_and_S_transv_frontopol 916 753 2193 2.305 0.583 0.172 0.036 19 1.3
G_and_S_cingul-Ant 2913 2069 5753 2.656 0.549 0.128 0.028 35 3.7
G_and_S_cingul-Mid-Ant 1036 721 1927 2.573 0.599 0.109 0.019 9 0.8
G_and_S_cingul-Mid-Post 1180 805 2066 2.543 0.522 0.113 0.022 11 0.9
G_cingul-Post-dorsal 515 343 1320 2.903 0.511 0.136 0.032 7 0.7
G_cingul-Post-ventral 320 206 726 2.585 0.790 0.108 0.034 3 0.4
G_cuneus 2737 1788 3448 1.741 0.596 0.138 0.032 33 3.8
G_front_inf-Opercular 1349 925 3112 2.668 0.493 0.125 0.027 18 1.5
G_front_inf-Orbital 485 335 1178 2.643 0.494 0.155 0.033 9 0.6
G_front_inf-Triangul 805 635 1981 2.450 0.540 0.152 0.036 17 1.1
G_front_middle 3185 2435 8056 2.546 0.550 0.147 0.036 51 4.4
G_front_sup 6003 4251 14605 2.724 0.588 0.137 0.032 90 8.0
G_Ins_lg_and_S_cent_ins 558 371 1430 3.618 0.857 0.097 0.022 5 0.4
G_insular_short 672 464 2345 3.467 0.671 0.140 0.043 12 1.1
G_occipital_middle 2213 1463 4778 2.640 0.479 0.136 0.030 29 2.7
G_occipital_sup 1717 1080 2177 1.874 0.476 0.128 0.027 19 2.1
G_oc-temp_lat-fusifor 2377 1624 5738 2.739 0.673 0.132 0.034 36 3.0
G_oc-temp_med-Lingual 3293 2300 4937 1.908 0.726 0.156 0.038 51 5.4
G_oc-temp_med-Parahip 1303 798 3212 2.720 0.902 0.111 0.030 16 1.6
G_orbital 2593 1934 6714 2.690 0.582 0.158 0.042 58 4.5
G_pariet_inf-Angular 2396 1704 5242 2.427 0.518 0.147 0.031 41 3.3
G_pariet_inf-Supramar 2653 1771 6363 2.800 0.517 0.124 0.025 36 2.7
G_parietal_sup 2315 1561 4686 2.335 0.507 0.127 0.027 32 2.5
G_postcentral 2231 1336 3501 2.121 0.576 0.107 0.024 23 2.1
G_precentral 2574 1534 5614 2.745 0.533 0.109 0.026 29 2.7
G_precuneus 2309 1557 4538 2.387 0.506 0.119 0.026 27 2.5
G_rectus 847 616 2008 2.385 0.706 0.129 0.036 14 1.0
G_subcallosal 540 377 991 2.484 0.928 0.135 0.049 7 1.0
G_temp_sup-G_T_transv 469 210 794 2.637 0.296 0.080 0.019 3 0.3
G_temp_sup-Lateral 1866 1174 5304 3.179 0.738 0.118 0.026 22 1.9
G_temp_sup-Plan_polar 1018 667 1954 2.871 0.943 0.097 0.027 6 1.1
G_temp_sup-Plan_tempo 1017 665 1855 2.662 0.561 0.098 0.021 5 1.0
G_temporal_inf 3055 2138 8544 2.965 0.700 0.136 0.034 44 4.2
G_temporal_middle 2991 1999 7962 2.933 0.659 0.124 0.027 41 3.1
Lat_Fis-ant-Horizont 345 242 421 2.115 0.572 0.132 0.018 3 0.3
Lat_Fis-ant-Vertical 317 233 517 2.478 0.425 0.137 0.024 3 0.3
Lat_Fis-post 1568 1034 2034 2.348 0.415 0.106 0.022 9 1.5
Pole_occipital 4231 2744 5704 1.913 0.626 0.141 0.032 52 5.8
Pole_temporal 1963 1419 6840 3.330 0.765 0.139 0.035 29 2.8
S_calcarine 2963 1998 3153 1.820 0.540 0.126 0.029 27 3.8
S_central 3199 2106 3359 1.804 0.621 0.096 0.019 16 2.6
S_cingul-Marginalis 1199 804 1623 2.196 0.479 0.090 0.015 5 0.7
S_circular_insula_ant 586 393 755 2.352 0.504 0.111 0.021 3 0.6
S_circular_insula_inf 1251 823 1656 2.420 0.872 0.074 0.011 3 0.6
S_circular_insula_sup 1568 1027 2174 2.464 0.635 0.101 0.019 8 1.3
S_collat_transv_ant 880 665 1654 2.477 0.531 0.109 0.017 7 0.6
S_collat_transv_post 763 507 876 2.080 0.431 0.146 0.034 7 1.2
S_front_inf 2102 1397 2782 2.122 0.454 0.103 0.021 13 1.8
S_front_middle 1823 1267 2383 2.096 0.369 0.114 0.019 13 1.6
S_front_sup 2133 1433 3301 2.365 0.524 0.098 0.018 13 1.6
S_interm_prim-Jensen 353 259 578 2.247 0.351 0.093 0.018 1 0.2
S_intrapariet_and_P_trans 3259 2216 4123 1.986 0.414 0.104 0.018 24 2.4
S_oc_middle_and_Lunatus 1115 755 1330 2.062 0.380 0.123 0.025 8 1.2
S_oc_sup_and_transversal 1056 681 1559 2.344 0.454 0.117 0.019 9 0.8
S_occipital_ant 799 542 1018 2.315 0.403 0.125 0.025 6 0.9
S_oc-temp_lat 993 696 1575 2.443 0.446 0.110 0.016 7 0.7
S_oc-temp_med_and_Lingual 2243 1476 2893 2.149 0.520 0.102 0.019 13 1.8
S_orbital_lateral 491 351 643 2.069 0.563 0.138 0.026 5 0.6
S_orbital_med-olfact 710 465 892 2.133 0.582 0.103 0.017 5 0.5
S_orbital-H_Shaped 1240 849 2247 2.746 0.770 0.126 0.025 11 1.5
S_parieto_occipital 2622 1739 3222 2.042 0.466 0.112 0.022 19 2.4
S_pericallosal 1136 780 1201 1.812 0.572 0.139 0.033 25 1.4
S_postcentral 2862 1866 3519 2.097 0.445 0.103 0.017 18 2.2
S_precentral-inf-part 2019 1341 2854 2.413 0.492 0.103 0.016 13 1.5
S_precentral-sup-part 884 583 1313 2.543 0.392 0.086 0.013 4 0.5
S_suborbital 360 256 425 1.864 0.616 0.140 0.019 4 0.3
S_subparietal 1086 740 1574 2.359 0.491 0.109 0.021 7 0.9
S_temporal_inf 1433 946 1831 2.410 0.486 0.103 0.019 8 1.0
S_temporal_sup 5746 3882 8379 2.397 0.460 0.112 0.020 43 5.0
S_temporal_transverse 287 208 424 2.616 0.344 0.116 0.014 2 0.2
