StructName NumVert SurfArea GrayVol ThickAvg ThickStd MeanCurv GausCurv FoldInd CurvInd
G_and_S_frontomargin 1284 1003 2259 1.920 0.612 0.156 0.036 22 2.1
G_and_S_occipital_inf 1475 1004 3335 2.686 0.631 0.131 0.028 20 1.6
G_and_S_paracentral 1783 1072 2715 2.224 0.593 0.127 0.046 25 3.2
G_and_S_subcentral 2195 1488 3879 2.297 0.587 0.113 0.026 19 2.2
G_and_S_transv_frontopol 1295 1014 3050 2.313 0.637 0.146 0.033 23 1.6
G_and_S_cingul-Ant 3565 2483 6470 2.385 0.603 0.111 0.025 36 3.4
G_and_S_cingul-Mid-Ant 1913 1300 3756 2.678 0.561 0.106 0.024 14 1.8
G_and_S_cingul-Mid-Post 1722 1220 3398 2.681 0.554 0.135 0.034 19 2.3
G_cingul-Post-dorsal 499 345 1341 3.102 0.725 0.140 0.042 8 0.6
G_cingul-Post-ventral 302 201 705 2.701 0.570 0.108 0.026 4 0.3
G_cuneus 3067 2055 4315 1.896 0.501 0.137 0.035 44 4.2
G_front_inf-Opercular 1616 1124 4135 2.764 0.439 0.117 0.029 20 1.6
G_front_inf-Orbital 355 240 1117 3.181 0.426 0.117 0.023 5 0.3
G_front_inf-Triangul 1166 803 2857 2.750 0.486 0.133 0.031 17 1.2
G_front_middle 4988 3494 12809 2.683 0.527 0.135 0.031 78 5.8
G_front_sup 8491 5708 20319 2.802 0.653 0.128 0.035 104 11.7
G_Ins_lg_and_S_cent_ins 653 424 1604 3.467 0.915 0.103 0.029 6 0.7
G_insular_short 942 709 2546 2.947 0.892 0.144 0.046 16 1.7
G_occipital_middle 2874 1815 5889 2.433 0.575 0.123 0.033 45 2.9
G_occipital_sup 2209 1466 4120 2.294 0.460 0.139 0.032 36 2.5
G_oc-temp_lat-fusifor 2310 1595 5689 2.787 0.618 0.125 0.028 36 2.3
G_oc-temp_med-Lingual 3076 2140 5302 2.108 0.736 0.145 0.040 44 5.0
G_oc-temp_med-Parahip 1378 964 4227 3.316 0.808 0.116 0.036 14 1.6
G_orbital 3557 2462 8006 2.461 0.837 0.136 0.041 70 5.3
G_pariet_inf-Angular 3654 2442 8668 2.624 0.561 0.126 0.028 54 3.7
G_pariet_inf-Supramar 3120 2036 6766 2.615 0.545 0.117 0.028 42 3.2
G_parietal_sup 3261 2217 6739 2.368 0.523 0.126 0.029 48 3.5
G_postcentral 2761 1687 4332 2.056 0.536 0.108 0.033 33 3.2
G_precentral 4212 2474 8986 2.764 0.539 0.105 0.033 52 4.9
G_precuneus 3540 2345 7076 2.475 0.463 0.121 0.028 48 3.4
G_rectus 914 676 2212 2.529 0.561 0.135 0.043 16 1.2
G_subcallosal 763 535 1333 2.515 0.739 0.149 0.056 11 1.8
G_temp_sup-G_T_transv 481 323 1031 2.618 0.397 0.116 0.037 5 0.6
G_temp_sup-Lateral 2296 1562 6793 3.075 0.724 0.124 0.030 31 2.4
G_temp_sup-Plan_polar 967 694 2577 3.377 0.766 0.123 0.035 10 1.5
G_temp_sup-Plan_tempo 1231 833 2153 2.363 0.392 0.094 0.021 9 1.0
G_temporal_inf 3077 2211 9323 2.947 0.798 0.135 0.039 52 4.4
G_temporal_middle 3663 2412 9609 2.782 0.745 0.123 0.032 53 4.3
Lat_Fis-ant-Horizont 357 235 450 2.118 0.313 0.084 0.012 1 0.2
Lat_Fis-ant-Vertical 353 230 504 2.474 0.382 0.081 0.013 1 0.2
Lat_Fis-post 1687 1095 2298 2.493 0.448 0.096 0.020 8 1.4
Pole_occipital 3917 2731 6589 2.075 0.587 0.149 0.042 60 5.8
Pole_temporal 2043 1630 7324 3.210 0.760 0.145 0.040 27 3.0
S_calcarine 2761 1902 3670 2.190 0.533 0.116 0.026 21 3.2
S_central 3480 2333 3949 1.914 0.528 0.095 0.019 17 2.9
S_cingul-Marginalis 1716 1133 2437 2.296 0.381 0.091 0.015 8 1.1
S_circular_insula_ant 703 479 994 2.403 0.464 0.111 0.023 3 0.8
S_circular_insula_inf 1522 985 2207 2.632 0.620 0.082 0.014 5 1.0
S_circular_insula_sup 1482 964 2096 2.643 0.563 0.110 0.024 8 1.6
S_collat_transv_ant 1483 1000 2313 2.334 0.448 0.087 0.013 7 0.8
S_collat_transv_post 709 465 866 2.266 0.451 0.119 0.026 5 0.7
S_front_inf 2678 1777 3454 2.052 0.399 0.100 0.020 15 2.3
S_front_middle 2646 1853 3589 1.892 0.483 0.111 0.022 19 2.4
S_front_sup 3518 2360 5302 2.316 0.469 0.101 0.022 20 3.2
S_interm_prim-Jensen 522 342 614 2.118 0.455 0.104 0.018 3 0.5
S_intrapariet_and_P_trans 3223 2189 4296 2.048 0.422 0.116 0.021 29 2.7
S_oc_middle_and_Lunatus 1204 798 1430 1.888 0.373 0.112 0.023 9 1.1
S_oc_sup_and_transversal 2055 1387 2684 2.026 0.357 0.114 0.023 14 2.1
S_occipital_ant 1140 710 1954 2.380 0.662 0.095 0.026 11 1.4
S_oc-temp_lat 1501 988 1974 2.167 0.460 0.090 0.014 6 1.0
S_oc-temp_med_and_Lingual 2153 1430 3274 2.341 0.499 0.097 0.016 14 1.5
S_orbital_lateral 471 338 650 2.017 0.460 0.117 0.024 3 0.5
S_orbital_med-olfact 1156 761 1442 2.299 0.612 0.108 0.019 7 0.9
S_orbital-H_Shaped 1889 1320 3188 2.355 0.647 0.120 0.025 17 2.0
S_parieto_occipital 2998 1970 3914 2.202 0.388 0.106 0.019 21 2.5
S_pericallosal 2139 1338 2308 1.976 0.793 0.113 0.024 22 1.9
S_postcentral 3127 2081 4000 2.023 0.397 0.100 0.020 22 2.5
S_precentral-inf-part 2696 1778 3941 2.341 0.407 0.100 0.019 17 2.1
S_precentral-sup-part 1760 1144 2313 2.250 0.474 0.094 0.018 8 1.4
S_suborbital 240 171 318 1.907 0.485 0.135 0.020 2 0.2
S_subparietal 1336 932 2207 2.400 0.588 0.118 0.026 11 1.3
S_temporal_inf 1924 1266 2251 2.048 0.459 0.098 0.017 10 1.4
S_temporal_sup 7191 4770 10246 2.229 0.444 0.096 0.017 41 5.4
S_temporal_transverse 375 256 563 2.373 0.409 0.104 0.016 2 0.3
