StructName NumVert SurfArea GrayVol ThickAvg ThickStd MeanCurv GausCurv FoldInd CurvInd
G_and_S_frontomargin 1220 937 2204 2.136 0.480 0.160 0.035 22 2.0
G_and_S_occipital_inf 1279 869 2617 2.600 0.615 0.130 0.027 13 1.4
G_and_S_paracentral 1559 832 2286 2.390 0.528 0.090 0.017 10 1.1
G_and_S_subcentral 2186 1459 3783 2.390 0.545 0.115 0.019 20 1.7
G_and_S_transv_frontopol 1501 1171 3602 2.628 0.531 0.151 0.032 25 1.8
G_and_S_cingul-Ant 3249 2232 6230 2.718 0.512 0.109 0.019 31 2.6
G_and_S_cingul-Mid-Ant 1768 1183 3336 2.869 0.372 0.105 0.018 13 1.4
G_and_S_cingul-Mid-Post 1625 1130 3073 2.718 0.430 0.122 0.025 14 1.7
G_cingul-Post-dorsal 460 316 1234 3.198 0.676 0.146 0.033 7 0.6
G_cingul-Post-ventral 306 185 589 2.533 0.795 0.090 0.018 2 0.2
G_cuneus 3071 1983 3561 1.663 0.416 0.128 0.025 33 3.4
G_front_inf-Opercular 1555 1050 3685 2.713 0.451 0.124 0.021 19 1.5
G_front_inf-Orbital 366 243 1031 3.039 0.403 0.118 0.021 4 0.3
G_front_inf-Triangul 1088 745 2571 2.769 0.419 0.138 0.027 15 1.2
G_front_middle 4713 3273 11615 2.706 0.449 0.136 0.026 68 5.0
G_front_sup 7912 4956 18524 3.008 0.538 0.110 0.019 70 6.6
G_Ins_lg_and_S_cent_ins 662 439 1627 3.606 0.610 0.097 0.025 5 0.6
G_insular_short 770 522 2087 3.165 0.797 0.130 0.033 12 1.1
G_occipital_middle 2703 1871 5441 2.331 0.475 0.133 0.029 39 2.8
G_occipital_sup 2132 1402 3297 2.073 0.397 0.142 0.030 29 2.7
G_oc-temp_lat-fusifor 2402 1649 5430 2.721 0.614 0.127 0.029 36 2.9
G_oc-temp_med-Lingual 3366 2299 4703 1.814 0.688 0.140 0.036 40 5.2
G_oc-temp_med-Parahip 1388 874 4213 3.420 0.792 0.097 0.024 11 1.3
G_orbital 3152 2181 7403 2.682 0.690 0.124 0.026 45 3.1
G_pariet_inf-Angular 3245 2254 7192 2.468 0.490 0.130 0.024 44 3.3
G_pariet_inf-Supramar 2822 1896 5897 2.549 0.403 0.115 0.019 32 2.3
G_parietal_sup 3135 2125 5992 2.294 0.417 0.128 0.024 40 3.3
G_postcentral 2465 1522 3690 1.984 0.529 0.109 0.021 25 2.2
G_precentral 3956 2273 7817 2.656 0.474 0.097 0.018 32 2.8
G_precuneus 3412 2191 6350 2.440 0.423 0.118 0.021 38 3.0
G_rectus 879 610 2070 2.668 0.574 0.133 0.024 14 0.9
G_subcallosal 715 481 1157 2.483 0.823 0.102 0.033 5 0.9
G_temp_sup-G_T_transv 553 285 983 2.656 0.384 0.095 0.018 5 0.3
G_temp_sup-Lateral 2145 1490 6141 3.121 0.533 0.125 0.022 26 1.9
G_temp_sup-Plan_polar 782 547 2220 3.758 0.713 0.103 0.018 6 0.6
G_temp_sup-Plan_tempo 1222 834 2268 2.498 0.469 0.090 0.015 8 0.8
G_temporal_inf 3091 2184 8616 2.989 0.633 0.127 0.027 42 3.3
G_temporal_middle 3134 2235 8797 2.914 0.576 0.127 0.023 42 2.9
Lat_Fis-ant-Horizont 348 246 463 2.130 0.347 0.091 0.010 1 0.2
Lat_Fis-ant-Vertical 296 200 415 2.668 0.365 0.084 0.011 1 0.1
Lat_Fis-post 1464 972 1989 2.557 0.556 0.099 0.018 7 1.1
Pole_occipital 4213 2784 5617 1.821 0.622 0.150 0.037 55 6.7
Pole_temporal 2050 1480 6985 3.389 0.717 0.134 0.030 25 2.5
S_calcarine 2575 1757 2774 1.859 0.565 0.120 0.025 24 2.7
S_central 3243 2180 3227 1.670 0.515 0.091 0.015 16 2.1
S_cingul-Marginalis 1608 1072 2158 2.158 0.459 0.087 0.011 7 0.8
S_circular_insula_ant 654 441 922 2.508 0.547 0.106 0.018 3 0.6
S_circular_insula_inf 1518 987 2187 2.721 0.607 0.077 0.010 4 0.7
S_circular_insula_sup 1380 902 2121 2.842 0.565 0.102 0.018 6 1.1
S_collat_transv_ant 1431 943 2239 2.543 0.339 0.077 0.007 6 0.4
S_collat_transv_post 806 541 921 2.163 0.447 0.127 0.027 6 0.9
S_front_inf 2547 1687 3303 2.221 0.327 0.100 0.016 15 1.8
S_front_middle 2565 1772 3702 2.224 0.406 0.108 0.018 17 1.9
S_front_sup 3246 2145 4868 2.411 0.459 0.096 0.016 17 2.2
S_interm_prim-Jensen 459 320 544 1.974 0.446 0.098 0.015 2 0.3
S_intrapariet_and_P_trans 2997 2055 3912 2.119 0.462 0.117 0.020 27 2.3
S_oc_middle_and_Lunatus 914 635 1079 1.990 0.327 0.113 0.019 6 0.8
S_oc_sup_and_transversal 1806 1238 2357 2.038 0.396 0.115 0.021 14 1.6
S_occipital_ant 845 565 1468 2.381 0.708 0.103 0.017 6 0.6
S_oc-temp_lat 1501 999 2062 2.435 0.339 0.086 0.012 6 0.7
S_oc-temp_med_and_Lingual 2136 1424 3020 2.275 0.560 0.093 0.012 13 1.0
S_orbital_lateral 406 286 550 2.231 0.514 0.115 0.021 3 0.4
S_orbital_med-olfact 953 630 1240 2.559 0.638 0.106 0.013 6 0.5
S_orbital-H_Shaped 1791 1217 2938 2.708 0.517 0.122 0.021 16 1.6
S_parieto_occipital 3098 2042 3697 2.079 0.531 0.112 0.016 25 2.2
S_pericallosal 1661 1068 1888 2.189 0.570 0.120 0.018 21 1.2
S_postcentral 2970 1956 3349 1.870 0.396 0.097 0.016 19 2.0
S_precentral-inf-part 2555 1703 3558 2.360 0.343 0.100 0.016 16 1.8
S_precentral-sup-part 1652 1075 2145 2.276 0.509 0.088 0.012 8 0.8
S_suborbital 249 186 371 2.454 0.470 0.125 0.012 2 0.2
S_subparietal 1241 870 2002 2.517 0.408 0.125 0.023 11 1.2
S_temporal_inf 1793 1185 2217 2.365 0.440 0.098 0.015 9 1.1
S_temporal_sup 6407 4268 9089 2.334 0.458 0.094 0.015 36 4.1
S_temporal_transverse 424 294 585 2.353 0.451 0.104 0.014 2 0.3
