StructName NumVert SurfArea GrayVol ThickAvg ThickStd MeanCurv GausCurv FoldInd CurvInd
G_and_S_frontomargin 1222 915 2144 2.093 0.538 0.160 0.035 20 2.0
G_and_S_occipital_inf 1383 957 2956 2.606 0.644 0.134 0.028 15 1.6
G_and_S_paracentral 1603 916 2654 2.412 0.551 0.097 0.018 12 1.2
G_and_S_subcentral 2235 1490 3941 2.460 0.564 0.112 0.019 19 1.7
G_and_S_transv_frontopol 1474 1103 3360 2.531 0.595 0.148 0.032 24 1.7
G_and_S_cingul-Ant 3375 2346 6231 2.528 0.538 0.113 0.021 34 3.0
G_and_S_cingul-Mid-Ant 1812 1218 3384 2.790 0.408 0.108 0.019 13 1.5
G_and_S_cingul-Mid-Post 1688 1178 3100 2.654 0.439 0.129 0.029 17 2.0
G_cingul-Post-dorsal 509 344 1327 3.134 0.703 0.148 0.040 9 0.7
G_cingul-Post-ventral 285 177 592 2.557 0.856 0.094 0.020 2 0.2
G_cuneus 3091 2025 4097 1.799 0.513 0.133 0.026 37 3.5
G_front_inf-Opercular 1581 1043 3872 2.797 0.463 0.119 0.021 18 1.4
G_front_inf-Orbital 379 245 1098 3.164 0.443 0.119 0.021 4 0.3
G_front_inf-Triangul 1093 747 2653 2.798 0.437 0.137 0.029 14 1.2
G_front_middle 4761 3262 11723 2.725 0.500 0.132 0.025 63 4.9
G_front_sup 8215 5236 19713 2.986 0.592 0.112 0.022 76 7.5
G_Ins_lg_and_S_cent_ins 693 449 1692 3.661 0.639 0.101 0.026 6 0.6
G_insular_short 815 541 2185 3.125 0.894 0.124 0.036 10 1.3
G_occipital_middle 2619 1776 5439 2.432 0.501 0.129 0.025 36 2.5
G_occipital_sup 2177 1444 3611 2.165 0.427 0.143 0.028 30 2.5
G_oc-temp_lat-fusifor 2392 1595 5402 2.696 0.677 0.128 0.033 33 3.2
G_oc-temp_med-Lingual 3518 2352 5179 1.919 0.702 0.137 0.035 41 5.3
G_oc-temp_med-Parahip 1440 908 4589 3.558 0.862 0.104 0.026 13 1.3
G_orbital 3319 2257 7890 2.656 0.790 0.127 0.034 52 4.2
G_pariet_inf-Angular 3408 2281 7859 2.619 0.527 0.124 0.023 45 3.3
G_pariet_inf-Supramar 2911 1927 6269 2.653 0.401 0.111 0.019 31 2.3
G_parietal_sup 3166 2176 6235 2.356 0.403 0.129 0.025 39 3.3
G_postcentral 2637 1606 3847 1.999 0.523 0.105 0.019 24 2.2
G_precentral 4205 2319 8499 2.814 0.497 0.092 0.018 31 3.1
G_precuneus 3476 2320 6812 2.450 0.472 0.121 0.023 41 3.1
G_rectus 930 651 2140 2.460 0.568 0.141 0.040 16 1.5
G_subcallosal 672 437 1223 2.653 0.872 0.099 0.030 5 0.9
G_temp_sup-G_T_transv 571 308 1023 2.607 0.442 0.090 0.019 5 0.3
G_temp_sup-Lateral 2370 1563 6878 3.201 0.633 0.121 0.021 27 2.1
G_temp_sup-Plan_polar 870 584 2317 3.683 0.754 0.108 0.020 7 0.7
G_temp_sup-Plan_tempo 1287 874 2334 2.509 0.438 0.091 0.016 9 0.9
G_temporal_inf 3136 2147 9441 3.175 0.673 0.124 0.029 40 3.7
G_temporal_middle 3306 2233 9451 3.026 0.659 0.119 0.022 38 3.0
Lat_Fis-ant-Horizont 356 240 437 1.975 0.387 0.088 0.010 1 0.2
Lat_Fis-ant-Vertical 351 235 512 2.548 0.376 0.085 0.012 1 0.2
Lat_Fis-post 1540 1015 2000 2.514 0.507 0.101 0.020 8 1.2
Pole_occipital 4167 2792 5969 1.949 0.565 0.150 0.039 55 6.6
Pole_temporal 1972 1473 6916 3.409 0.755 0.140 0.029 23 2.4
S_calcarine 2790 1830 3059 1.943 0.575 0.115 0.023 23 2.6
S_central 3347 2200 3370 1.736 0.541 0.091 0.015 16 2.2
S_cingul-Marginalis 1679 1105 2217 2.148 0.429 0.089 0.013 7 1.0
S_circular_insula_ant 710 480 1028 2.557 0.527 0.105 0.017 3 0.6
S_circular_insula_inf 1603 1026 2360 2.836 0.657 0.076 0.010 4 0.8
S_circular_insula_sup 1411 929 2094 2.737 0.514 0.106 0.019 7 1.2
S_collat_transv_ant 1473 977 2306 2.497 0.414 0.082 0.010 7 0.7
S_collat_transv_post 790 523 937 2.241 0.368 0.119 0.023 6 0.8
S_front_inf 2519 1639 3240 2.172 0.331 0.096 0.015 14 1.6
S_front_middle 2840 1935 3975 2.065 0.458 0.112 0.020 21 2.4
S_front_sup 3260 2165 4942 2.463 0.461 0.093 0.015 16 2.1
S_interm_prim-Jensen 434 297 542 2.120 0.425 0.105 0.015 2 0.3
S_intrapariet_and_P_trans 3051 2090 4036 2.143 0.421 0.117 0.019 27 2.3
S_oc_middle_and_Lunatus 1022 702 1308 2.046 0.349 0.115 0.021 8 1.0
S_oc_sup_and_transversal 1892 1274 2342 1.979 0.372 0.117 0.021 14 1.7
S_occipital_ant 866 573 1484 2.420 0.691 0.099 0.017 6 0.5
S_oc-temp_lat 1553 1026 2130 2.426 0.396 0.086 0.013 6 0.8
S_oc-temp_med_and_Lingual 2110 1386 3003 2.281 0.548 0.093 0.013 13 1.0
S_orbital_lateral 460 322 604 2.146 0.517 0.122 0.024 4 0.5
S_orbital_med-olfact 1003 651 1220 2.320 0.683 0.105 0.015 7 0.7
S_orbital-H_Shaped 1868 1237 3106 2.706 0.644 0.115 0.021 14 1.7
S_parieto_occipital 3037 2030 3710 2.127 0.473 0.114 0.017 25 2.4
S_pericallosal 1877 1208 1992 2.002 0.622 0.114 0.019 21 1.5
S_postcentral 3043 2003 3652 1.985 0.377 0.096 0.016 19 2.0
S_precentral-inf-part 2697 1789 3890 2.416 0.345 0.100 0.016 16 1.8
S_precentral-sup-part 1510 982 2055 2.403 0.466 0.085 0.011 6 0.7
S_suborbital 301 214 404 2.081 0.445 0.111 0.012 2 0.2
S_subparietal 1235 888 1992 2.450 0.412 0.129 0.024 12 1.2
S_temporal_inf 1867 1221 2401 2.382 0.436 0.099 0.015 10 1.1
S_temporal_sup 6755 4465 9802 2.356 0.415 0.096 0.016 40 4.4
S_temporal_transverse 393 276 525 2.298 0.483 0.121 0.022 3 0.4
