StructName NumVert SurfArea GrayVol ThickAvg ThickStd MeanCurv GausCurv FoldInd CurvInd
G_and_S_frontomargin 1306 968 2194 2.049 0.511 0.158 0.037 21 2.3
G_and_S_occipital_inf 1355 916 2900 2.641 0.625 0.132 0.029 14 1.6
G_and_S_paracentral 1563 889 2530 2.421 0.616 0.096 0.018 11 1.2
G_and_S_subcentral 2295 1506 3873 2.439 0.529 0.111 0.019 20 1.8
G_and_S_transv_frontopol 1483 1110 3507 2.603 0.580 0.148 0.030 23 1.8
G_and_S_cingul-Ant 3513 2392 6638 2.616 0.562 0.110 0.019 34 2.8
G_and_S_cingul-Mid-Ant 1795 1210 3385 2.797 0.411 0.108 0.021 14 1.6
G_and_S_cingul-Mid-Post 1700 1162 3134 2.661 0.448 0.126 0.027 16 1.9
G_cingul-Post-dorsal 503 338 1354 3.214 0.619 0.150 0.042 9 0.7
G_cingul-Post-ventral 323 195 618 2.492 0.826 0.095 0.022 3 0.3
G_cuneus 3054 1997 3978 1.770 0.523 0.133 0.026 35 3.5
G_front_inf-Opercular 1668 1069 3838 2.771 0.459 0.117 0.020 19 1.4
G_front_inf-Orbital 414 268 1215 3.136 0.469 0.119 0.023 5 0.4
G_front_inf-Triangul 1069 716 2552 2.846 0.417 0.141 0.028 15 1.3
G_front_middle 4825 3283 11680 2.703 0.475 0.133 0.025 66 4.9
G_front_sup 7855 5012 18857 3.000 0.528 0.112 0.022 72 7.2
G_Ins_lg_and_S_cent_ins 783 533 1715 3.365 0.825 0.119 0.033 8 1.1
G_insular_short 741 493 2081 3.188 0.741 0.115 0.027 9 0.8
G_occipital_middle 2815 1810 5672 2.445 0.511 0.126 0.026 37 2.9
G_occipital_sup 2350 1517 3773 2.133 0.445 0.139 0.028 32 2.8
G_oc-temp_lat-fusifor 2435 1621 5561 2.743 0.643 0.127 0.028 34 2.7
G_oc-temp_med-Lingual 3440 2301 5017 1.908 0.727 0.141 0.037 41 5.4
G_oc-temp_med-Parahip 1377 866 4354 3.591 0.802 0.101 0.024 11 1.1
G_orbital 3292 2246 7787 2.662 0.796 0.129 0.032 61 3.9
G_pariet_inf-Angular 3498 2250 7886 2.667 0.503 0.122 0.025 45 3.5
G_pariet_inf-Supramar 2959 1923 6361 2.692 0.429 0.109 0.019 31 2.2
G_parietal_sup 3184 2152 6122 2.316 0.422 0.127 0.023 40 3.2
G_postcentral 2697 1643 3844 1.967 0.517 0.106 0.019 26 2.2
G_precentral 4192 2335 8300 2.734 0.490 0.092 0.017 31 2.8
G_precuneus 3471 2265 6655 2.470 0.432 0.121 0.023 41 3.1
G_rectus 926 647 2094 2.512 0.602 0.136 0.033 17 1.1
G_subcallosal 759 579 1417 2.643 0.864 0.138 0.049 7 1.7
G_temp_sup-G_T_transv 603 327 1028 2.517 0.437 0.091 0.025 5 0.5
G_temp_sup-Lateral 2293 1522 6574 3.184 0.604 0.123 0.022 27 2.1
G_temp_sup-Plan_polar 827 559 2179 3.637 0.768 0.100 0.019 6 0.7
G_temp_sup-Plan_tempo 1355 888 2447 2.539 0.416 0.096 0.018 10 1.1
G_temporal_inf 3184 2187 9409 3.159 0.664 0.127 0.029 44 3.7
G_temporal_middle 3364 2256 9580 3.049 0.652 0.120 0.023 42 3.0
Lat_Fis-ant-Horizont 334 224 409 2.071 0.445 0.087 0.010 1 0.1
Lat_Fis-ant-Vertical 361 245 553 2.615 0.360 0.085 0.010 1 0.1
Lat_Fis-post 1532 1011 2087 2.592 0.480 0.100 0.017 7 1.1
Pole_occipital 4078 2716 5887 1.935 0.638 0.149 0.037 53 6.2
Pole_temporal 1908 1452 7222 3.418 0.765 0.144 0.033 26 2.7
S_calcarine 2703 1835 3031 1.931 0.587 0.119 0.023 23 2.6
S_central 3351 2203 3361 1.751 0.539 0.090 0.014 16 2.0
S_cingul-Marginalis 1661 1084 2172 2.179 0.422 0.086 0.012 7 0.9
S_circular_insula_ant 726 487 1028 2.510 0.525 0.105 0.019 4 0.6
S_circular_insula_inf 1527 992 2247 2.775 0.644 0.077 0.011 4 0.8
S_circular_insula_sup 1431 945 2148 2.814 0.565 0.106 0.019 7 1.2
S_collat_transv_ant 1470 966 2294 2.552 0.413 0.081 0.010 6 0.6
S_collat_transv_post 779 522 941 2.221 0.353 0.125 0.027 6 0.8
S_front_inf 2512 1640 3250 2.216 0.339 0.098 0.016 15 1.7
S_front_middle 2731 1871 3764 2.081 0.455 0.109 0.020 20 2.2
S_front_sup 3267 2161 4980 2.492 0.422 0.095 0.016 16 2.2
S_interm_prim-Jensen 451 316 600 2.177 0.397 0.103 0.015 2 0.3
S_intrapariet_and_P_trans 3155 2144 4186 2.170 0.401 0.117 0.019 28 2.4
S_oc_middle_and_Lunatus 984 674 1150 2.043 0.372 0.114 0.023 7 0.9
S_oc_sup_and_transversal 1988 1335 2554 2.100 0.395 0.117 0.023 15 1.9
S_occipital_ant 890 588 1503 2.426 0.655 0.097 0.017 5 0.6
S_oc-temp_lat 1516 1001 2077 2.437 0.338 0.088 0.013 6 0.8
S_oc-temp_med_and_Lingual 2177 1453 3005 2.275 0.603 0.097 0.015 14 1.4
S_orbital_lateral 424 294 534 2.137 0.529 0.117 0.024 3 0.4
S_orbital_med-olfact 942 616 1131 2.246 0.785 0.105 0.015 6 0.6
S_orbital-H_Shaped 1838 1221 3065 2.715 0.538 0.115 0.021 15 1.7
S_parieto_occipital 3145 2067 3833 2.156 0.483 0.113 0.018 25 2.5
S_pericallosal 1760 1117 1923 2.060 0.608 0.117 0.018 21 1.3
S_postcentral 3013 1982 3591 1.977 0.359 0.097 0.015 19 2.0
S_precentral-inf-part 2596 1723 3634 2.373 0.329 0.101 0.015 17 1.6
S_precentral-sup-part 1625 1059 2137 2.359 0.484 0.088 0.011 7 0.8
S_suborbital 192 146 283 2.018 0.422 0.126 0.013 2 0.1
S_subparietal 1249 879 2075 2.543 0.426 0.125 0.024 12 1.2
S_temporal_inf 1818 1195 2284 2.361 0.420 0.099 0.015 10 1.2
S_temporal_sup 6892 4518 10046 2.410 0.421 0.096 0.015 40 4.5
S_temporal_transverse 379 270 491 2.263 0.471 0.116 0.014 2 0.3
