StructName NumVert SurfArea GrayVol ThickAvg ThickStd MeanCurv GausCurv FoldInd CurvInd
G_and_S_frontomargin 1320 979 2528 2.298 0.513 0.157 0.040 23 2.2
G_and_S_occipital_inf 1398 946 3051 2.662 0.595 0.132 0.025 16 1.5
G_and_S_paracentral 1718 917 2584 2.385 0.519 0.092 0.021 12 1.3
G_and_S_subcentral 2146 1451 3754 2.416 0.492 0.117 0.022 20 1.9
G_and_S_transv_frontopol 1552 1123 3676 2.751 0.506 0.142 0.030 25 1.8
G_and_S_cingul-Ant 3400 2368 6606 2.697 0.491 0.112 0.021 35 3.1
G_and_S_cingul-Mid-Ant 1792 1207 3361 2.767 0.418 0.110 0.023 15 1.7
G_and_S_cingul-Mid-Post 1699 1161 3121 2.640 0.469 0.124 0.028 17 2.0
G_cingul-Post-dorsal 536 358 1319 3.022 0.566 0.144 0.045 8 0.8
G_cingul-Post-ventral 331 207 650 2.468 0.784 0.108 0.028 3 0.4
G_cuneus 3458 2132 4217 1.795 0.481 0.126 0.027 40 3.9
G_front_inf-Opercular 1706 1123 4098 2.784 0.386 0.118 0.021 21 1.5
G_front_inf-Orbital 388 244 1103 3.106 0.377 0.121 0.027 5 0.4
G_front_inf-Triangul 1068 719 2503 2.747 0.423 0.136 0.028 15 1.3
G_front_middle 5049 3338 12116 2.769 0.441 0.129 0.025 68 5.1
G_front_sup 8097 5085 18815 2.984 0.506 0.112 0.024 78 7.7
G_Ins_lg_and_S_cent_ins 638 418 1473 3.413 0.584 0.098 0.030 5 0.6
G_insular_short 785 539 2119 3.024 0.770 0.123 0.030 12 0.8
G_occipital_middle 2736 1848 5656 2.410 0.458 0.133 0.027 39 2.8
G_occipital_sup 2178 1372 3501 2.200 0.467 0.138 0.028 29 2.5
G_oc-temp_lat-fusifor 2426 1609 5291 2.683 0.563 0.124 0.031 35 2.8
G_oc-temp_med-Lingual 3329 2196 4727 1.898 0.630 0.139 0.040 41 5.6
G_oc-temp_med-Parahip 1443 906 4271 3.343 0.779 0.109 0.030 14 1.6
G_orbital 3127 2196 7476 2.661 0.703 0.133 0.036 51 4.5
G_pariet_inf-Angular 3510 2321 7863 2.613 0.452 0.124 0.025 49 3.6
G_pariet_inf-Supramar 2870 1892 6163 2.634 0.381 0.114 0.022 32 2.5
G_parietal_sup 3480 2122 6214 2.368 0.446 0.112 0.023 39 3.2
G_postcentral 2837 1581 3759 2.024 0.526 0.100 0.020 27 2.4
G_precentral 4301 2282 8212 2.779 0.463 0.090 0.020 35 3.3
G_precuneus 3452 2223 6540 2.465 0.407 0.121 0.025 47 3.5
G_rectus 927 687 2251 2.585 0.448 0.146 0.042 22 1.4
G_subcallosal 617 412 1063 2.487 0.915 0.092 0.030 4 0.6
G_temp_sup-G_T_transv 601 302 1015 2.601 0.385 0.098 0.025 6 0.5
G_temp_sup-Lateral 2165 1496 6451 3.220 0.527 0.129 0.027 28 2.4
G_temp_sup-Plan_polar 901 594 2271 3.572 0.804 0.108 0.025 8 1.0
G_temp_sup-Plan_tempo 1237 830 2214 2.490 0.381 0.090 0.016 8 0.9
G_temporal_inf 2938 2085 8674 3.092 0.574 0.127 0.029 39 3.5
G_temporal_middle 3207 2252 9168 2.980 0.572 0.127 0.026 46 3.2
Lat_Fis-ant-Horizont 372 252 501 2.217 0.314 0.085 0.011 1 0.2
Lat_Fis-ant-Vertical 323 216 440 2.485 0.209 0.085 0.011 1 0.1
Lat_Fis-post 1683 1085 2181 2.449 0.488 0.099 0.019 8 1.3
Pole_occipital 4493 2909 5972 1.897 0.568 0.149 0.039 61 7.4
Pole_temporal 2114 1553 7009 3.293 0.704 0.140 0.033 28 3.1
S_calcarine 2783 1911 3235 1.979 0.598 0.123 0.028 24 3.3
S_central 3439 2293 3656 1.812 0.561 0.092 0.016 16 2.5
S_cingul-Marginalis 1699 1126 2303 2.188 0.421 0.092 0.013 8 1.0
S_circular_insula_ant 704 469 950 2.447 0.466 0.107 0.020 4 0.7
S_circular_insula_inf 1605 1057 2340 2.714 0.609 0.083 0.014 5 1.1
S_circular_insula_sup 1482 974 2136 2.760 0.533 0.111 0.020 8 1.4
S_collat_transv_ant 1464 962 2261 2.494 0.399 0.084 0.011 7 0.7
S_collat_transv_post 753 500 894 2.183 0.392 0.119 0.025 5 0.7
S_front_inf 2495 1643 3432 2.327 0.339 0.101 0.017 15 1.9
S_front_middle 2698 1854 4099 2.299 0.415 0.110 0.019 19 2.2
S_front_sup 3379 2229 5104 2.471 0.451 0.094 0.016 17 2.3
S_interm_prim-Jensen 483 328 594 2.178 0.415 0.108 0.017 3 0.4
S_intrapariet_and_P_trans 3247 2180 4297 2.160 0.422 0.116 0.019 29 2.5
S_oc_middle_and_Lunatus 960 665 1174 2.070 0.323 0.111 0.019 7 0.8
S_oc_sup_and_transversal 1887 1256 2395 2.081 0.333 0.114 0.021 14 1.7
S_occipital_ant 843 557 1372 2.375 0.649 0.098 0.017 5 0.5
S_oc-temp_lat 1651 1068 2242 2.361 0.376 0.092 0.015 9 1.1
S_oc-temp_med_and_Lingual 2086 1364 2876 2.282 0.510 0.096 0.015 13 1.3
S_orbital_lateral 420 288 549 2.189 0.487 0.118 0.025 3 0.4
S_orbital_med-olfact 950 645 1260 2.373 0.623 0.124 0.030 12 1.3
S_orbital-H_Shaped 1735 1175 2825 2.663 0.484 0.120 0.023 14 1.7
S_parieto_occipital 3036 1979 3835 2.181 0.444 0.111 0.018 25 2.4
S_pericallosal 1838 1156 1893 1.950 0.658 0.110 0.019 20 1.4
S_postcentral 3048 2028 3703 1.973 0.382 0.099 0.017 21 2.1
S_precentral-inf-part 2635 1742 3824 2.446 0.325 0.101 0.017 17 1.8
S_precentral-sup-part 1548 1020 2055 2.331 0.464 0.089 0.013 7 0.9
S_suborbital 424 317 650 2.354 0.496 0.137 0.019 5 0.4
S_subparietal 1320 954 2186 2.456 0.449 0.131 0.026 13 1.5
S_temporal_inf 1827 1192 2227 2.297 0.404 0.099 0.016 9 1.3
S_temporal_sup 6716 4444 9886 2.409 0.395 0.098 0.016 42 4.7
S_temporal_transverse 367 260 508 2.509 0.327 0.114 0.016 2 0.3
