StructName NumVert SurfArea GrayVol ThickAvg ThickStd MeanCurv GausCurv FoldInd CurvInd
G_and_S_frontomargin 1274 942 2239 2.086 0.566 0.159 0.039 23 2.3
G_and_S_occipital_inf 1378 961 3194 2.710 0.653 0.133 0.029 16 1.6
G_and_S_paracentral 1681 966 2928 2.493 0.638 0.097 0.019 12 1.3
G_and_S_subcentral 2221 1463 3931 2.490 0.548 0.111 0.018 20 1.6
G_and_S_transv_frontopol 1401 1086 3382 2.549 0.601 0.152 0.030 24 1.7
G_and_S_cingul-Ant 3237 2294 6304 2.603 0.583 0.114 0.022 36 3.0
G_and_S_cingul-Mid-Ant 1806 1204 3376 2.777 0.439 0.104 0.020 13 1.5
G_and_S_cingul-Mid-Post 1637 1135 2986 2.621 0.474 0.127 0.028 15 1.9
G_cingul-Post-dorsal 506 337 1358 3.141 0.635 0.144 0.038 8 0.7
G_cingul-Post-ventral 320 205 606 2.402 0.861 0.098 0.017 2 0.3
G_cuneus 3052 2046 3990 1.755 0.512 0.136 0.026 36 3.5
G_front_inf-Opercular 1732 1114 4081 2.792 0.498 0.116 0.020 20 1.5
G_front_inf-Orbital 368 238 1147 3.279 0.478 0.118 0.020 4 0.3
G_front_inf-Triangul 1125 754 2626 2.739 0.489 0.134 0.025 15 1.2
G_front_middle 4713 3385 11657 2.653 0.531 0.137 0.024 69 4.9
G_front_sup 7851 5130 19092 2.961 0.570 0.114 0.022 71 7.4
G_Ins_lg_and_S_cent_ins 664 439 1630 3.632 0.639 0.100 0.025 5 0.5
G_insular_short 819 563 2240 3.202 0.759 0.125 0.026 12 1.0
G_occipital_middle 2800 1896 5814 2.415 0.545 0.131 0.027 39 2.8
G_occipital_sup 2126 1390 3651 2.242 0.491 0.140 0.029 28 2.5
G_oc-temp_lat-fusifor 2446 1634 5641 2.776 0.682 0.125 0.026 32 2.5
G_oc-temp_med-Lingual 3316 2275 4691 1.833 0.706 0.142 0.037 39 5.2
G_oc-temp_med-Parahip 1398 888 4520 3.556 0.837 0.104 0.024 12 1.2
G_orbital 3073 2147 7625 2.710 0.788 0.128 0.030 47 3.6
G_pariet_inf-Angular 3330 2231 7792 2.644 0.533 0.126 0.025 42 3.4
G_pariet_inf-Supramar 2906 1883 6257 2.709 0.410 0.108 0.020 31 2.3
G_parietal_sup 3125 2170 6273 2.353 0.416 0.129 0.024 39 3.2
G_postcentral 2620 1593 3857 2.016 0.541 0.104 0.020 25 2.2
G_precentral 3874 2211 8335 2.845 0.501 0.095 0.018 31 2.9
G_precuneus 3425 2227 6852 2.534 0.478 0.120 0.022 42 3.1
G_rectus 942 668 2187 2.505 0.505 0.142 0.035 16 1.4
G_subcallosal 680 442 1158 2.447 0.851 0.114 0.045 8 1.2
G_temp_sup-G_T_transv 567 310 966 2.519 0.483 0.101 0.024 6 0.4
G_temp_sup-Lateral 2229 1503 6617 3.232 0.643 0.121 0.022 27 2.0
G_temp_sup-Plan_polar 810 551 2362 3.835 0.825 0.100 0.019 6 0.6
G_temp_sup-Plan_tempo 1301 858 2355 2.525 0.433 0.092 0.016 9 0.9
G_temporal_inf 3098 2199 9548 3.156 0.663 0.129 0.028 43 3.7
G_temporal_middle 3288 2201 9528 3.094 0.692 0.120 0.023 40 3.0
Lat_Fis-ant-Horizont 357 242 456 2.061 0.390 0.085 0.009 1 0.1
Lat_Fis-ant-Vertical 312 215 485 2.713 0.356 0.083 0.010 1 0.1
Lat_Fis-post 1590 1053 2174 2.593 0.575 0.099 0.019 8 1.2
Pole_occipital 4246 2833 6184 1.964 0.618 0.151 0.037 56 6.6
Pole_temporal 1967 1513 7386 3.401 0.772 0.145 0.032 27 2.7
S_calcarine 2767 1865 3028 1.899 0.585 0.121 0.024 24 2.9
S_central 3333 2188 3401 1.750 0.554 0.088 0.014 16 2.0
S_cingul-Marginalis 1653 1074 2195 2.189 0.450 0.086 0.012 7 0.9
S_circular_insula_ant 678 455 935 2.460 0.467 0.107 0.019 3 0.6
S_circular_insula_inf 1561 1021 2332 2.817 0.629 0.078 0.012 4 0.9
S_circular_insula_sup 1437 956 2153 2.796 0.571 0.107 0.019 7 1.3
S_collat_transv_ant 1467 970 2387 2.578 0.436 0.079 0.010 6 0.6
S_collat_transv_post 751 512 908 2.215 0.356 0.128 0.027 6 0.8
S_front_inf 2469 1621 3066 2.120 0.358 0.098 0.016 14 1.7
S_front_middle 2515 1770 3516 1.998 0.485 0.112 0.020 18 2.1
S_front_sup 3138 2087 4793 2.435 0.468 0.096 0.017 16 2.2
S_interm_prim-Jensen 499 341 614 2.159 0.380 0.102 0.016 2 0.4
S_intrapariet_and_P_trans 3003 2056 4114 2.191 0.436 0.117 0.018 26 2.3
S_oc_middle_and_Lunatus 1005 678 1223 2.058 0.361 0.113 0.020 7 0.9
S_oc_sup_and_transversal 1866 1256 2445 2.128 0.380 0.116 0.021 14 1.6
S_occipital_ant 913 588 1570 2.450 0.717 0.094 0.016 6 0.6
S_oc-temp_lat 1510 991 2052 2.485 0.362 0.086 0.013 6 0.8
S_oc-temp_med_and_Lingual 2027 1333 2761 2.240 0.564 0.093 0.013 12 1.1
S_orbital_lateral 434 303 569 2.093 0.539 0.123 0.026 3 0.4
S_orbital_med-olfact 1113 726 1317 2.146 0.776 0.100 0.017 6 0.8
S_orbital-H_Shaped 1779 1202 2963 2.620 0.543 0.120 0.022 16 1.7
S_parieto_occipital 3043 1998 3817 2.237 0.530 0.111 0.017 23 2.3
S_pericallosal 1858 1180 2028 2.106 0.656 0.112 0.018 20 1.4
S_postcentral 3028 1972 3586 1.991 0.387 0.097 0.016 19 2.0
S_precentral-inf-part 2625 1729 3733 2.423 0.344 0.097 0.015 15 1.7
S_precentral-sup-part 1517 984 2055 2.402 0.436 0.086 0.012 6 0.8
S_suborbital 268 200 377 1.994 0.562 0.120 0.014 2 0.2
S_subparietal 1246 881 2065 2.522 0.425 0.126 0.024 13 1.2
S_temporal_inf 1802 1192 2279 2.369 0.459 0.099 0.015 10 1.1
S_temporal_sup 6736 4440 9899 2.387 0.452 0.095 0.015 40 4.3
S_temporal_transverse 405 283 545 2.380 0.504 0.108 0.011 2 0.3
