StructName NumVert SurfArea GrayVol ThickAvg ThickStd MeanCurv GausCurv FoldInd CurvInd
G_and_S_frontomargin 1017 777 1904 2.140 0.563 0.151 0.040 19 1.9
G_and_S_occipital_inf 1671 1159 3506 2.496 0.614 0.143 0.035 22 2.2
G_and_S_paracentral 1693 998 2988 2.457 0.641 0.098 0.019 14 1.3
G_and_S_subcentral 1952 1285 4048 2.873 0.435 0.120 0.026 20 1.9
G_and_S_transv_frontopol 1169 857 2418 2.330 0.533 0.148 0.032 19 1.6
G_and_S_cingul-Ant 3286 2315 5780 2.422 0.562 0.126 0.025 36 3.6
G_and_S_cingul-Mid-Ant 1537 1037 2743 2.552 0.534 0.112 0.019 15 1.2
G_and_S_cingul-Mid-Post 1762 1153 2935 2.484 0.505 0.107 0.019 13 1.4
G_cingul-Post-dorsal 613 421 1540 2.887 0.627 0.144 0.033 9 0.8
G_cingul-Post-ventral 347 230 651 2.337 0.615 0.134 0.035 5 0.5
G_cuneus 2666 1752 3068 1.666 0.442 0.145 0.036 36 4.0
G_front_inf-Opercular 1461 1016 3729 2.851 0.390 0.132 0.028 21 1.7
G_front_inf-Orbital 444 302 1021 2.564 0.337 0.131 0.024 5 0.5
G_front_inf-Triangul 683 501 1553 2.451 0.452 0.136 0.034 10 0.9
G_front_middle 4275 3260 10079 2.440 0.533 0.150 0.034 83 6.5
G_front_sup 7040 4901 16730 2.735 0.533 0.129 0.028 90 8.0
G_Ins_lg_and_S_cent_ins 770 517 1900 3.467 0.930 0.113 0.026 9 0.7
G_insular_short 901 609 2545 3.267 0.945 0.128 0.034 12 1.3
G_occipital_middle 3202 2100 6160 2.412 0.569 0.132 0.028 44 3.6
G_occipital_sup 1784 1152 2887 2.103 0.580 0.115 0.023 20 1.6
G_oc-temp_lat-fusifor 2139 1401 5430 3.041 0.725 0.129 0.032 31 2.6
G_oc-temp_med-Lingual 3410 2315 4453 1.734 0.611 0.137 0.039 46 5.3
G_oc-temp_med-Parahip 1524 971 4413 3.061 0.862 0.114 0.031 17 1.6
G_orbital 2914 2182 7591 2.752 0.558 0.153 0.039 53 5.0
G_pariet_inf-Angular 4230 2778 8636 2.499 0.467 0.126 0.029 59 4.6
G_pariet_inf-Supramar 2970 2021 7170 2.838 0.464 0.129 0.026 41 3.1
G_parietal_sup 2580 1788 5035 2.223 0.470 0.118 0.023 31 2.4
G_postcentral 2338 1453 3842 2.139 0.479 0.110 0.023 24 2.3
G_precentral 2839 1847 6733 2.789 0.442 0.113 0.022 27 2.5
G_precuneus 2749 1868 5759 2.469 0.514 0.143 0.035 43 3.8
G_rectus 951 674 2442 2.692 0.437 0.133 0.026 16 1.2
G_subcallosal 771 489 1351 2.714 0.940 0.103 0.029 7 0.8
G_temp_sup-G_T_transv 629 315 1105 2.603 0.301 0.105 0.023 8 0.5
G_temp_sup-Lateral 2390 1541 6299 3.021 0.658 0.117 0.028 31 2.5
G_temp_sup-Plan_polar 920 623 2477 3.355 0.839 0.094 0.025 5 0.9
G_temp_sup-Plan_tempo 1220 799 2179 2.625 0.377 0.099 0.015 9 0.8
G_temporal_inf 2778 1931 7877 3.001 0.763 0.135 0.034 43 3.5
G_temporal_middle 3574 2399 9983 3.123 0.604 0.121 0.029 49 3.8
Lat_Fis-ant-Horizont 442 288 504 2.167 0.512 0.097 0.011 2 0.2
Lat_Fis-ant-Vertical 230 160 335 2.409 0.339 0.093 0.013 1 0.1
Lat_Fis-post 1629 1080 2272 2.724 0.421 0.116 0.021 11 1.6
Pole_occipital 4046 2670 6136 1.924 0.661 0.141 0.034 50 5.6
Pole_temporal 1994 1499 7045 3.456 0.725 0.144 0.037 30 2.8
S_calcarine 2290 1529 2284 1.713 0.697 0.108 0.021 19 2.1
S_central 3486 2250 3997 2.050 0.591 0.086 0.014 14 2.2
S_cingul-Marginalis 1373 901 1763 2.169 0.433 0.085 0.013 5 0.8
S_circular_insula_ant 806 537 1196 2.668 0.479 0.114 0.024 5 0.9
S_circular_insula_inf 1625 1065 2403 2.614 0.713 0.078 0.012 5 0.9
S_circular_insula_sup 1836 1190 2454 2.468 0.508 0.094 0.016 8 1.3
S_collat_transv_ant 1165 792 2110 2.931 0.516 0.095 0.016 6 0.8
S_collat_transv_post 566 384 654 2.208 0.545 0.126 0.024 4 0.7
S_front_inf 1977 1333 2511 1.997 0.344 0.107 0.017 14 1.5
S_front_middle 2727 1917 4426 2.075 0.550 0.121 0.022 27 2.5
S_front_sup 3218 2127 4668 2.384 0.485 0.102 0.019 20 2.6
S_interm_prim-Jensen 456 319 569 2.323 0.422 0.114 0.019 3 0.5
S_intrapariet_and_P_trans 3674 2471 4822 2.068 0.431 0.101 0.017 23 2.7
S_oc_middle_and_Lunatus 1659 1094 1962 2.082 0.367 0.114 0.020 12 1.4
S_oc_sup_and_transversal 1355 934 1689 1.864 0.396 0.113 0.019 11 1.1
S_occipital_ant 1137 756 1532 2.129 0.408 0.105 0.020 7 1.0
S_oc-temp_lat 1232 848 1783 2.500 0.401 0.117 0.020 9 1.2
S_oc-temp_med_and_Lingual 2497 1673 3259 2.231 0.511 0.101 0.015 16 1.7
S_orbital_lateral 373 271 506 2.006 0.442 0.120 0.017 3 0.3
S_orbital_med-olfact 886 577 1077 2.018 0.641 0.103 0.017 5 0.7
S_orbital-H_Shaped 1282 903 2169 2.470 0.571 0.125 0.025 13 1.4
S_parieto_occipital 3033 1971 3722 2.131 0.491 0.111 0.019 22 2.5
S_pericallosal 2086 1390 2292 1.774 0.732 0.122 0.024 34 2.1
S_postcentral 3385 2200 4310 2.131 0.436 0.096 0.016 21 2.4
S_precentral-inf-part 2229 1467 3127 2.388 0.510 0.108 0.019 15 1.9
S_precentral-sup-part 1043 682 1386 2.337 0.407 0.094 0.014 6 0.7
S_suborbital 468 325 663 2.238 0.849 0.147 0.018 6 0.4
S_subparietal 1392 968 2011 2.250 0.428 0.119 0.026 11 1.4
S_temporal_inf 1661 1121 2535 2.715 0.521 0.109 0.018 10 1.4
S_temporal_sup 7654 5099 11126 2.443 0.433 0.100 0.016 48 5.1
S_temporal_transverse 382 260 458 2.387 0.250 0.114 0.019 3 0.3
