StructName NumVert SurfArea GrayVol ThickAvg ThickStd MeanCurv GausCurv FoldInd CurvInd
G_and_S_frontomargin 993 782 1903 2.070 0.631 0.145 0.035 14 1.6
G_and_S_occipital_inf 1648 1207 3613 2.437 0.558 0.145 0.035 22 2.1
G_and_S_paracentral 1704 1005 2927 2.409 0.581 0.099 0.020 13 1.4
G_and_S_subcentral 1979 1319 3972 2.773 0.492 0.120 0.024 19 2.0
G_and_S_transv_frontopol 1109 816 2194 2.230 0.499 0.153 0.034 17 1.7
G_and_S_cingul-Ant 3516 2487 6413 2.481 0.566 0.126 0.025 40 3.9
G_and_S_cingul-Mid-Ant 1549 1070 2721 2.429 0.530 0.118 0.019 16 1.3
G_and_S_cingul-Mid-Post 1646 1094 2761 2.476 0.524 0.104 0.019 11 1.2
G_cingul-Post-dorsal 592 411 1524 2.863 0.688 0.145 0.038 9 0.8
G_cingul-Post-ventral 369 243 643 2.176 0.655 0.141 0.047 6 0.8
G_cuneus 2631 1798 3181 1.686 0.452 0.148 0.033 35 3.8
G_front_inf-Opercular 1438 981 3640 2.834 0.411 0.124 0.026 19 1.6
G_front_inf-Orbital 421 286 982 2.581 0.358 0.131 0.028 5 0.5
G_front_inf-Triangul 702 522 1557 2.336 0.491 0.138 0.036 10 0.9
G_front_middle 4429 3326 9990 2.389 0.543 0.147 0.033 72 6.2
G_front_sup 6896 4890 16314 2.649 0.579 0.130 0.028 89 8.0
G_Ins_lg_and_S_cent_ins 855 560 2154 3.611 0.938 0.105 0.024 8 0.7
G_insular_short 780 526 2273 3.281 1.045 0.122 0.035 12 1.0
G_occipital_middle 3321 2274 6375 2.298 0.605 0.136 0.029 45 4.0
G_occipital_sup 1944 1244 2942 2.006 0.611 0.114 0.021 19 1.6
G_oc-temp_lat-fusifor 2177 1464 5396 2.945 0.750 0.134 0.031 31 2.7
G_oc-temp_med-Lingual 3322 2298 4437 1.729 0.607 0.137 0.036 42 5.2
G_oc-temp_med-Parahip 1523 946 4341 3.175 0.851 0.108 0.033 15 1.5
G_orbital 2844 2134 7532 2.732 0.632 0.150 0.035 50 4.5
G_pariet_inf-Angular 4263 2815 8430 2.432 0.503 0.126 0.029 55 4.8
G_pariet_inf-Supramar 3001 1965 6784 2.777 0.497 0.125 0.027 39 3.4
G_parietal_sup 2725 1814 4982 2.195 0.472 0.115 0.023 31 2.5
G_postcentral 2308 1446 3844 2.157 0.501 0.112 0.024 23 2.2
G_precentral 2909 1817 6641 2.808 0.467 0.108 0.022 26 2.5
G_precuneus 2816 1906 5624 2.413 0.540 0.143 0.037 42 4.3
G_rectus 989 693 2491 2.658 0.548 0.134 0.029 17 1.3
G_subcallosal 635 430 1209 2.790 0.861 0.111 0.031 8 0.7
G_temp_sup-G_T_transv 619 321 1099 2.675 0.336 0.113 0.026 9 0.6
G_temp_sup-Lateral 2391 1562 6163 2.957 0.674 0.116 0.025 29 2.4
G_temp_sup-Plan_polar 1121 754 2625 3.156 0.847 0.110 0.033 11 1.5
G_temp_sup-Plan_tempo 1240 802 2123 2.565 0.368 0.101 0.016 10 0.8
G_temporal_inf 2720 1945 7843 3.042 0.753 0.143 0.036 43 3.8
G_temporal_middle 3446 2376 9589 3.063 0.633 0.123 0.028 44 3.7
Lat_Fis-ant-Horizont 445 292 495 2.117 0.560 0.096 0.013 2 0.2
Lat_Fis-ant-Vertical 221 159 332 2.304 0.289 0.098 0.015 1 0.1
Lat_Fis-post 1688 1117 2369 2.728 0.467 0.109 0.020 10 1.6
Pole_occipital 4090 2727 6290 1.948 0.668 0.141 0.034 51 5.7
Pole_temporal 1959 1559 6863 3.197 0.754 0.157 0.042 31 3.5
S_calcarine 2357 1550 2240 1.645 0.669 0.102 0.020 17 2.1
S_central 3472 2242 3965 2.046 0.641 0.086 0.014 14 2.2
S_cingul-Marginalis 1375 913 1755 2.123 0.469 0.087 0.013 5 0.8
S_circular_insula_ant 818 531 1140 2.545 0.479 0.112 0.023 5 0.9
S_circular_insula_inf 1507 991 2082 2.480 0.711 0.079 0.013 4 0.9
S_circular_insula_sup 1871 1214 2464 2.416 0.542 0.093 0.015 8 1.3
S_collat_transv_ant 1215 831 2187 2.951 0.553 0.094 0.016 6 0.8
S_collat_transv_post 584 403 691 2.237 0.518 0.131 0.026 5 0.8
S_front_inf 2068 1387 2590 1.986 0.382 0.107 0.017 15 1.6
S_front_middle 2762 1955 4291 2.013 0.515 0.121 0.023 24 2.7
S_front_sup 3102 2086 4604 2.323 0.471 0.105 0.020 23 2.8
S_interm_prim-Jensen 414 300 562 2.351 0.412 0.113 0.021 2 0.4
S_intrapariet_and_P_trans 3657 2438 4765 2.055 0.414 0.099 0.017 22 2.7
S_oc_middle_and_Lunatus 1625 1079 1748 1.968 0.394 0.118 0.019 12 1.5
S_oc_sup_and_transversal 1096 740 1383 1.923 0.402 0.113 0.019 9 0.9
S_occipital_ant 1124 775 1554 2.104 0.402 0.110 0.020 8 1.0
S_oc-temp_lat 1212 844 1791 2.536 0.489 0.120 0.020 10 1.2
S_oc-temp_med_and_Lingual 2462 1656 3134 2.193 0.502 0.101 0.015 15 1.7
S_orbital_lateral 378 277 498 1.889 0.380 0.118 0.016 3 0.3
S_orbital_med-olfact 928 651 1262 2.154 0.702 0.119 0.023 7 1.0
S_orbital-H_Shaped 1258 872 2227 2.544 0.695 0.123 0.025 10 1.4
S_parieto_occipital 3011 1959 3605 2.106 0.479 0.110 0.021 21 2.6
S_pericallosal 1869 1275 1969 1.725 0.622 0.131 0.027 33 2.3
S_postcentral 3294 2170 4157 2.096 0.435 0.098 0.017 21 2.3
S_precentral-inf-part 1994 1319 2823 2.390 0.489 0.105 0.019 12 1.6
S_precentral-sup-part 1070 699 1431 2.261 0.450 0.091 0.014 5 0.7
S_suborbital 474 327 621 2.191 0.769 0.151 0.022 6 0.5
S_subparietal 1363 936 1924 2.253 0.446 0.118 0.025 10 1.3
S_temporal_inf 1516 1031 2148 2.616 0.429 0.113 0.018 9 1.4
S_temporal_sup 7448 4936 10507 2.373 0.433 0.099 0.016 47 5.1
S_temporal_transverse 342 235 428 2.440 0.310 0.112 0.019 2 0.2
