StructName NumVert SurfArea GrayVol ThickAvg ThickStd MeanCurv GausCurv FoldInd CurvInd
G_and_S_frontomargin 1148 899 2415 2.131 0.696 0.160 0.035 18 2.1
G_and_S_occipital_inf 1296 914 2871 2.689 0.644 0.137 0.028 17 1.5
G_and_S_paracentral 1591 969 2605 2.300 0.550 0.115 0.026 15 1.7
G_and_S_subcentral 1716 1182 3848 2.820 0.492 0.133 0.027 21 2.0
G_and_S_transv_frontopol 1242 964 2915 2.401 0.605 0.167 0.041 25 2.4
G_and_S_cingul-Ant 3255 2312 6846 2.692 0.619 0.118 0.024 31 3.1
G_and_S_cingul-Mid-Ant 1711 1104 3005 2.609 0.462 0.113 0.018 15 1.3
G_and_S_cingul-Mid-Post 1629 1086 2917 2.528 0.502 0.119 0.025 14 1.7
G_cingul-Post-dorsal 518 349 1344 2.928 0.592 0.147 0.031 8 0.7
G_cingul-Post-ventral 368 238 899 2.857 0.697 0.131 0.027 5 0.4
G_cuneus 2632 1815 3291 1.700 0.468 0.150 0.033 34 3.8
G_front_inf-Opercular 1376 961 3854 3.057 0.545 0.122 0.026 17 1.5
G_front_inf-Orbital 382 279 1063 2.809 0.619 0.141 0.036 5 0.5
G_front_inf-Triangul 686 503 1663 2.572 0.480 0.131 0.027 10 0.8
G_front_middle 4796 3473 11953 2.605 0.547 0.147 0.032 82 6.4
G_front_sup 7489 5044 18821 2.921 0.652 0.119 0.025 83 7.7
G_Ins_lg_and_S_cent_ins 703 490 1768 3.415 1.001 0.141 0.046 11 1.3
G_insular_short 669 448 2200 3.498 0.980 0.123 0.029 10 0.7
G_occipital_middle 2798 1892 6556 2.679 0.528 0.136 0.032 40 3.6
G_occipital_sup 1954 1316 3546 2.192 0.556 0.140 0.029 27 2.3
G_oc-temp_lat-fusifor 1869 1251 4489 2.801 0.788 0.129 0.029 25 2.2
G_oc-temp_med-Lingual 4058 2769 5711 1.809 0.645 0.141 0.036 53 5.9
G_oc-temp_med-Parahip 1237 805 3217 2.756 0.925 0.124 0.032 16 1.7
G_orbital 2650 1892 7208 2.861 0.662 0.141 0.035 45 3.5
G_pariet_inf-Angular 4009 2776 9923 2.749 0.593 0.139 0.027 66 4.5
G_pariet_inf-Supramar 2737 1837 6574 2.915 0.555 0.124 0.024 35 2.6
G_parietal_sup 2695 1865 5115 2.254 0.526 0.129 0.024 34 2.8
G_postcentral 2560 1566 4002 2.071 0.583 0.105 0.020 23 2.1
G_precentral 3154 1777 7860 3.053 0.565 0.100 0.020 28 2.6
G_precuneus 2760 1862 5807 2.480 0.471 0.133 0.026 39 2.9
G_rectus 803 609 2284 2.724 0.623 0.146 0.046 21 1.4
G_subcallosal 477 366 913 2.619 0.811 0.166 0.062 6 1.4
G_temp_sup-G_T_transv 384 209 734 2.752 0.415 0.086 0.017 3 0.2
G_temp_sup-Lateral 1973 1260 6066 3.387 0.592 0.118 0.025 27 2.0
G_temp_sup-Plan_polar 615 440 1809 3.708 0.701 0.097 0.024 3 0.6
G_temp_sup-Plan_tempo 748 498 1423 2.697 0.510 0.089 0.011 4 0.4
G_temporal_inf 2052 1352 5436 2.907 0.730 0.123 0.029 27 2.3
G_temporal_middle 3373 2313 10691 3.257 0.646 0.128 0.025 46 3.5
Lat_Fis-ant-Horizont 343 222 353 1.774 0.464 0.102 0.012 2 0.2
Lat_Fis-ant-Vertical 124 90 252 3.080 0.343 0.139 0.025 1 0.1
Lat_Fis-post 1416 934 1844 2.465 0.491 0.117 0.023 10 1.5
Pole_occipital 4363 2912 6096 1.927 0.550 0.144 0.033 56 6.2
Pole_temporal 1423 1133 5681 3.400 0.882 0.155 0.046 22 2.7
S_calcarine 2923 1991 2899 1.728 0.575 0.128 0.029 28 3.5
S_central 3111 2039 3341 1.859 0.578 0.095 0.017 16 2.2
S_cingul-Marginalis 1587 1051 2235 2.269 0.441 0.091 0.014 7 0.9
S_circular_insula_ant 607 421 1037 3.033 0.658 0.125 0.030 6 0.7
S_circular_insula_inf 1258 801 1869 2.825 0.703 0.072 0.012 4 0.6
S_circular_insula_sup 1285 837 1842 2.765 0.386 0.098 0.020 5 1.1
S_collat_transv_ant 901 585 1416 2.507 0.479 0.086 0.010 4 0.4
S_collat_transv_post 642 429 831 2.375 0.446 0.116 0.025 4 0.8
S_front_inf 1996 1386 2671 2.112 0.455 0.121 0.023 19 2.0
S_front_middle 2491 1715 3145 1.978 0.396 0.116 0.021 18 2.2
S_front_sup 2720 1817 4216 2.458 0.434 0.093 0.015 15 1.7
S_interm_prim-Jensen 323 225 489 2.773 0.308 0.141 0.024 3 0.4
S_intrapariet_and_P_trans 4439 2964 6343 2.206 0.399 0.108 0.018 34 3.3
S_oc_middle_and_Lunatus 1256 855 1568 2.145 0.342 0.116 0.022 9 1.2
S_oc_sup_and_transversal 1794 1193 2198 1.961 0.354 0.122 0.022 15 1.7
S_occipital_ant 865 615 1497 2.411 0.474 0.121 0.024 7 0.9
S_oc-temp_lat 894 597 1261 2.423 0.371 0.091 0.015 4 0.5
S_oc-temp_med_and_Lingual 2317 1567 3155 2.291 0.564 0.108 0.018 17 1.6
S_orbital_lateral 408 288 529 2.126 0.400 0.115 0.026 2 0.4
S_orbital_med-olfact 675 459 848 1.960 0.603 0.114 0.020 5 0.5
S_orbital-H_Shaped 1389 998 2515 2.663 0.611 0.141 0.031 20 2.1
S_parieto_occipital 2306 1517 3139 2.302 0.505 0.104 0.018 15 1.8
S_pericallosal 1421 911 1201 1.704 0.462 0.135 0.022 23 1.3
S_postcentral 2827 1852 3577 2.189 0.516 0.100 0.016 16 2.0
S_precentral-inf-part 2044 1326 3147 2.585 0.455 0.089 0.014 10 1.2
S_precentral-sup-part 1730 1142 2734 2.506 0.411 0.099 0.014 11 0.9
S_suborbital 433 298 580 2.063 0.637 0.129 0.015 4 0.3
S_subparietal 1204 835 1879 2.440 0.380 0.119 0.024 9 1.1
S_temporal_inf 1449 976 2251 2.679 0.555 0.104 0.018 8 1.3
S_temporal_sup 7753 5149 12446 2.629 0.457 0.100 0.016 47 5.3
S_temporal_transverse 216 155 370 2.682 0.424 0.109 0.013 1 0.2
