StructName NumVert SurfArea GrayVol ThickAvg ThickStd MeanCurv GausCurv FoldInd CurvInd
G_and_S_frontomargin 962 741 2019 2.224 0.721 0.156 0.042 18 1.8
G_and_S_occipital_inf 1538 1071 3360 2.497 0.594 0.142 0.033 20 1.9
G_and_S_paracentral 1674 988 2762 2.339 0.541 0.102 0.022 12 1.4
G_and_S_subcentral 1980 1293 3868 2.666 0.478 0.118 0.023 21 1.8
G_and_S_transv_frontopol 1035 749 2205 2.367 0.561 0.144 0.035 15 1.6
G_and_S_cingul-Ant 3496 2429 6067 2.398 0.552 0.121 0.025 35 3.7
G_and_S_cingul-Mid-Ant 1589 1087 2819 2.524 0.496 0.115 0.021 14 1.4
G_and_S_cingul-Mid-Post 1741 1146 2863 2.474 0.483 0.106 0.020 11 1.4
G_cingul-Post-dorsal 545 394 1349 2.700 0.674 0.153 0.042 9 0.9
G_cingul-Post-ventral 331 218 618 2.256 0.706 0.129 0.038 5 0.4
G_cuneus 2566 1690 2954 1.637 0.441 0.141 0.034 32 3.6
G_front_inf-Opercular 1464 996 3661 2.803 0.368 0.123 0.024 20 1.4
G_front_inf-Orbital 412 303 1015 2.505 0.385 0.137 0.026 5 0.5
G_front_inf-Triangul 677 499 1510 2.319 0.536 0.144 0.041 11 1.0
G_front_middle 4551 3341 10527 2.440 0.565 0.146 0.034 75 6.9
G_front_sup 6977 4803 16541 2.716 0.561 0.127 0.028 85 7.9
G_Ins_lg_and_S_cent_ins 944 627 2157 3.273 0.956 0.107 0.028 9 0.9
G_insular_short 743 493 2271 3.408 0.932 0.116 0.030 11 0.8
G_occipital_middle 3024 2102 6089 2.378 0.593 0.144 0.030 43 4.0
G_occipital_sup 1857 1235 2901 1.990 0.568 0.119 0.024 20 1.7
G_oc-temp_lat-fusifor 2128 1428 5182 2.877 0.715 0.137 0.034 31 2.9
G_oc-temp_med-Lingual 3326 2162 4142 1.721 0.589 0.131 0.038 44 5.0
G_oc-temp_med-Parahip 1736 1123 4638 3.011 0.916 0.115 0.035 18 2.1
G_orbital 2776 2055 7179 2.702 0.623 0.151 0.039 52 4.3
G_pariet_inf-Angular 3873 2590 7702 2.435 0.488 0.124 0.028 50 4.0
G_pariet_inf-Supramar 2921 1973 6974 2.810 0.509 0.129 0.027 41 3.4
G_parietal_sup 2478 1722 4792 2.200 0.495 0.120 0.022 29 2.2
G_postcentral 2327 1407 3899 2.197 0.488 0.109 0.025 23 2.3
G_precentral 2969 1873 6629 2.756 0.454 0.109 0.022 27 2.7
G_precuneus 2812 1862 5539 2.411 0.515 0.139 0.035 39 4.2
G_rectus 984 659 2218 2.534 0.550 0.121 0.030 14 1.1
G_subcallosal 701 444 1204 2.709 0.912 0.102 0.031 15 1.0
G_temp_sup-G_T_transv 639 324 1038 2.560 0.372 0.103 0.026 7 0.6
G_temp_sup-Lateral 2409 1565 6177 2.956 0.620 0.122 0.026 30 2.6
G_temp_sup-Plan_polar 743 512 2198 3.524 0.695 0.090 0.021 3 0.6
G_temp_sup-Plan_tempo 1142 757 2033 2.610 0.416 0.100 0.016 8 0.8
G_temporal_inf 2610 1872 7676 3.036 0.750 0.139 0.035 40 3.5
G_temporal_middle 3410 2336 9283 2.975 0.658 0.123 0.028 41 3.5
Lat_Fis-ant-Horizont 406 264 428 1.969 0.511 0.100 0.011 2 0.2
Lat_Fis-ant-Vertical 244 170 356 2.196 0.330 0.088 0.012 1 0.1
Lat_Fis-post 1679 1099 2327 2.688 0.463 0.109 0.020 11 1.5
Pole_occipital 4041 2626 6553 2.055 0.723 0.141 0.032 51 5.4
Pole_temporal 1934 1497 7056 3.240 0.780 0.154 0.040 31 3.2
S_calcarine 2262 1511 2220 1.693 0.683 0.107 0.021 18 2.1
S_central 3397 2189 3834 2.012 0.607 0.088 0.014 15 2.1
S_cingul-Marginalis 1340 882 1606 1.971 0.506 0.090 0.016 5 0.9
S_circular_insula_ant 753 501 1132 2.626 0.677 0.110 0.023 4 0.8
S_circular_insula_inf 1572 1030 2275 2.549 0.791 0.077 0.013 4 1.0
S_circular_insula_sup 1931 1255 2469 2.353 0.475 0.097 0.016 9 1.4
S_collat_transv_ant 1128 783 1971 2.837 0.570 0.094 0.016 5 0.7
S_collat_transv_post 526 362 616 2.183 0.449 0.128 0.024 4 0.6
S_front_inf 2039 1383 2530 1.910 0.383 0.107 0.017 15 1.5
S_front_middle 2611 1840 3782 1.929 0.515 0.120 0.022 23 2.4
S_front_sup 3066 2056 4461 2.309 0.439 0.103 0.019 22 2.6
S_interm_prim-Jensen 448 320 615 2.329 0.379 0.120 0.021 3 0.5
S_intrapariet_and_P_trans 3708 2468 4869 2.063 0.445 0.098 0.016 21 2.6
S_oc_middle_and_Lunatus 1728 1147 1833 1.912 0.441 0.117 0.019 13 1.5
S_oc_sup_and_transversal 1499 1025 1799 1.796 0.434 0.119 0.022 14 1.4
S_occipital_ant 1204 812 1686 2.076 0.448 0.109 0.021 9 1.1
S_oc-temp_lat 1128 778 1583 2.386 0.426 0.116 0.020 8 1.0
S_oc-temp_med_and_Lingual 2562 1708 3169 2.124 0.526 0.100 0.015 16 1.7
S_orbital_lateral 369 255 405 1.753 0.452 0.119 0.019 3 0.3
S_orbital_med-olfact 822 537 943 1.970 0.633 0.102 0.018 5 0.6
S_orbital-H_Shaped 1214 838 2062 2.514 0.679 0.124 0.026 11 1.3
S_parieto_occipital 2969 1929 3497 2.070 0.472 0.110 0.020 21 2.5
S_pericallosal 1871 1263 1940 1.856 0.754 0.126 0.028 30 2.2
S_postcentral 3309 2149 4058 2.055 0.427 0.098 0.018 21 2.6
S_precentral-inf-part 2249 1477 3115 2.342 0.483 0.105 0.021 14 1.9
S_precentral-sup-part 1090 711 1499 2.392 0.452 0.091 0.013 6 0.6
S_suborbital 418 306 613 2.270 0.802 0.160 0.025 5 0.5
S_subparietal 1384 981 2037 2.200 0.409 0.121 0.026 11 1.3
S_temporal_inf 1547 1051 2188 2.556 0.472 0.111 0.018 9 1.4
S_temporal_sup 7434 4946 10472 2.358 0.441 0.100 0.016 46 5.0
S_temporal_transverse 305 228 398 2.442 0.299 0.131 0.022 2 0.2
