StructName NumVert SurfArea GrayVol ThickAvg ThickStd MeanCurv GausCurv FoldInd CurvInd
G_and_S_frontomargin 1115 878 2297 2.110 0.670 0.156 0.033 18 1.6
G_and_S_occipital_inf 1150 821 2758 2.687 0.594 0.131 0.031 15 1.3
G_and_S_paracentral 1600 1021 2675 2.261 0.613 0.132 0.046 19 2.7
G_and_S_subcentral 1906 1297 3717 2.446 0.792 0.146 0.049 35 3.8
G_and_S_transv_frontopol 1311 976 3167 2.529 0.653 0.154 0.040 23 2.0
G_and_S_cingul-Ant 3384 2477 7291 2.560 0.609 0.126 0.032 36 4.0
G_and_S_cingul-Mid-Ant 1775 1196 3129 2.568 0.577 0.117 0.024 15 1.8
G_and_S_cingul-Mid-Post 1653 1138 3188 2.521 0.607 0.118 0.028 14 1.7
G_cingul-Post-dorsal 574 428 1576 2.813 0.887 0.170 0.044 12 0.9
G_cingul-Post-ventral 400 266 1066 2.973 0.630 0.121 0.028 4 0.4
G_cuneus 2573 1791 3724 1.891 0.547 0.146 0.037 37 3.5
G_front_inf-Opercular 1297 952 3853 2.984 0.536 0.131 0.032 19 1.7
G_front_inf-Orbital 427 293 1212 2.777 0.655 0.139 0.043 6 0.6
G_front_inf-Triangul 689 473 1721 2.676 0.573 0.119 0.032 9 0.7
G_front_middle 4431 3250 12889 2.816 0.660 0.144 0.038 76 6.1
G_front_sup 7484 5285 19509 2.868 0.712 0.127 0.032 103 9.4
G_Ins_lg_and_S_cent_ins 649 501 1863 3.489 1.057 0.141 0.046 9 0.9
G_insular_short 556 450 2253 3.580 0.972 0.164 0.049 10 1.1
G_occipital_middle 2823 1932 7057 2.723 0.650 0.138 0.034 49 3.5
G_occipital_sup 1860 1253 3589 2.252 0.611 0.135 0.031 28 2.0
G_oc-temp_lat-fusifor 1940 1324 4985 2.854 0.691 0.133 0.036 29 2.6
G_oc-temp_med-Lingual 3829 2685 6147 1.961 0.660 0.138 0.037 48 5.4
G_oc-temp_med-Parahip 1336 911 3449 2.779 0.777 0.130 0.049 19 2.4
G_orbital 2873 2146 7315 2.521 0.803 0.144 0.043 47 4.3
G_pariet_inf-Angular 3995 2718 9726 2.705 0.640 0.140 0.032 75 4.9
G_pariet_inf-Supramar 3157 2107 6107 2.396 0.804 0.134 0.040 48 5.5
G_parietal_sup 2980 2039 6002 2.311 0.590 0.127 0.026 44 3.3
G_postcentral 2786 1742 4093 1.980 0.616 0.114 0.032 29 3.5
G_precentral 3092 1913 8209 2.985 0.637 0.108 0.029 36 2.9
G_precuneus 2687 1934 6079 2.479 0.477 0.136 0.029 44 3.0
G_rectus 940 723 2409 2.525 0.665 0.150 0.051 23 1.8
G_subcallosal 459 296 795 2.484 0.832 0.113 0.045 6 0.5
G_temp_sup-G_T_transv 325 207 730 2.783 0.444 0.106 0.027 3 0.3
G_temp_sup-Lateral 2045 1359 6491 3.293 0.667 0.116 0.031 25 2.1
G_temp_sup-Plan_polar 800 542 1896 3.208 0.890 0.101 0.026 5 0.9
G_temp_sup-Plan_tempo 795 517 1459 2.516 0.537 0.088 0.014 5 0.4
G_temporal_inf 2089 1408 5609 2.826 0.842 0.127 0.036 28 2.9
G_temporal_middle 3283 2320 11048 3.247 0.679 0.127 0.030 48 3.5
Lat_Fis-ant-Horizont 292 195 307 1.748 0.375 0.115 0.019 2 0.3
Lat_Fis-ant-Vertical 170 123 312 2.660 0.336 0.149 0.033 2 0.2
Lat_Fis-post 1407 912 1855 2.500 0.497 0.106 0.022 8 1.3
Pole_occipital 4662 3026 6176 1.907 0.559 0.134 0.034 59 6.5
Pole_temporal 1455 1172 5897 3.308 0.849 0.150 0.039 20 2.4
S_calcarine 2760 1922 3446 2.038 0.589 0.116 0.027 23 3.2
S_central 3236 2114 3653 1.971 0.591 0.092 0.017 14 2.4
S_cingul-Marginalis 1520 996 2129 2.293 0.419 0.089 0.014 7 0.9
S_circular_insula_ant 607 410 1028 2.859 0.739 0.121 0.028 5 0.7
S_circular_insula_inf 1136 720 1565 2.564 0.656 0.075 0.014 4 0.7
S_circular_insula_sup 1396 908 1906 2.480 0.466 0.102 0.023 7 1.3
S_collat_transv_ant 950 617 1545 2.526 0.449 0.088 0.013 4 0.6
S_collat_transv_post 658 433 860 2.334 0.417 0.113 0.024 4 0.7
S_front_inf 1970 1388 2970 2.259 0.512 0.123 0.027 19 2.3
S_front_middle 2588 1810 3556 1.986 0.473 0.118 0.024 19 2.7
S_front_sup 3194 2107 4807 2.346 0.502 0.100 0.019 20 2.5
S_interm_prim-Jensen 471 315 751 2.687 0.554 0.123 0.023 3 0.5
S_intrapariet_and_P_trans 4220 2848 5962 2.086 0.417 0.105 0.018 30 3.2
S_oc_middle_and_Lunatus 1338 898 1614 2.038 0.353 0.112 0.022 9 1.3
S_oc_sup_and_transversal 1880 1234 2371 2.005 0.333 0.115 0.021 14 1.8
S_occipital_ant 951 655 1588 2.415 0.392 0.116 0.025 9 1.0
S_oc-temp_lat 1159 750 1834 2.487 0.490 0.096 0.019 7 0.8
S_oc-temp_med_and_Lingual 2314 1569 3310 2.347 0.478 0.108 0.020 16 1.8
S_orbital_lateral 390 279 501 2.021 0.428 0.116 0.026 2 0.4
S_orbital_med-olfact 883 593 1161 2.206 0.488 0.111 0.021 7 0.7
S_orbital-H_Shaped 1575 1134 2871 2.401 0.672 0.130 0.029 16 2.0
S_parieto_occipital 2278 1514 3251 2.294 0.429 0.100 0.018 14 1.8
S_pericallosal 1564 972 1286 1.598 0.510 0.129 0.025 22 1.5
S_postcentral 3036 1999 3917 2.172 0.471 0.101 0.018 18 2.4
S_precentral-inf-part 2080 1356 3380 2.691 0.415 0.089 0.016 10 1.4
S_precentral-sup-part 1811 1176 2794 2.460 0.451 0.101 0.018 12 1.4
S_suborbital 422 289 590 2.213 0.771 0.125 0.018 3 0.4
S_subparietal 1143 812 1791 2.315 0.411 0.119 0.024 10 1.0
S_temporal_inf 1730 1141 2723 2.511 0.650 0.101 0.018 9 1.4
S_temporal_sup 7971 5271 12635 2.538 0.484 0.098 0.018 46 6.2
S_temporal_transverse 224 160 378 2.508 0.404 0.102 0.017 1 0.2
