StructName NumVert SurfArea GrayVol ThickAvg ThickStd MeanCurv GausCurv FoldInd CurvInd
G_and_S_frontomargin 993 775 2046 2.221 0.627 0.148 0.039 14 1.7
G_and_S_occipital_inf 1596 1168 3340 2.390 0.569 0.150 0.036 21 2.2
G_and_S_paracentral 1709 999 2921 2.425 0.594 0.103 0.020 14 1.4
G_and_S_subcentral 1926 1252 3684 2.743 0.483 0.121 0.026 20 2.0
G_and_S_transv_frontopol 1064 775 2179 2.347 0.544 0.149 0.034 16 1.6
G_and_S_cingul-Ant 3498 2442 6292 2.513 0.566 0.125 0.025 39 3.8
G_and_S_cingul-Mid-Ant 1523 1065 2777 2.491 0.478 0.117 0.019 15 1.2
G_and_S_cingul-Mid-Post 1738 1174 3030 2.527 0.450 0.110 0.021 13 1.4
G_cingul-Post-dorsal 549 402 1471 2.867 0.705 0.155 0.041 9 0.8
G_cingul-Post-ventral 325 226 588 2.121 0.614 0.148 0.037 5 0.5
G_cuneus 2554 1718 2906 1.600 0.414 0.144 0.034 32 3.8
G_front_inf-Opercular 1455 1001 3721 2.845 0.442 0.128 0.025 19 1.6
G_front_inf-Orbital 458 326 1125 2.574 0.372 0.138 0.028 7 0.5
G_front_inf-Triangul 672 502 1512 2.420 0.474 0.137 0.037 9 1.0
G_front_middle 4121 3045 9609 2.439 0.598 0.143 0.035 69 5.9
G_front_sup 7039 4862 16516 2.711 0.563 0.126 0.027 86 7.5
G_Ins_lg_and_S_cent_ins 757 506 1713 3.342 0.891 0.116 0.030 9 0.7
G_insular_short 823 551 2301 3.153 0.925 0.118 0.030 12 0.9
G_occipital_middle 3275 2206 6303 2.361 0.581 0.138 0.029 43 4.1
G_occipital_sup 1772 1205 2867 2.024 0.560 0.124 0.025 20 1.8
G_oc-temp_lat-fusifor 2108 1405 5181 2.917 0.808 0.133 0.032 28 2.7
G_oc-temp_med-Lingual 3479 2255 4163 1.670 0.618 0.135 0.039 49 5.5
G_oc-temp_med-Parahip 1591 984 4317 3.114 0.865 0.109 0.032 16 1.8
G_orbital 2715 2060 7094 2.725 0.629 0.151 0.035 49 4.0
G_pariet_inf-Angular 3975 2604 7724 2.441 0.497 0.123 0.027 49 4.2
G_pariet_inf-Supramar 3043 2066 7099 2.752 0.496 0.124 0.025 38 3.0
G_parietal_sup 2568 1800 4852 2.150 0.456 0.122 0.023 33 2.4
G_postcentral 2375 1444 3680 2.087 0.513 0.111 0.025 23 2.3
G_precentral 2821 1756 6616 2.852 0.478 0.107 0.021 25 2.3
G_precuneus 2864 1920 5668 2.422 0.505 0.138 0.034 41 3.8
G_rectus 1000 674 2370 2.620 0.585 0.123 0.030 14 1.2
G_subcallosal 681 472 1232 2.703 0.882 0.118 0.034 6 0.9
G_temp_sup-G_T_transv 630 307 1037 2.628 0.298 0.110 0.028 9 0.7
G_temp_sup-Lateral 2368 1535 6220 2.994 0.677 0.119 0.025 29 2.4
G_temp_sup-Plan_polar 950 635 2361 3.240 0.855 0.090 0.026 4 0.9
G_temp_sup-Plan_tempo 1156 770 1940 2.447 0.393 0.101 0.016 9 0.8
G_temporal_inf 2650 1864 7838 3.088 0.834 0.134 0.032 39 3.3
G_temporal_middle 3467 2414 9714 3.081 0.583 0.126 0.029 45 3.7
Lat_Fis-ant-Horizont 422 275 445 1.970 0.443 0.100 0.013 2 0.2
Lat_Fis-ant-Vertical 224 161 343 2.281 0.397 0.098 0.013 1 0.1
Lat_Fis-post 1701 1119 2347 2.690 0.434 0.109 0.020 11 1.5
Pole_occipital 4061 2704 6509 1.986 0.735 0.142 0.033 49 5.5
Pole_temporal 2008 1519 6856 3.344 0.710 0.149 0.037 30 3.0
S_calcarine 2313 1543 2292 1.706 0.716 0.107 0.023 17 2.3
S_central 3426 2232 3870 2.026 0.609 0.090 0.016 15 2.3
S_cingul-Marginalis 1339 905 1706 2.078 0.437 0.089 0.014 5 0.9
S_circular_insula_ant 856 567 1345 2.680 0.560 0.119 0.025 7 1.0
S_circular_insula_inf 1603 1055 2374 2.580 0.743 0.076 0.012 5 0.8
S_circular_insula_sup 1962 1301 2639 2.420 0.509 0.100 0.017 9 1.5
S_collat_transv_ant 1150 790 2061 2.899 0.548 0.093 0.015 5 0.7
S_collat_transv_post 611 415 687 2.153 0.539 0.124 0.024 5 0.7
S_front_inf 1972 1347 2596 2.032 0.358 0.107 0.018 15 1.5
S_front_middle 2850 2041 4544 2.002 0.546 0.123 0.023 29 2.9
S_front_sup 3037 2032 4365 2.343 0.418 0.102 0.019 21 2.5
S_interm_prim-Jensen 409 298 546 2.397 0.486 0.117 0.019 2 0.4
S_intrapariet_and_P_trans 3739 2485 4832 2.045 0.421 0.098 0.017 22 2.7
S_oc_middle_and_Lunatus 1602 1081 1762 1.940 0.384 0.118 0.020 12 1.5
S_oc_sup_and_transversal 1447 1010 1851 1.873 0.461 0.116 0.020 12 1.1
S_occipital_ant 1124 764 1510 2.081 0.400 0.108 0.021 8 1.1
S_oc-temp_lat 1227 855 1774 2.490 0.436 0.122 0.021 10 1.2
S_oc-temp_med_and_Lingual 2551 1714 3191 2.183 0.511 0.101 0.015 16 1.7
S_orbital_lateral 391 268 500 1.991 0.453 0.111 0.017 3 0.3
S_orbital_med-olfact 920 610 1257 2.299 0.705 0.105 0.019 6 0.7
S_orbital-H_Shaped 1266 879 2140 2.481 0.634 0.124 0.026 12 1.4
S_parieto_occipital 2879 1879 3470 2.118 0.475 0.111 0.019 21 2.3
S_pericallosal 1839 1255 1944 1.844 0.776 0.127 0.025 29 2.1
S_postcentral 3295 2168 4090 2.082 0.443 0.098 0.017 21 2.4
S_precentral-inf-part 2180 1442 3139 2.437 0.486 0.106 0.019 14 1.8
S_precentral-sup-part 1077 718 1513 2.414 0.457 0.092 0.013 5 0.7
S_suborbital 463 331 696 2.397 0.860 0.150 0.019 5 0.4
S_subparietal 1389 950 1937 2.277 0.406 0.118 0.025 11 1.3
S_temporal_inf 1603 1090 2246 2.677 0.445 0.111 0.018 9 1.4
S_temporal_sup 7624 5082 10867 2.384 0.448 0.101 0.016 49 5.1
S_temporal_transverse 343 250 455 2.474 0.256 0.125 0.020 3 0.2
