StructName NumVert SurfArea GrayVol ThickAvg ThickStd MeanCurv GausCurv FoldInd CurvInd
G_and_S_frontomargin 967 775 2433 2.579 0.685 0.162 0.040 14 1.9
G_and_S_occipital_inf 1232 898 2740 2.621 0.548 0.136 0.028 16 1.4
G_and_S_paracentral 1604 944 2395 2.197 0.621 0.112 0.027 15 1.8
G_and_S_subcentral 1707 1171 3943 2.899 0.507 0.130 0.025 20 1.8
G_and_S_transv_frontopol 1115 944 3109 2.751 0.565 0.178 0.043 23 2.3
G_and_S_cingul-Ant 3199 2234 6745 2.850 0.541 0.113 0.022 28 2.7
G_and_S_cingul-Mid-Ant 1697 1121 3052 2.686 0.501 0.115 0.017 14 1.3
G_and_S_cingul-Mid-Post 1561 1062 2923 2.581 0.538 0.119 0.023 13 1.5
G_cingul-Post-dorsal 591 394 1510 2.984 0.724 0.149 0.029 10 0.6
G_cingul-Post-ventral 331 214 769 2.865 0.660 0.124 0.027 4 0.3
G_cuneus 2658 1784 3037 1.617 0.455 0.143 0.033 33 3.8
G_front_inf-Opercular 1310 915 3668 3.041 0.516 0.123 0.026 15 1.4
G_front_inf-Orbital 464 352 1363 2.829 0.615 0.139 0.035 7 0.6
G_front_inf-Triangul 610 431 1489 2.713 0.483 0.129 0.025 9 0.6
G_front_middle 4134 3077 10605 2.627 0.489 0.147 0.033 74 5.5
G_front_sup 7472 5007 17996 2.892 0.622 0.119 0.025 81 7.8
G_Ins_lg_and_S_cent_ins 662 458 1800 3.582 0.946 0.122 0.029 7 0.6
G_insular_short 588 437 2331 3.689 0.923 0.134 0.035 8 0.9
G_occipital_middle 2649 1889 6218 2.608 0.477 0.143 0.031 39 3.4
G_occipital_sup 1938 1246 3374 2.198 0.614 0.136 0.028 25 2.2
G_oc-temp_lat-fusifor 1877 1283 4392 2.734 0.741 0.130 0.033 25 2.6
G_oc-temp_med-Lingual 4022 2876 5104 1.615 0.554 0.150 0.037 54 6.4
G_oc-temp_med-Parahip 1219 779 2956 2.958 0.708 0.115 0.027 13 1.4
G_orbital 2739 2003 6904 2.711 0.674 0.144 0.034 50 3.4
G_pariet_inf-Angular 3908 2820 9261 2.599 0.556 0.145 0.029 66 4.9
G_pariet_inf-Supramar 2610 1806 6110 2.791 0.525 0.125 0.025 34 2.7
G_parietal_sup 2600 1774 4871 2.235 0.542 0.125 0.024 32 2.8
G_postcentral 2342 1510 3823 2.038 0.567 0.110 0.021 25 2.2
G_precentral 3031 1808 6941 2.840 0.517 0.103 0.022 26 2.6
G_precuneus 2723 1779 5619 2.544 0.441 0.132 0.027 42 3.0
G_rectus 733 540 2077 2.781 0.623 0.151 0.042 15 1.4
G_subcallosal 447 299 728 2.487 0.885 0.126 0.043 5 0.7
G_temp_sup-G_T_transv 364 200 679 2.688 0.510 0.088 0.024 3 0.3
G_temp_sup-Lateral 1799 1224 5751 3.345 0.557 0.121 0.025 23 1.9
G_temp_sup-Plan_polar 735 500 1953 3.536 0.850 0.098 0.033 5 1.1
G_temp_sup-Plan_tempo 715 475 1288 2.507 0.515 0.083 0.010 3 0.3
G_temporal_inf 1793 1267 4733 2.779 0.629 0.126 0.028 25 2.1
G_temporal_middle 2984 2259 9613 3.102 0.615 0.141 0.027 45 3.8
Lat_Fis-ant-Horizont 302 205 387 2.208 0.448 0.109 0.015 2 0.2
Lat_Fis-ant-Vertical 106 80 200 3.029 0.384 0.145 0.027 1 0.1
Lat_Fis-post 1331 880 1784 2.586 0.613 0.111 0.020 8 1.2
Pole_occipital 4396 2888 5563 1.812 0.545 0.139 0.030 55 5.7
Pole_temporal 1441 1103 5942 3.664 0.768 0.144 0.033 20 1.9
S_calcarine 2931 2031 2876 1.652 0.602 0.130 0.029 29 3.5
S_central 2997 1961 3158 1.829 0.561 0.098 0.018 17 2.3
S_cingul-Marginalis 1530 1020 2180 2.288 0.532 0.090 0.013 7 0.8
S_circular_insula_ant 578 388 1010 3.209 0.713 0.114 0.029 11 0.7
S_circular_insula_inf 1175 735 1681 2.809 0.621 0.064 0.009 3 0.4
S_circular_insula_sup 1185 785 1782 2.940 0.471 0.100 0.019 5 1.0
S_collat_transv_ant 805 519 1244 2.513 0.485 0.082 0.008 3 0.3
S_collat_transv_post 600 408 775 2.223 0.420 0.114 0.022 4 0.6
S_front_inf 1987 1412 2899 2.215 0.419 0.120 0.024 17 2.0
S_front_middle 2398 1679 3385 2.175 0.416 0.119 0.022 18 2.2
S_front_sup 2953 1968 4479 2.456 0.405 0.099 0.016 17 2.0
S_interm_prim-Jensen 327 237 533 2.761 0.354 0.141 0.024 3 0.4
S_intrapariet_and_P_trans 4294 2888 6173 2.194 0.380 0.111 0.019 35 3.3
S_oc_middle_and_Lunatus 1238 846 1490 2.068 0.382 0.119 0.022 10 1.2
S_oc_sup_and_transversal 1763 1171 2139 1.967 0.387 0.121 0.022 15 1.7
S_occipital_ant 927 643 1569 2.397 0.434 0.117 0.022 8 0.9
S_oc-temp_lat 886 604 1244 2.373 0.344 0.092 0.013 4 0.4
S_oc-temp_med_and_Lingual 2285 1568 3122 2.338 0.508 0.108 0.018 17 1.6
S_orbital_lateral 350 251 465 2.170 0.337 0.116 0.028 2 0.4
S_orbital_med-olfact 644 476 1002 2.504 0.509 0.140 0.031 6 1.0
S_orbital-H_Shaped 1342 958 2363 2.520 0.580 0.137 0.028 15 1.8
S_parieto_occipital 2300 1532 3062 2.269 0.481 0.106 0.018 16 1.8
S_pericallosal 1485 937 1241 1.689 0.531 0.124 0.020 23 1.2
S_postcentral 2703 1791 3365 2.136 0.466 0.104 0.016 17 1.9
S_precentral-inf-part 1960 1300 3133 2.671 0.399 0.089 0.014 10 1.2
S_precentral-sup-part 1716 1128 2542 2.415 0.417 0.101 0.014 12 1.0
S_suborbital 468 327 741 2.459 0.509 0.137 0.018 7 0.4
S_subparietal 1194 867 1901 2.488 0.358 0.120 0.024 9 1.1
S_temporal_inf 1414 947 2075 2.494 0.594 0.102 0.016 8 1.0
S_temporal_sup 7231 4877 11422 2.551 0.467 0.099 0.016 43 4.9
S_temporal_transverse 226 160 359 2.584 0.421 0.104 0.012 2 0.1
