StructName NumVert SurfArea GrayVol ThickAvg ThickStd MeanCurv GausCurv FoldInd CurvInd
G_and_S_frontomargin 1076 819 1966 2.171 0.526 0.146 0.033 14 1.7
G_and_S_occipital_inf 1680 1122 3456 2.478 0.570 0.138 0.030 22 1.9
G_and_S_paracentral 1823 1029 2870 2.351 0.532 0.096 0.019 14 1.4
G_and_S_subcentral 1992 1317 3998 2.712 0.447 0.119 0.024 20 2.0
G_and_S_transv_frontopol 1183 841 2300 2.367 0.478 0.148 0.032 19 1.8
G_and_S_cingul-Ant 3333 2293 5787 2.462 0.485 0.120 0.024 33 3.3
G_and_S_cingul-Mid-Ant 1579 1060 2853 2.556 0.520 0.114 0.020 15 1.4
G_and_S_cingul-Mid-Post 1674 1111 2883 2.561 0.489 0.107 0.020 11 1.3
G_cingul-Post-dorsal 553 380 1387 2.833 0.663 0.145 0.033 9 0.6
G_cingul-Post-ventral 336 223 607 2.171 0.642 0.131 0.032 4 0.4
G_cuneus 2763 1831 3362 1.723 0.442 0.144 0.034 37 3.9
G_front_inf-Opercular 1412 945 3549 2.875 0.389 0.125 0.024 19 1.4
G_front_inf-Orbital 458 309 1085 2.607 0.351 0.130 0.024 6 0.4
G_front_inf-Triangul 712 517 1558 2.446 0.461 0.132 0.035 10 0.9
G_front_middle 4702 3272 10132 2.434 0.537 0.134 0.030 68 5.8
G_front_sup 7189 4783 16419 2.733 0.569 0.125 0.026 84 7.9
G_Ins_lg_and_S_cent_ins 758 501 1792 3.384 0.899 0.115 0.028 8 0.7
G_insular_short 836 518 2446 3.349 0.949 0.115 0.032 10 0.9
G_occipital_middle 3552 2377 6478 2.264 0.591 0.131 0.029 45 4.3
G_occipital_sup 1840 1184 2852 2.020 0.555 0.114 0.022 19 1.7
G_oc-temp_lat-fusifor 2163 1420 5300 2.957 0.708 0.131 0.029 31 2.5
G_oc-temp_med-Lingual 3393 2301 4731 1.798 0.639 0.137 0.037 42 5.3
G_oc-temp_med-Parahip 1711 1105 4556 2.988 0.951 0.114 0.035 19 2.0
G_orbital 2909 2112 7346 2.727 0.561 0.142 0.036 47 4.5
G_pariet_inf-Angular 4309 2751 8450 2.493 0.499 0.121 0.027 52 4.3
G_pariet_inf-Supramar 3076 2063 6811 2.744 0.483 0.123 0.025 38 3.1
G_parietal_sup 2640 1759 4770 2.154 0.477 0.117 0.022 31 2.3
G_postcentral 2451 1454 3783 2.105 0.478 0.103 0.021 22 2.0
G_precentral 2951 1747 6810 2.930 0.463 0.100 0.020 25 2.3
G_precuneus 2817 1894 5460 2.375 0.513 0.139 0.033 38 3.9
G_rectus 968 669 2409 2.675 0.524 0.127 0.024 16 1.1
G_subcallosal 756 493 1338 2.724 0.762 0.108 0.037 8 0.8
G_temp_sup-G_T_transv 592 291 991 2.562 0.327 0.106 0.027 7 0.6
G_temp_sup-Lateral 2376 1516 6179 3.034 0.651 0.112 0.024 28 2.2
G_temp_sup-Plan_polar 735 489 2173 3.617 0.592 0.079 0.016 3 0.4
G_temp_sup-Plan_tempo 1209 791 2109 2.551 0.402 0.101 0.017 9 0.8
G_temporal_inf 2564 1866 7486 3.017 0.809 0.141 0.035 41 3.5
G_temporal_middle 3481 2342 9176 2.986 0.609 0.120 0.028 43 3.5
Lat_Fis-ant-Horizont 441 289 494 2.104 0.502 0.098 0.011 2 0.2
Lat_Fis-ant-Vertical 231 162 349 2.276 0.282 0.087 0.011 1 0.1
Lat_Fis-post 1700 1128 2403 2.709 0.426 0.111 0.020 11 1.6
Pole_occipital 3950 2629 6322 2.010 0.667 0.142 0.032 51 5.2
Pole_temporal 1965 1520 6772 3.307 0.696 0.151 0.040 29 3.1
S_calcarine 2331 1561 2262 1.638 0.638 0.105 0.021 17 2.1
S_central 3411 2217 3837 1.994 0.636 0.086 0.014 14 2.1
S_cingul-Marginalis 1383 915 1655 1.977 0.500 0.089 0.013 6 0.8
S_circular_insula_ant 773 531 1214 2.664 0.599 0.115 0.025 5 0.9
S_circular_insula_inf 1654 1092 2416 2.546 0.798 0.085 0.016 7 1.2
S_circular_insula_sup 1857 1222 2575 2.490 0.520 0.095 0.016 8 1.3
S_collat_transv_ant 1131 770 2070 2.870 0.589 0.092 0.014 5 0.6
S_collat_transv_post 534 363 596 2.132 0.493 0.125 0.022 4 0.6
S_front_inf 2059 1375 2725 2.079 0.401 0.106 0.017 15 1.5
S_front_middle 2769 1939 4264 2.101 0.516 0.120 0.024 25 2.6
S_front_sup 3326 2206 4798 2.375 0.451 0.101 0.019 21 2.6
S_interm_prim-Jensen 451 321 577 2.311 0.416 0.119 0.025 3 0.5
S_intrapariet_and_P_trans 3389 2256 4336 2.003 0.423 0.098 0.016 20 2.4
S_oc_middle_and_Lunatus 1766 1162 1911 1.934 0.388 0.120 0.021 14 1.7
S_oc_sup_and_transversal 1100 780 1331 1.800 0.418 0.113 0.019 8 0.8
S_occipital_ant 1237 845 1762 2.118 0.432 0.107 0.019 9 1.0
S_oc-temp_lat 1082 746 1515 2.407 0.483 0.118 0.019 8 1.0
S_oc-temp_med_and_Lingual 2483 1643 3109 2.175 0.517 0.097 0.014 14 1.6
S_orbital_lateral 364 257 426 1.972 0.347 0.113 0.016 3 0.3
S_orbital_med-olfact 871 573 1097 2.091 0.600 0.104 0.017 5 0.6
S_orbital-H_Shaped 1286 888 2147 2.538 0.618 0.124 0.025 12 1.5
S_parieto_occipital 3009 1962 3558 2.061 0.487 0.108 0.019 21 2.5
S_pericallosal 2233 1495 2561 1.871 0.710 0.119 0.022 32 2.1
S_postcentral 3323 2176 3988 2.042 0.465 0.098 0.017 20 2.4
S_precentral-inf-part 2283 1512 3281 2.432 0.447 0.108 0.020 15 2.0
S_precentral-sup-part 1039 683 1456 2.475 0.420 0.089 0.012 5 0.6
S_suborbital 437 308 626 2.329 0.802 0.151 0.024 5 0.5
S_subparietal 1383 961 2083 2.227 0.461 0.117 0.024 11 1.3
S_temporal_inf 1614 1096 2509 2.681 0.545 0.115 0.019 11 1.6
S_temporal_sup 7055 4685 10052 2.393 0.398 0.099 0.016 43 4.6
S_temporal_transverse 346 243 437 2.421 0.252 0.120 0.020 2 0.2
