StructName NumVert SurfArea GrayVol ThickAvg ThickStd MeanCurv GausCurv FoldInd CurvInd
G_and_S_frontomargin 920 694 1785 2.245 0.471 0.143 0.040 15 1.6
G_and_S_occipital_inf 1570 1122 2925 2.360 0.462 0.145 0.032 22 1.9
G_and_S_paracentral 1776 1005 2921 2.388 0.628 0.099 0.023 14 1.6
G_and_S_subcentral 1888 1252 3794 2.814 0.411 0.123 0.026 19 1.9
G_and_S_transv_frontopol 1173 855 2506 2.456 0.516 0.149 0.039 18 1.9
G_and_S_cingul-Ant 3336 2263 5891 2.559 0.483 0.120 0.025 36 3.4
G_and_S_cingul-Mid-Ant 1761 1183 3216 2.710 0.475 0.115 0.022 16 1.6
G_and_S_cingul-Mid-Post 1797 1189 3075 2.505 0.471 0.109 0.022 14 1.6
G_cingul-Post-dorsal 558 385 1400 2.827 0.669 0.151 0.039 9 0.8
G_cingul-Post-ventral 352 229 650 2.333 0.548 0.139 0.042 5 0.6
G_cuneus 2764 1814 3222 1.676 0.413 0.140 0.035 36 4.2
G_front_inf-Opercular 1446 1041 3922 2.894 0.360 0.135 0.030 21 1.8
G_front_inf-Orbital 437 303 1138 2.750 0.417 0.132 0.030 6 0.5
G_front_inf-Triangul 691 521 1657 2.636 0.407 0.141 0.037 11 0.9
G_front_middle 5135 3561 11349 2.496 0.565 0.137 0.034 78 6.9
G_front_sup 7086 4652 16147 2.789 0.502 0.122 0.028 79 7.8
G_Ins_lg_and_S_cent_ins 693 481 1683 3.384 0.927 0.113 0.030 8 0.7
G_insular_short 899 609 2421 3.035 1.074 0.117 0.030 11 1.0
G_occipital_middle 3088 2292 6444 2.324 0.461 0.147 0.033 52 4.2
G_occipital_sup 1691 1159 2856 2.064 0.489 0.119 0.023 19 1.6
G_oc-temp_lat-fusifor 2058 1425 5101 2.910 0.756 0.142 0.039 32 3.0
G_oc-temp_med-Lingual 3379 2259 4397 1.766 0.613 0.133 0.036 41 5.1
G_oc-temp_med-Parahip 1505 967 3874 2.940 0.837 0.124 0.040 19 2.4
G_orbital 2979 2108 7309 2.792 0.566 0.143 0.035 55 4.4
G_pariet_inf-Angular 3692 2590 7821 2.455 0.491 0.132 0.031 53 4.3
G_pariet_inf-Supramar 2836 1942 6603 2.756 0.448 0.129 0.029 38 3.4
G_parietal_sup 2601 1725 4834 2.205 0.479 0.117 0.025 30 2.6
G_postcentral 2441 1469 3892 2.158 0.483 0.108 0.025 23 2.3
G_precentral 2853 1789 6482 2.797 0.456 0.110 0.023 27 2.6
G_precuneus 2793 1871 5516 2.399 0.500 0.138 0.034 38 3.9
G_rectus 1080 737 2694 2.705 0.509 0.139 0.034 19 1.5
G_subcallosal 685 442 1158 2.592 0.875 0.100 0.028 5 0.7
G_temp_sup-G_T_transv 545 308 1019 2.569 0.302 0.115 0.027 6 0.5
G_temp_sup-Lateral 2190 1548 5868 2.867 0.593 0.132 0.031 29 3.0
G_temp_sup-Plan_polar 810 558 2662 3.462 0.735 0.101 0.030 6 0.9
G_temp_sup-Plan_tempo 1134 759 2049 2.587 0.383 0.105 0.019 9 0.8
G_temporal_inf 2463 1877 7573 2.989 0.842 0.152 0.040 50 3.9
G_temporal_middle 3040 2211 8608 2.985 0.589 0.128 0.032 44 3.5
Lat_Fis-ant-Horizont 402 274 510 2.390 0.470 0.100 0.014 2 0.2
Lat_Fis-ant-Vertical 206 151 346 2.463 0.267 0.098 0.015 1 0.1
Lat_Fis-post 1707 1134 2411 2.665 0.493 0.113 0.022 11 1.8
Pole_occipital 3969 2668 6548 2.029 0.663 0.142 0.032 50 5.3
Pole_temporal 1981 1484 6395 3.155 0.777 0.145 0.040 25 3.2
S_calcarine 2299 1550 2208 1.653 0.672 0.112 0.024 20 2.2
S_central 3409 2206 3877 2.022 0.582 0.091 0.015 14 2.5
S_cingul-Marginalis 1483 958 1946 2.129 0.481 0.088 0.016 7 1.0
S_circular_insula_ant 756 515 1164 2.680 0.572 0.112 0.023 5 0.8
S_circular_insula_inf 1615 1069 2471 2.649 0.810 0.085 0.015 5 1.1
S_circular_insula_sup 1842 1222 2568 2.601 0.469 0.099 0.018 8 1.4
S_collat_transv_ant 1086 760 2144 3.004 0.576 0.103 0.019 7 0.8
S_collat_transv_post 587 394 678 2.217 0.577 0.121 0.022 4 0.6
S_front_inf 2193 1473 3120 2.221 0.406 0.103 0.018 15 1.7
S_front_middle 2591 1745 3725 2.164 0.503 0.111 0.020 19 2.2
S_front_sup 3278 2201 4867 2.448 0.443 0.104 0.019 21 2.8
S_interm_prim-Jensen 441 314 581 2.345 0.384 0.119 0.023 3 0.5
S_intrapariet_and_P_trans 3624 2405 4780 2.067 0.410 0.100 0.017 22 2.8
S_oc_middle_and_Lunatus 1579 1058 1787 1.952 0.363 0.119 0.020 11 1.5
S_oc_sup_and_transversal 976 686 1163 1.817 0.412 0.118 0.024 11 1.1
S_occipital_ant 1105 763 1586 2.109 0.399 0.111 0.022 8 1.1
S_oc-temp_lat 1123 770 1597 2.464 0.441 0.114 0.021 7 1.0
S_oc-temp_med_and_Lingual 2396 1598 3097 2.258 0.485 0.099 0.015 14 1.6
S_orbital_lateral 344 247 448 2.048 0.325 0.120 0.017 3 0.3
S_orbital_med-olfact 877 587 1145 2.334 0.560 0.110 0.020 5 0.8
S_orbital-H_Shaped 1408 972 2301 2.579 0.561 0.128 0.028 16 1.6
S_parieto_occipital 2884 1884 3540 2.110 0.490 0.109 0.019 21 2.3
S_pericallosal 2212 1514 2301 1.749 0.752 0.129 0.028 41 2.7
S_postcentral 3215 2114 3921 2.026 0.421 0.101 0.019 22 2.6
S_precentral-inf-part 2213 1471 3263 2.486 0.421 0.110 0.021 16 2.0
S_precentral-sup-part 1088 719 1507 2.383 0.426 0.097 0.017 6 0.8
S_suborbital 471 324 649 2.413 0.366 0.145 0.025 6 0.5
S_subparietal 1338 933 1974 2.279 0.495 0.118 0.024 10 1.3
S_temporal_inf 1434 988 2109 2.607 0.453 0.116 0.021 10 1.4
S_temporal_sup 6920 4581 10167 2.441 0.382 0.099 0.016 43 4.9
S_temporal_transverse 347 240 431 2.362 0.340 0.119 0.021 3 0.2
