StructName NumVert SurfArea GrayVol ThickAvg ThickStd MeanCurv GausCurv FoldInd CurvInd
G_and_S_frontomargin 1136 878 2440 2.292 0.618 0.155 0.034 17 1.8
G_and_S_occipital_inf 1303 914 2950 2.698 0.640 0.135 0.028 18 1.5
G_and_S_paracentral 1580 952 2505 2.294 0.565 0.117 0.028 16 1.8
G_and_S_subcentral 1718 1165 3895 2.870 0.533 0.129 0.027 20 1.9
G_and_S_transv_frontopol 1216 981 3004 2.464 0.542 0.167 0.038 25 1.9
G_and_S_cingul-Ant 3090 2155 6550 2.778 0.515 0.114 0.022 27 2.7
G_and_S_cingul-Mid-Ant 1690 1131 3098 2.648 0.495 0.116 0.019 15 1.3
G_and_S_cingul-Mid-Post 1607 1084 2977 2.538 0.527 0.120 0.025 15 1.6
G_cingul-Post-dorsal 555 385 1401 2.832 0.618 0.149 0.035 9 0.7
G_cingul-Post-ventral 397 247 958 2.975 0.631 0.118 0.026 5 0.4
G_cuneus 2692 1794 3521 1.787 0.555 0.146 0.032 35 3.7
G_front_inf-Opercular 1425 946 3839 3.049 0.540 0.118 0.025 16 1.4
G_front_inf-Orbital 410 279 1092 2.751 0.586 0.139 0.035 6 0.5
G_front_inf-Triangul 605 408 1479 2.698 0.487 0.121 0.026 9 0.5
G_front_middle 4226 2991 10615 2.712 0.520 0.140 0.029 67 4.8
G_front_sup 7573 5167 18698 2.884 0.608 0.121 0.025 88 8.0
G_Ins_lg_and_S_cent_ins 773 532 1968 3.498 0.931 0.129 0.036 10 1.0
G_insular_short 605 419 2249 3.826 0.758 0.132 0.034 10 0.8
G_occipital_middle 2862 1904 6625 2.671 0.520 0.133 0.029 41 3.4
G_occipital_sup 1875 1243 3487 2.209 0.548 0.137 0.027 25 2.1
G_oc-temp_lat-fusifor 1937 1294 4542 2.797 0.723 0.130 0.036 26 2.6
G_oc-temp_med-Lingual 4035 2750 5718 1.820 0.625 0.140 0.037 52 5.9
G_oc-temp_med-Parahip 1411 889 3030 2.632 0.832 0.137 0.053 24 2.9
G_orbital 2869 2001 7520 2.885 0.674 0.138 0.034 47 3.8
G_pariet_inf-Angular 3885 2667 9147 2.676 0.548 0.140 0.027 63 4.5
G_pariet_inf-Supramar 2654 1807 6226 2.829 0.529 0.126 0.025 33 2.6
G_parietal_sup 2879 1981 5574 2.302 0.492 0.130 0.026 38 3.2
G_postcentral 2480 1542 4031 2.099 0.604 0.110 0.021 27 2.1
G_precentral 3197 1839 8025 3.018 0.537 0.103 0.022 30 2.8
G_precuneus 2746 1868 5701 2.462 0.447 0.137 0.027 40 3.1
G_rectus 826 576 2181 2.682 0.647 0.129 0.037 15 1.2
G_subcallosal 536 343 847 2.625 1.063 0.107 0.043 9 0.6
G_temp_sup-G_T_transv 359 195 693 2.799 0.424 0.089 0.018 3 0.2
G_temp_sup-Lateral 2012 1277 6213 3.410 0.625 0.117 0.023 24 1.9
G_temp_sup-Plan_polar 636 434 1890 3.845 0.634 0.093 0.021 2 0.6
G_temp_sup-Plan_tempo 741 497 1438 2.686 0.483 0.085 0.010 4 0.3
G_temporal_inf 2033 1328 5605 3.040 0.657 0.116 0.026 23 2.0
G_temporal_middle 3427 2346 10537 3.236 0.653 0.126 0.025 47 3.5
Lat_Fis-ant-Horizont 322 216 369 1.987 0.398 0.108 0.013 2 0.2
Lat_Fis-ant-Vertical 213 147 426 2.876 0.331 0.124 0.022 2 0.2
Lat_Fis-post 1360 900 1819 2.455 0.492 0.117 0.023 9 1.4
Pole_occipital 4461 2938 5988 1.902 0.531 0.142 0.032 58 6.0
Pole_temporal 1450 1091 5704 3.441 0.796 0.143 0.041 18 2.4
S_calcarine 2835 1949 2984 1.800 0.583 0.125 0.028 25 3.3
S_central 3078 2042 3357 1.877 0.582 0.099 0.017 17 2.2
S_cingul-Marginalis 1561 1024 2133 2.265 0.448 0.093 0.014 8 1.0
S_circular_insula_ant 616 426 1042 3.076 0.645 0.124 0.028 6 0.7
S_circular_insula_inf 1194 760 1761 2.819 0.680 0.067 0.011 3 0.5
S_circular_insula_sup 1360 900 1998 2.768 0.371 0.101 0.020 6 1.2
S_collat_transv_ant 922 592 1534 2.570 0.496 0.083 0.012 4 0.4
S_collat_transv_post 697 461 912 2.329 0.450 0.113 0.024 4 0.7
S_front_inf 2030 1397 2716 2.173 0.374 0.123 0.024 19 2.1
S_front_middle 3055 2106 4719 2.192 0.439 0.124 0.023 30 3.1
S_front_sup 2688 1797 4159 2.491 0.398 0.094 0.015 14 1.7
S_interm_prim-Jensen 364 258 534 2.563 0.281 0.137 0.023 3 0.5
S_intrapariet_and_P_trans 4219 2859 5894 2.184 0.393 0.106 0.018 29 3.1
S_oc_middle_and_Lunatus 1261 845 1534 2.072 0.335 0.115 0.021 9 1.1
S_oc_sup_and_transversal 1866 1219 2281 2.005 0.358 0.119 0.022 16 1.8
S_occipital_ant 858 611 1383 2.339 0.416 0.118 0.024 6 0.9
S_oc-temp_lat 914 617 1270 2.438 0.382 0.093 0.016 4 0.5
S_oc-temp_med_and_Lingual 2306 1573 3144 2.301 0.483 0.109 0.019 16 1.8
S_orbital_lateral 418 296 548 2.168 0.385 0.112 0.025 2 0.4
S_orbital_med-olfact 856 595 1258 2.322 0.659 0.124 0.025 8 0.8
S_orbital-H_Shaped 1419 1021 2690 2.773 0.564 0.136 0.029 16 1.9
S_parieto_occipital 2287 1518 3040 2.250 0.459 0.105 0.018 15 1.8
S_pericallosal 1511 963 1299 1.684 0.490 0.132 0.021 24 1.3
S_postcentral 2827 1874 3786 2.282 0.495 0.099 0.016 15 2.0
S_precentral-inf-part 2048 1331 3195 2.600 0.412 0.089 0.014 10 1.2
S_precentral-sup-part 1768 1168 2727 2.541 0.359 0.099 0.015 11 1.2
S_suborbital 383 279 572 2.336 0.736 0.142 0.018 4 0.3
S_subparietal 1200 838 1843 2.397 0.321 0.118 0.023 9 1.0
S_temporal_inf 1540 1040 2455 2.718 0.592 0.105 0.017 8 1.2
S_temporal_sup 7835 5189 12492 2.610 0.447 0.100 0.017 47 5.7
S_temporal_transverse 230 160 374 2.651 0.393 0.110 0.018 1 0.2
