StructName NumVert SurfArea GrayVol ThickAvg ThickStd MeanCurv GausCurv FoldInd CurvInd
G_and_S_frontomargin 952 733 1879 2.443 0.445 0.141 0.036 17 1.4
G_and_S_occipital_inf 1572 1083 3233 2.520 0.518 0.138 0.031 23 1.9
G_and_S_paracentral 1641 962 2798 2.388 0.590 0.097 0.019 11 1.3
G_and_S_subcentral 1928 1301 4112 2.906 0.415 0.124 0.024 22 1.9
G_and_S_transv_frontopol 1098 797 2412 2.547 0.502 0.148 0.035 17 1.8
G_and_S_cingul-Ant 3548 2426 6779 2.705 0.528 0.121 0.023 39 3.4
G_and_S_cingul-Mid-Ant 1622 1136 3161 2.737 0.499 0.115 0.017 16 1.3
G_and_S_cingul-Mid-Post 1641 1090 2856 2.656 0.458 0.103 0.019 10 1.2
G_cingul-Post-dorsal 532 373 1414 2.891 0.763 0.142 0.036 8 0.6
G_cingul-Post-ventral 372 241 672 2.348 0.721 0.139 0.039 5 0.6
G_cuneus 2717 1755 3199 1.733 0.466 0.137 0.036 35 3.9
G_front_inf-Opercular 1428 983 3652 2.869 0.343 0.128 0.026 21 1.5
G_front_inf-Orbital 449 326 1207 2.700 0.310 0.140 0.028 7 0.5
G_front_inf-Triangul 643 462 1508 2.628 0.364 0.131 0.033 8 0.8
G_front_middle 4733 3402 10793 2.523 0.471 0.138 0.029 72 5.8
G_front_sup 6963 4522 16064 2.834 0.516 0.120 0.025 79 7.0
G_Ins_lg_and_S_cent_ins 1045 694 2241 3.204 1.092 0.116 0.032 11 1.1
G_insular_short 731 495 2387 3.492 1.009 0.111 0.023 9 0.7
G_occipital_middle 3014 2145 6200 2.397 0.479 0.140 0.030 50 4.0
G_occipital_sup 1899 1214 3000 2.081 0.485 0.116 0.024 21 1.9
G_oc-temp_lat-fusifor 2118 1417 5538 3.037 0.617 0.134 0.034 33 2.8
G_oc-temp_med-Lingual 3375 2320 4598 1.767 0.632 0.141 0.035 47 5.0
G_oc-temp_med-Parahip 1570 1033 4683 3.207 0.814 0.125 0.035 17 2.4
G_orbital 2838 2076 7206 2.790 0.537 0.143 0.033 49 3.8
G_pariet_inf-Angular 3659 2581 7690 2.437 0.478 0.133 0.031 55 4.4
G_pariet_inf-Supramar 2780 1996 6819 2.778 0.457 0.132 0.026 40 3.0
G_parietal_sup 2588 1681 4573 2.185 0.415 0.114 0.022 31 2.2
G_postcentral 2144 1421 3786 2.169 0.454 0.116 0.024 24 2.1
G_precentral 2734 1773 6333 2.777 0.404 0.111 0.023 27 2.3
G_precuneus 2762 1840 5617 2.482 0.574 0.137 0.034 39 3.7
G_rectus 953 662 2323 2.671 0.487 0.137 0.030 17 1.2
G_subcallosal 709 480 1256 2.709 0.913 0.124 0.037 7 1.2
G_temp_sup-G_T_transv 516 297 1088 2.734 0.279 0.109 0.022 6 0.4
G_temp_sup-Lateral 2181 1529 6140 3.017 0.611 0.126 0.026 29 2.5
G_temp_sup-Plan_polar 789 525 2421 3.599 0.660 0.082 0.019 3 0.5
G_temp_sup-Plan_tempo 1099 743 2022 2.614 0.367 0.097 0.017 9 0.8
G_temporal_inf 2528 1861 7744 3.120 0.711 0.141 0.033 44 3.3
G_temporal_middle 3078 2295 9279 3.093 0.517 0.132 0.030 51 3.6
Lat_Fis-ant-Horizont 421 282 510 2.241 0.374 0.093 0.013 2 0.2
Lat_Fis-ant-Vertical 227 158 340 2.411 0.273 0.086 0.013 1 0.1
Lat_Fis-post 1470 974 2034 2.690 0.398 0.112 0.022 10 1.5
Pole_occipital 3893 2523 6421 2.073 0.717 0.140 0.034 50 5.3
Pole_temporal 1945 1498 6716 3.392 0.648 0.148 0.034 34 2.7
S_calcarine 2210 1469 2110 1.667 0.718 0.103 0.024 17 2.0
S_central 3260 2133 3809 2.053 0.594 0.088 0.015 13 2.3
S_cingul-Marginalis 1318 867 1643 2.122 0.481 0.086 0.012 5 0.7
S_circular_insula_ant 796 542 1387 3.007 0.628 0.111 0.020 5 0.8
S_circular_insula_inf 1545 1009 2205 2.553 0.778 0.078 0.014 4 1.1
S_circular_insula_sup 1895 1228 2599 2.597 0.407 0.094 0.015 8 1.3
S_collat_transv_ant 1048 718 1885 2.898 0.570 0.096 0.015 5 0.6
S_collat_transv_post 578 395 709 2.241 0.486 0.119 0.020 4 0.6
S_front_inf 2038 1372 2874 2.233 0.334 0.103 0.016 15 1.5
S_front_middle 2735 1882 4199 2.246 0.453 0.112 0.020 23 2.3
S_front_sup 3183 2153 4652 2.422 0.421 0.104 0.018 21 2.5
S_interm_prim-Jensen 411 303 591 2.403 0.378 0.118 0.019 3 0.4
S_intrapariet_and_P_trans 3557 2392 4733 2.071 0.388 0.096 0.015 21 2.4
S_oc_middle_and_Lunatus 1558 1024 1788 2.008 0.362 0.112 0.019 11 1.4
S_oc_sup_and_transversal 984 694 1290 1.931 0.401 0.107 0.017 7 0.7
S_occipital_ant 1014 704 1487 2.175 0.352 0.106 0.019 7 0.9
S_oc-temp_lat 1132 795 1727 2.499 0.441 0.119 0.021 8 1.1
S_oc-temp_med_and_Lingual 2464 1647 3240 2.288 0.531 0.099 0.014 16 1.5
S_orbital_lateral 359 253 464 2.190 0.343 0.120 0.017 3 0.3
S_orbital_med-olfact 933 607 1246 2.398 0.534 0.103 0.017 6 0.7
S_orbital-H_Shaped 1382 960 2387 2.742 0.503 0.126 0.025 14 1.5
S_parieto_occipital 2949 1942 3775 2.190 0.512 0.107 0.018 21 2.3
S_pericallosal 1883 1292 1930 1.710 0.665 0.130 0.025 33 2.5
S_postcentral 3201 2104 3878 2.020 0.447 0.097 0.017 20 2.4
S_precentral-inf-part 2217 1471 3369 2.562 0.367 0.106 0.019 15 1.9
S_precentral-sup-part 1051 702 1498 2.436 0.432 0.092 0.014 5 0.6
S_suborbital 429 287 677 2.747 0.763 0.128 0.016 4 0.3
S_subparietal 1328 920 1934 2.219 0.483 0.122 0.026 11 1.5
S_temporal_inf 1442 994 2152 2.660 0.426 0.112 0.018 9 1.3
S_temporal_sup 7141 4798 10848 2.464 0.399 0.098 0.016 45 5.0
S_temporal_transverse 348 243 475 2.593 0.377 0.116 0.019 2 0.2
