StructName NumVert SurfArea GrayVol ThickAvg ThickStd MeanCurv GausCurv FoldInd CurvInd
G_and_S_frontomargin 1060 840 2310 2.191 0.684 0.154 0.038 18 1.9
G_and_S_occipital_inf 1202 832 2643 2.704 0.628 0.130 0.026 14 1.3
G_and_S_paracentral 1614 981 2557 2.309 0.599 0.117 0.029 16 1.8
G_and_S_subcentral 1809 1176 3960 2.904 0.551 0.125 0.026 21 2.0
G_and_S_transv_frontopol 1179 951 2875 2.421 0.526 0.171 0.038 25 2.1
G_and_S_cingul-Ant 3128 2215 6539 2.701 0.577 0.117 0.022 29 3.0
G_and_S_cingul-Mid-Ant 1672 1085 2973 2.589 0.523 0.114 0.019 15 1.3
G_and_S_cingul-Mid-Post 1605 1072 2929 2.519 0.547 0.121 0.026 15 1.7
G_cingul-Post-dorsal 550 364 1435 2.972 0.655 0.150 0.032 10 0.6
G_cingul-Post-ventral 351 239 828 2.689 0.680 0.126 0.031 5 0.4
G_cuneus 2734 1877 3622 1.720 0.551 0.150 0.034 35 3.9
G_front_inf-Opercular 1402 943 3918 3.088 0.584 0.116 0.023 16 1.3
G_front_inf-Orbital 391 283 1119 2.805 0.570 0.146 0.040 7 0.6
G_front_inf-Triangul 584 411 1501 2.741 0.449 0.122 0.023 8 0.5
G_front_middle 4347 3180 11206 2.673 0.504 0.147 0.032 75 5.8
G_front_sup 7318 4977 18309 2.892 0.622 0.120 0.025 84 7.6
G_Ins_lg_and_S_cent_ins 697 518 1774 3.376 0.902 0.158 0.047 14 1.2
G_insular_short 636 431 2309 3.718 0.889 0.124 0.032 9 0.7
G_occipital_middle 2827 1889 6573 2.689 0.505 0.135 0.031 41 3.3
G_occipital_sup 1900 1282 3461 2.181 0.571 0.141 0.029 26 2.2
G_oc-temp_lat-fusifor 1747 1184 4317 2.820 0.719 0.130 0.031 27 2.1
G_oc-temp_med-Lingual 4170 2849 5955 1.832 0.659 0.140 0.034 54 5.8
G_oc-temp_med-Parahip 1262 793 3171 2.891 0.743 0.116 0.029 13 1.4
G_orbital 2719 1940 7511 2.876 0.652 0.142 0.035 43 3.9
G_pariet_inf-Angular 3999 2729 9613 2.724 0.545 0.136 0.026 61 4.5
G_pariet_inf-Supramar 2698 1798 6438 2.892 0.553 0.124 0.025 34 2.6
G_parietal_sup 2990 2012 5725 2.318 0.491 0.129 0.026 40 3.3
G_postcentral 2439 1509 3971 2.117 0.599 0.109 0.021 25 2.0
G_precentral 2997 1732 7635 3.034 0.553 0.103 0.022 28 2.6
G_precuneus 2683 1854 5619 2.462 0.425 0.142 0.030 42 3.3
G_rectus 849 602 2368 2.778 0.661 0.129 0.034 13 1.1
G_subcallosal 531 346 932 2.794 0.829 0.116 0.034 6 0.7
G_temp_sup-G_T_transv 392 223 742 2.658 0.521 0.089 0.018 2 0.2
G_temp_sup-Lateral 1909 1194 5963 3.455 0.603 0.116 0.026 24 1.9
G_temp_sup-Plan_polar 641 435 1772 3.675 0.630 0.087 0.018 3 0.5
G_temp_sup-Plan_tempo 742 494 1402 2.695 0.438 0.089 0.010 4 0.3
G_temporal_inf 1887 1266 5470 3.047 0.687 0.119 0.026 22 2.0
G_temporal_middle 3446 2298 10726 3.289 0.648 0.127 0.025 46 3.6
Lat_Fis-ant-Horizont 344 232 407 1.915 0.376 0.108 0.013 2 0.2
Lat_Fis-ant-Vertical 213 148 422 2.903 0.422 0.123 0.019 2 0.2
Lat_Fis-post 1506 991 2014 2.509 0.485 0.116 0.022 10 1.5
Pole_occipital 4491 2921 5909 1.901 0.541 0.139 0.031 55 5.9
Pole_temporal 1508 1117 5889 3.503 0.785 0.144 0.038 22 2.2
S_calcarine 2784 1954 2921 1.764 0.560 0.128 0.028 26 3.3
S_central 3176 2094 3333 1.828 0.565 0.100 0.018 18 2.4
S_cingul-Marginalis 1589 1052 2223 2.270 0.449 0.093 0.014 8 1.0
S_circular_insula_ant 601 412 1002 3.021 0.628 0.122 0.029 5 0.8
S_circular_insula_inf 1218 790 1780 2.739 0.713 0.075 0.012 4 0.6
S_circular_insula_sup 1224 802 1733 2.787 0.485 0.103 0.020 6 1.1
S_collat_transv_ant 889 587 1531 2.615 0.464 0.088 0.010 4 0.3
S_collat_transv_post 666 448 860 2.366 0.445 0.116 0.023 4 0.7
S_front_inf 1978 1364 2712 2.199 0.412 0.119 0.021 18 1.9
S_front_middle 2610 1819 3643 2.103 0.385 0.122 0.022 21 2.4
S_front_sup 2706 1804 4203 2.446 0.433 0.092 0.015 14 1.7
S_interm_prim-Jensen 397 281 621 2.626 0.371 0.132 0.023 3 0.5
S_intrapariet_and_P_trans 4168 2817 5864 2.213 0.367 0.106 0.018 29 3.0
S_oc_middle_and_Lunatus 1388 934 1696 2.145 0.347 0.118 0.023 11 1.4
S_oc_sup_and_transversal 1781 1176 2210 2.003 0.337 0.118 0.022 14 1.7
S_occipital_ant 1022 704 1772 2.512 0.462 0.120 0.022 9 1.0
S_oc-temp_lat 873 581 1254 2.469 0.427 0.091 0.014 4 0.5
S_oc-temp_med_and_Lingual 2179 1483 2907 2.300 0.510 0.107 0.019 15 1.6
S_orbital_lateral 425 296 537 2.170 0.399 0.120 0.025 3 0.5
S_orbital_med-olfact 746 515 1014 2.093 0.633 0.118 0.031 6 0.9
S_orbital-H_Shaped 1321 955 2373 2.481 0.561 0.136 0.029 16 1.7
S_parieto_occipital 2262 1521 3051 2.271 0.505 0.108 0.020 16 2.0
S_pericallosal 1494 957 1242 1.645 0.445 0.130 0.022 22 1.3
S_postcentral 2864 1887 3763 2.236 0.472 0.100 0.016 17 2.1
S_precentral-inf-part 2096 1359 3282 2.618 0.409 0.089 0.013 11 1.2
S_precentral-sup-part 1813 1183 2851 2.520 0.411 0.100 0.016 12 1.2
S_suborbital 346 245 478 2.126 0.928 0.136 0.016 4 0.3
S_subparietal 1160 813 1771 2.464 0.355 0.121 0.023 9 1.0
S_temporal_inf 1521 1006 2254 2.688 0.550 0.102 0.015 7 1.1
S_temporal_sup 7820 5191 12563 2.648 0.451 0.100 0.016 48 5.4
S_temporal_transverse 225 160 383 2.642 0.380 0.111 0.014 1 0.2
