StructName NumVert SurfArea GrayVol ThickAvg ThickStd MeanCurv GausCurv FoldInd CurvInd
G_and_S_frontomargin 998 793 2496 2.568 0.700 0.171 0.050 19 2.2
G_and_S_occipital_inf 1310 895 2858 2.678 0.692 0.132 0.027 16 1.5
G_and_S_paracentral 1462 897 2439 2.324 0.619 0.119 0.031 14 1.8
G_and_S_subcentral 1733 1182 4060 2.910 0.502 0.132 0.033 21 2.2
G_and_S_transv_frontopol 1188 960 3338 2.763 0.842 0.188 0.059 33 2.9
G_and_S_cingul-Ant 3176 2307 6820 2.678 0.637 0.124 0.031 37 3.8
G_and_S_cingul-Mid-Ant 1668 1159 3176 2.680 0.481 0.121 0.024 16 1.6
G_and_S_cingul-Mid-Post 1575 1078 2853 2.488 0.512 0.124 0.027 15 1.7
G_cingul-Post-dorsal 550 370 1341 2.813 0.686 0.147 0.032 9 0.6
G_cingul-Post-ventral 370 250 823 2.680 0.552 0.118 0.030 5 0.4
G_cuneus 2685 1803 3419 1.752 0.454 0.149 0.036 38 4.1
G_front_inf-Opercular 1347 974 3928 3.025 0.568 0.132 0.032 19 1.9
G_front_inf-Orbital 375 291 1131 2.864 0.613 0.151 0.040 6 0.5
G_front_inf-Triangul 539 409 1379 2.554 0.527 0.139 0.032 10 0.7
G_front_middle 4315 3155 10989 2.645 0.568 0.142 0.037 69 6.3
G_front_sup 7759 5248 18613 2.845 0.611 0.123 0.033 93 10.2
G_Ins_lg_and_S_cent_ins 661 465 1681 3.243 0.847 0.124 0.036 9 0.9
G_insular_short 642 511 1834 2.799 0.994 0.174 0.062 18 1.9
G_occipital_middle 2774 1896 6535 2.702 0.492 0.139 0.031 42 3.4
G_occipital_sup 1997 1281 3537 2.239 0.590 0.139 0.033 28 2.6
G_oc-temp_lat-fusifor 1870 1277 4401 2.659 0.714 0.138 0.038 30 3.0
G_oc-temp_med-Lingual 3958 2676 5662 1.856 0.590 0.139 0.037 53 5.9
G_oc-temp_med-Parahip 1319 893 3073 2.501 0.806 0.141 0.049 19 2.7
G_orbital 2524 1886 6477 2.566 0.664 0.156 0.047 49 5.1
G_pariet_inf-Angular 3913 2668 9258 2.702 0.568 0.140 0.028 63 4.6
G_pariet_inf-Supramar 2665 1876 6422 2.800 0.519 0.129 0.029 37 3.0
G_parietal_sup 3062 1992 5852 2.349 0.544 0.121 0.029 39 3.6
G_postcentral 2526 1541 3892 2.070 0.594 0.109 0.024 27 2.5
G_precentral 3292 1895 7251 2.870 0.556 0.104 0.025 31 3.1
G_precuneus 2733 1861 5597 2.437 0.425 0.139 0.029 45 3.1
G_rectus 926 653 2134 2.402 0.734 0.157 0.049 19 1.8
G_subcallosal 653 527 906 1.894 0.676 0.240 0.111 29 3.5
G_temp_sup-G_T_transv 347 233 638 2.336 0.727 0.119 0.039 3 0.5
G_temp_sup-Lateral 1884 1286 6117 3.362 0.624 0.123 0.029 25 2.2
G_temp_sup-Plan_polar 774 525 1734 2.893 1.130 0.125 0.039 10 1.4
G_temp_sup-Plan_tempo 739 493 1454 2.726 0.460 0.086 0.012 4 0.3
G_temporal_inf 1876 1307 5136 2.869 0.670 0.129 0.034 24 2.2
G_temporal_middle 2995 2250 9900 3.176 0.633 0.143 0.030 45 4.0
Lat_Fis-ant-Horizont 338 221 397 2.068 0.455 0.105 0.015 2 0.2
Lat_Fis-ant-Vertical 205 148 419 2.908 0.363 0.145 0.028 2 0.3
Lat_Fis-post 1340 882 1676 2.411 0.445 0.115 0.025 9 1.5
Pole_occipital 4374 2911 6042 1.923 0.545 0.143 0.033 60 6.1
Pole_temporal 1427 1115 5321 3.195 0.879 0.145 0.036 22 2.0
S_calcarine 2971 2088 3400 1.898 0.552 0.129 0.032 29 4.0
S_central 3146 2083 3310 1.822 0.590 0.106 0.022 18 2.9
S_cingul-Marginalis 1551 1028 2118 2.212 0.456 0.095 0.015 8 1.0
S_circular_insula_ant 620 422 1136 3.156 0.758 0.124 0.034 6 0.9
S_circular_insula_inf 1186 738 1695 2.701 0.595 0.072 0.012 4 0.6
S_circular_insula_sup 1340 849 1874 2.733 0.386 0.100 0.020 6 1.2
S_collat_transv_ant 916 604 1346 2.180 0.583 0.089 0.014 4 0.5
S_collat_transv_post 646 427 822 2.272 0.371 0.113 0.024 3 0.7
S_front_inf 1947 1348 2704 2.178 0.444 0.121 0.025 17 2.0
S_front_middle 2856 2059 4864 2.289 0.478 0.132 0.031 35 3.7
S_front_sup 2782 1858 4304 2.506 0.415 0.097 0.017 16 2.0
S_interm_prim-Jensen 360 260 583 2.781 0.395 0.134 0.024 3 0.5
S_intrapariet_and_P_trans 4401 2933 6066 2.180 0.384 0.107 0.019 34 3.4
S_oc_middle_and_Lunatus 1306 877 1630 2.141 0.337 0.115 0.022 10 1.3
S_oc_sup_and_transversal 1862 1231 2245 1.992 0.331 0.123 0.023 16 1.9
S_occipital_ant 885 605 1482 2.447 0.394 0.120 0.025 8 1.0
S_oc-temp_lat 908 601 1219 2.274 0.384 0.090 0.016 4 0.5
S_oc-temp_med_and_Lingual 2371 1628 3372 2.294 0.494 0.111 0.023 18 2.1
S_orbital_lateral 352 258 466 2.040 0.348 0.112 0.019 2 0.4
S_orbital_med-olfact 756 509 995 2.113 0.694 0.136 0.044 10 1.1
S_orbital-H_Shaped 1302 940 2322 2.537 0.630 0.144 0.031 19 1.9
S_parieto_occipital 2308 1504 2982 2.196 0.482 0.106 0.020 16 2.0
S_pericallosal 1560 974 1324 1.622 0.505 0.120 0.020 22 1.3
S_postcentral 2874 1902 3810 2.236 0.476 0.101 0.016 17 2.1
S_precentral-inf-part 1992 1306 3183 2.651 0.429 0.092 0.015 10 1.3
S_precentral-sup-part 1820 1196 2677 2.437 0.374 0.100 0.017 11 1.3
S_suborbital 246 173 308 2.098 0.598 0.160 0.021 3 0.3
S_subparietal 1210 854 1822 2.334 0.353 0.119 0.022 10 1.0
S_temporal_inf 1360 917 2169 2.558 0.535 0.103 0.018 7 1.0
S_temporal_sup 7673 5118 12332 2.611 0.464 0.102 0.017 47 5.7
S_temporal_transverse 220 158 334 2.447 0.495 0.145 0.021 2 0.2
