StructName NumVert SurfArea GrayVol ThickAvg ThickStd MeanCurv GausCurv FoldInd CurvInd
G_and_S_frontomargin 1076 793 1963 2.102 0.618 0.139 0.033 15 1.7
G_and_S_occipital_inf 1563 1088 3235 2.481 0.575 0.144 0.033 21 1.9
G_and_S_paracentral 1755 992 2939 2.439 0.631 0.099 0.023 13 1.6
G_and_S_subcentral 1983 1271 3988 2.861 0.498 0.117 0.024 19 1.9
G_and_S_transv_frontopol 1102 809 2249 2.379 0.511 0.148 0.032 16 1.5
G_and_S_cingul-Ant 3441 2421 6191 2.428 0.544 0.121 0.024 36 3.6
G_and_S_cingul-Mid-Ant 1644 1141 3030 2.515 0.493 0.115 0.018 16 1.3
G_and_S_cingul-Mid-Post 1786 1185 3146 2.612 0.462 0.109 0.021 13 1.5
G_cingul-Post-dorsal 546 390 1375 2.791 0.680 0.146 0.035 9 0.7
G_cingul-Post-ventral 363 234 623 2.165 0.627 0.131 0.040 5 0.5
G_cuneus 2582 1725 2884 1.604 0.454 0.145 0.033 33 3.6
G_front_inf-Opercular 1483 992 3820 2.865 0.461 0.126 0.024 19 1.4
G_front_inf-Orbital 452 318 1150 2.653 0.382 0.125 0.026 6 0.4
G_front_inf-Triangul 688 491 1553 2.440 0.500 0.131 0.034 9 0.9
G_front_middle 4398 3342 10472 2.479 0.565 0.146 0.033 69 6.0
G_front_sup 7071 4830 16713 2.768 0.556 0.126 0.027 85 7.6
G_Ins_lg_and_S_cent_ins 781 539 1886 3.428 0.961 0.119 0.035 8 0.9
G_insular_short 768 532 2221 3.228 0.880 0.121 0.032 11 0.9
G_occipital_middle 3192 2142 6357 2.413 0.604 0.133 0.029 44 3.7
G_occipital_sup 1871 1245 3055 2.038 0.575 0.122 0.026 22 1.9
G_oc-temp_lat-fusifor 2174 1435 5412 2.990 0.726 0.131 0.030 34 2.5
G_oc-temp_med-Lingual 3354 2270 4223 1.688 0.587 0.137 0.037 44 5.0
G_oc-temp_med-Parahip 1570 1001 4308 3.026 0.934 0.118 0.034 19 2.0
G_orbital 2722 2053 7220 2.750 0.641 0.149 0.037 45 4.2
G_pariet_inf-Angular 3849 2599 8144 2.516 0.514 0.125 0.028 51 4.1
G_pariet_inf-Supramar 2982 2018 7229 2.870 0.544 0.123 0.026 36 3.1
G_parietal_sup 2710 1785 5048 2.227 0.501 0.116 0.022 29 2.4
G_postcentral 2401 1463 3712 2.081 0.526 0.108 0.025 22 2.3
G_precentral 2961 1813 6840 2.884 0.455 0.105 0.022 26 2.5
G_precuneus 2760 1812 5422 2.436 0.507 0.140 0.037 40 4.1
G_rectus 981 698 2420 2.596 0.531 0.138 0.028 18 1.2
G_subcallosal 652 415 1191 2.872 0.844 0.103 0.032 5 0.6
G_temp_sup-G_T_transv 621 316 1079 2.605 0.328 0.107 0.025 7 0.6
G_temp_sup-Lateral 2412 1508 6174 3.038 0.641 0.111 0.026 27 2.3
G_temp_sup-Plan_polar 991 663 2440 3.186 0.842 0.096 0.025 6 1.0
G_temp_sup-Plan_tempo 1157 781 2076 2.582 0.441 0.104 0.017 9 0.8
G_temporal_inf 2632 1945 7712 3.019 0.749 0.145 0.035 48 3.7
G_temporal_middle 3372 2317 9531 3.132 0.592 0.121 0.027 43 3.4
Lat_Fis-ant-Horizont 427 280 490 2.102 0.499 0.099 0.012 2 0.2
Lat_Fis-ant-Vertical 233 157 320 2.314 0.304 0.087 0.011 1 0.1
Lat_Fis-post 1707 1122 2368 2.729 0.460 0.111 0.019 11 1.6
Pole_occipital 3951 2602 6189 1.982 0.705 0.142 0.033 48 5.4
Pole_temporal 1958 1531 6885 3.316 0.702 0.152 0.036 28 3.0
S_calcarine 2274 1524 2113 1.590 0.683 0.109 0.022 19 2.2
S_central 3396 2216 3880 2.039 0.644 0.089 0.015 15 2.3
S_cingul-Marginalis 1377 923 1782 2.059 0.492 0.088 0.014 5 0.9
S_circular_insula_ant 784 530 1218 2.691 0.590 0.115 0.024 5 0.9
S_circular_insula_inf 1595 1061 2362 2.569 0.758 0.082 0.014 6 1.0
S_circular_insula_sup 1893 1240 2644 2.567 0.504 0.095 0.015 8 1.3
S_collat_transv_ant 1154 802 2071 2.850 0.596 0.094 0.015 5 0.7
S_collat_transv_post 557 381 629 2.166 0.500 0.129 0.025 4 0.7
S_front_inf 2058 1385 2655 2.036 0.337 0.107 0.016 15 1.5
S_front_middle 2873 2040 4496 2.050 0.551 0.123 0.023 27 2.8
S_front_sup 3021 2030 4560 2.449 0.461 0.102 0.019 18 2.5
S_interm_prim-Jensen 478 346 660 2.325 0.365 0.124 0.022 3 0.5
S_intrapariet_and_P_trans 3563 2349 4502 1.998 0.424 0.098 0.018 21 2.7
S_oc_middle_and_Lunatus 1568 1047 1745 2.027 0.354 0.120 0.020 12 1.5
S_oc_sup_and_transversal 1360 958 1700 1.863 0.384 0.113 0.021 10 1.1
S_occipital_ant 1188 799 1613 2.100 0.396 0.105 0.020 8 1.1
S_oc-temp_lat 1186 828 1740 2.513 0.449 0.119 0.020 8 1.1
S_oc-temp_med_and_Lingual 2552 1722 3261 2.186 0.545 0.100 0.015 16 1.7
S_orbital_lateral 357 252 436 1.968 0.421 0.117 0.016 3 0.3
S_orbital_med-olfact 906 605 1206 2.169 0.710 0.104 0.021 6 0.7
S_orbital-H_Shaped 1245 891 2158 2.506 0.728 0.129 0.027 14 1.6
S_parieto_occipital 2989 1932 3680 2.133 0.490 0.108 0.019 22 2.4
S_pericallosal 1828 1204 1720 1.668 0.771 0.121 0.024 30 1.9
S_postcentral 3274 2169 4096 2.092 0.489 0.100 0.018 20 2.6
S_precentral-inf-part 2004 1332 2927 2.483 0.458 0.105 0.019 12 1.7
S_precentral-sup-part 1026 684 1451 2.441 0.445 0.092 0.013 5 0.6
S_suborbital 443 315 587 2.165 0.733 0.149 0.021 5 0.4
S_subparietal 1456 1016 2115 2.210 0.435 0.117 0.026 12 1.4
S_temporal_inf 1603 1090 2476 2.698 0.521 0.113 0.017 10 1.4
S_temporal_sup 7958 5298 11714 2.422 0.421 0.101 0.016 53 5.7
S_temporal_transverse 358 254 463 2.532 0.297 0.119 0.019 3 0.2
