StructName NumVert SurfArea GrayVol ThickAvg ThickStd MeanCurv GausCurv FoldInd CurvInd
G_and_S_frontomargin 902 686 1765 2.297 0.459 0.153 0.037 16 1.5
G_and_S_occipital_inf 1594 1111 3409 2.439 0.582 0.139 0.035 20 2.0
G_and_S_paracentral 1800 1018 2975 2.429 0.594 0.099 0.022 14 1.6
G_and_S_subcentral 1924 1278 3888 2.805 0.476 0.122 0.027 20 2.0
G_and_S_transv_frontopol 1184 875 2502 2.445 0.498 0.153 0.036 20 1.8
G_and_S_cingul-Ant 3630 2518 6545 2.552 0.478 0.124 0.025 41 3.8
G_and_S_cingul-Mid-Ant 1717 1182 3138 2.590 0.525 0.118 0.022 17 1.6
G_and_S_cingul-Mid-Post 1681 1132 2876 2.521 0.500 0.110 0.022 11 1.5
G_cingul-Post-dorsal 569 397 1418 2.816 0.670 0.150 0.039 9 0.7
G_cingul-Post-ventral 365 244 685 2.199 0.667 0.125 0.039 5 0.5
G_cuneus 2459 1654 2935 1.665 0.443 0.147 0.034 33 3.7
G_front_inf-Opercular 1540 999 3895 2.916 0.439 0.124 0.025 20 1.6
G_front_inf-Orbital 427 277 952 2.620 0.351 0.125 0.022 5 0.4
G_front_inf-Triangul 755 550 1736 2.518 0.457 0.139 0.034 10 1.0
G_front_middle 5048 3513 11235 2.523 0.518 0.137 0.031 75 6.6
G_front_sup 7056 4725 16534 2.767 0.557 0.125 0.028 85 7.6
G_Ins_lg_and_S_cent_ins 804 541 1932 3.397 0.812 0.121 0.042 13 1.1
G_insular_short 856 584 2562 3.379 0.887 0.128 0.036 12 1.2
G_occipital_middle 3136 2114 5813 2.303 0.557 0.136 0.027 41 3.6
G_occipital_sup 1882 1260 3001 1.999 0.547 0.122 0.024 21 1.8
G_oc-temp_lat-fusifor 2120 1449 5432 2.956 0.695 0.140 0.037 32 3.2
G_oc-temp_med-Lingual 3225 2202 4387 1.771 0.615 0.139 0.036 43 4.9
G_oc-temp_med-Parahip 1477 931 3975 3.069 0.851 0.110 0.031 13 1.5
G_orbital 2888 2122 7280 2.772 0.589 0.146 0.032 46 4.1
G_pariet_inf-Angular 4055 2657 8142 2.471 0.498 0.125 0.029 51 4.4
G_pariet_inf-Supramar 3109 2100 7046 2.742 0.477 0.125 0.027 39 3.3
G_parietal_sup 2589 1782 4838 2.183 0.460 0.118 0.023 31 2.4
G_postcentral 2469 1461 3824 2.129 0.517 0.111 0.024 24 2.5
G_precentral 3113 1837 7032 2.895 0.492 0.099 0.022 27 2.5
G_precuneus 2754 1875 5535 2.430 0.497 0.147 0.035 41 4.0
G_rectus 994 699 2472 2.657 0.527 0.132 0.033 16 1.4
G_subcallosal 647 387 1177 2.852 0.939 0.083 0.026 5 0.4
G_temp_sup-G_T_transv 586 306 1006 2.595 0.305 0.111 0.028 7 0.6
G_temp_sup-Lateral 2443 1590 6398 3.005 0.668 0.119 0.026 29 2.5
G_temp_sup-Plan_polar 1086 727 2728 3.345 0.898 0.095 0.025 5 1.0
G_temp_sup-Plan_tempo 1181 774 2009 2.517 0.415 0.100 0.018 9 0.9
G_temporal_inf 2690 1937 7938 3.053 0.791 0.143 0.037 46 3.8
G_temporal_middle 3481 2418 9740 3.042 0.581 0.126 0.030 45 3.9
Lat_Fis-ant-Horizont 415 270 450 2.099 0.418 0.099 0.013 2 0.2
Lat_Fis-ant-Vertical 224 157 338 2.446 0.316 0.095 0.013 1 0.1
Lat_Fis-post 1589 1048 2226 2.720 0.433 0.110 0.020 10 1.5
Pole_occipital 3844 2546 6465 2.023 0.733 0.144 0.034 49 5.3
Pole_temporal 1980 1509 7036 3.384 0.748 0.151 0.042 28 3.4
S_calcarine 2261 1488 2259 1.693 0.711 0.100 0.019 16 1.9
S_central 3435 2250 4032 2.062 0.622 0.091 0.015 15 2.4
S_cingul-Marginalis 1406 920 1790 2.073 0.485 0.089 0.015 6 0.9
S_circular_insula_ant 773 522 1189 2.694 0.592 0.117 0.025 5 0.9
S_circular_insula_inf 1603 1035 2422 2.766 0.663 0.076 0.013 5 0.9
S_circular_insula_sup 1984 1298 2727 2.572 0.452 0.095 0.016 8 1.5
S_collat_transv_ant 1143 781 2082 2.937 0.553 0.094 0.016 5 0.7
S_collat_transv_post 584 398 682 2.135 0.494 0.120 0.021 4 0.6
S_front_inf 2136 1406 2765 2.119 0.362 0.105 0.017 15 1.6
S_front_middle 2522 1757 3703 2.086 0.490 0.113 0.019 19 2.0
S_front_sup 3341 2233 4789 2.359 0.416 0.102 0.017 21 2.6
S_interm_prim-Jensen 473 348 654 2.345 0.387 0.122 0.025 3 0.5
S_intrapariet_and_P_trans 3531 2327 4435 2.005 0.431 0.097 0.016 20 2.5
S_oc_middle_and_Lunatus 1631 1082 1767 1.926 0.357 0.118 0.019 12 1.5
S_oc_sup_and_transversal 1351 931 1638 1.828 0.416 0.116 0.020 11 1.1
S_occipital_ant 1129 754 1473 2.053 0.397 0.108 0.020 8 1.1
S_oc-temp_lat 1219 819 1692 2.460 0.483 0.116 0.019 8 1.1
S_oc-temp_med_and_Lingual 2597 1725 3285 2.195 0.548 0.097 0.015 15 1.7
S_orbital_lateral 465 336 617 2.000 0.418 0.114 0.017 3 0.3
S_orbital_med-olfact 853 568 1152 2.373 0.535 0.106 0.017 5 0.6
S_orbital-H_Shaped 1346 968 2366 2.625 0.542 0.134 0.027 15 1.6
S_parieto_occipital 2899 1897 3471 2.072 0.455 0.111 0.018 22 2.4
S_pericallosal 1790 1193 1770 1.697 0.622 0.127 0.027 29 2.0
S_postcentral 3316 2182 4168 2.120 0.470 0.099 0.017 21 2.5
S_precentral-inf-part 2299 1523 3294 2.453 0.450 0.109 0.021 15 2.1
S_precentral-sup-part 1019 676 1424 2.406 0.362 0.094 0.014 5 0.7
S_suborbital 467 328 704 2.512 0.662 0.144 0.021 5 0.5
S_subparietal 1276 895 1815 2.169 0.405 0.119 0.025 10 1.2
S_temporal_inf 1565 1083 2378 2.691 0.471 0.115 0.018 9 1.5
S_temporal_sup 7636 5068 10828 2.374 0.440 0.101 0.017 48 5.4
S_temporal_transverse 370 262 465 2.383 0.329 0.124 0.023 3 0.3
