StructName NumVert SurfArea GrayVol ThickAvg ThickStd MeanCurv GausCurv FoldInd CurvInd
G_and_S_frontomargin 1060 797 1848 2.041 0.648 0.138 0.037 13 1.8
G_and_S_occipital_inf 1592 1119 3407 2.467 0.545 0.143 0.034 21 2.0
G_and_S_paracentral 1704 1028 3099 2.503 0.588 0.103 0.021 14 1.4
G_and_S_subcentral 1948 1261 4060 2.870 0.505 0.119 0.024 21 1.9
G_and_S_transv_frontopol 1119 831 2283 2.367 0.479 0.151 0.035 18 1.7
G_and_S_cingul-Ant 3511 2475 6339 2.502 0.560 0.123 0.025 38 3.7
G_and_S_cingul-Mid-Ant 1565 1086 2842 2.523 0.497 0.115 0.019 15 1.3
G_and_S_cingul-Mid-Post 1702 1126 2858 2.546 0.469 0.108 0.020 12 1.3
G_cingul-Post-dorsal 590 409 1498 2.869 0.640 0.145 0.036 9 0.8
G_cingul-Post-ventral 357 240 640 2.172 0.749 0.151 0.044 7 0.7
G_cuneus 2522 1697 2875 1.609 0.454 0.146 0.033 33 3.6
G_front_inf-Opercular 1434 993 3731 2.885 0.389 0.123 0.024 19 1.3
G_front_inf-Orbital 421 283 1026 2.668 0.364 0.128 0.025 5 0.4
G_front_inf-Triangul 714 547 1602 2.344 0.536 0.151 0.042 12 1.4
G_front_middle 3936 3046 9845 2.491 0.560 0.152 0.037 72 6.2
G_front_sup 6874 4838 16519 2.705 0.545 0.132 0.030 88 8.5
G_Ins_lg_and_S_cent_ins 943 639 2072 3.190 0.950 0.122 0.036 11 1.2
G_insular_short 741 514 2298 3.336 0.932 0.130 0.031 11 1.0
G_occipital_middle 3013 2028 5822 2.381 0.577 0.136 0.028 41 3.5
G_occipital_sup 1800 1181 2929 2.056 0.578 0.123 0.024 21 1.7
G_oc-temp_lat-fusifor 2096 1426 5227 2.931 0.746 0.135 0.033 32 2.8
G_oc-temp_med-Lingual 3408 2336 4332 1.689 0.610 0.142 0.039 48 5.5
G_oc-temp_med-Parahip 1516 939 4279 3.105 0.959 0.106 0.032 14 1.7
G_orbital 2786 2092 7375 2.751 0.588 0.151 0.036 54 4.2
G_pariet_inf-Angular 4172 2834 8543 2.455 0.472 0.127 0.030 54 4.7
G_pariet_inf-Supramar 2875 1961 6835 2.815 0.476 0.126 0.026 36 3.0
G_parietal_sup 2520 1782 4994 2.223 0.479 0.123 0.026 30 2.8
G_postcentral 2348 1485 3898 2.153 0.479 0.111 0.024 24 2.2
G_precentral 2861 1816 6768 2.855 0.482 0.109 0.022 26 2.5
G_precuneus 2720 1882 5525 2.406 0.501 0.143 0.037 37 4.3
G_rectus 1000 694 2449 2.635 0.551 0.127 0.029 15 1.2
G_subcallosal 701 436 1210 2.777 0.828 0.099 0.031 7 0.6
G_temp_sup-G_T_transv 611 307 1064 2.665 0.320 0.107 0.026 8 0.5
G_temp_sup-Lateral 2365 1496 6229 3.060 0.663 0.116 0.025 28 2.4
G_temp_sup-Plan_polar 911 605 2289 3.294 0.772 0.098 0.025 5 0.9
G_temp_sup-Plan_tempo 1126 759 2029 2.606 0.411 0.103 0.017 8 0.8
G_temporal_inf 2717 1934 7960 3.047 0.772 0.140 0.032 43 3.3
G_temporal_middle 3506 2411 9826 3.079 0.605 0.124 0.028 45 3.7
Lat_Fis-ant-Horizont 424 282 477 2.083 0.514 0.101 0.012 2 0.3
Lat_Fis-ant-Vertical 230 159 320 2.212 0.280 0.091 0.013 1 0.1
Lat_Fis-post 1712 1126 2434 2.794 0.418 0.110 0.020 12 1.6
Pole_occipital 4002 2628 6260 1.960 0.722 0.140 0.032 50 5.3
Pole_temporal 1986 1529 7160 3.392 0.775 0.148 0.037 28 3.1
S_calcarine 2317 1538 2200 1.642 0.681 0.108 0.022 19 2.2
S_central 3429 2222 3969 2.079 0.614 0.088 0.015 14 2.3
S_cingul-Marginalis 1327 876 1643 2.069 0.416 0.087 0.013 5 0.7
S_circular_insula_ant 748 505 1112 2.606 0.597 0.110 0.023 4 0.8
S_circular_insula_inf 1662 1088 2506 2.627 0.833 0.080 0.014 6 1.1
S_circular_insula_sup 1886 1233 2575 2.498 0.509 0.094 0.016 8 1.3
S_collat_transv_ant 1159 794 2088 2.900 0.664 0.093 0.016 5 0.7
S_collat_transv_post 553 385 676 2.266 0.472 0.128 0.022 4 0.6
S_front_inf 1921 1309 2515 2.020 0.365 0.110 0.018 15 1.5
S_front_middle 2673 1911 4328 2.012 0.565 0.126 0.025 28 2.8
S_front_sup 3109 2101 4565 2.378 0.464 0.107 0.021 24 3.0
S_interm_prim-Jensen 485 345 628 2.279 0.443 0.121 0.022 3 0.6
S_intrapariet_and_P_trans 3659 2449 4947 2.092 0.446 0.105 0.019 26 3.0
S_oc_middle_and_Lunatus 1457 986 1681 2.034 0.336 0.119 0.020 11 1.3
S_oc_sup_and_transversal 1407 986 1714 1.821 0.415 0.114 0.019 11 1.1
S_occipital_ant 1083 731 1486 2.117 0.387 0.109 0.021 8 1.0
S_oc-temp_lat 1212 828 1739 2.514 0.446 0.117 0.019 9 1.1
S_oc-temp_med_and_Lingual 2582 1695 3220 2.222 0.518 0.095 0.014 14 1.6
S_orbital_lateral 366 255 456 2.007 0.415 0.120 0.017 3 0.3
S_orbital_med-olfact 830 547 1061 2.195 0.586 0.105 0.017 5 0.6
S_orbital-H_Shaped 1275 891 2159 2.551 0.630 0.126 0.028 14 1.6
S_parieto_occipital 2892 1889 3502 2.086 0.473 0.110 0.019 21 2.4
S_pericallosal 1774 1235 1857 1.817 0.710 0.132 0.028 32 2.4
S_postcentral 3231 2123 4059 2.130 0.442 0.100 0.017 21 2.4
S_precentral-inf-part 2255 1504 3308 2.467 0.432 0.107 0.021 14 2.1
S_precentral-sup-part 1050 700 1497 2.447 0.438 0.093 0.014 5 0.7
S_suborbital 477 341 685 2.340 0.725 0.148 0.022 6 0.5
S_subparietal 1341 934 1903 2.204 0.450 0.120 0.025 11 1.4
S_temporal_inf 1561 1045 2147 2.640 0.469 0.110 0.017 9 1.3
S_temporal_sup 7718 5169 11177 2.404 0.425 0.102 0.017 51 5.6
S_temporal_transverse 351 258 481 2.559 0.308 0.122 0.020 3 0.2
