StructName NumVert SurfArea GrayVol ThickAvg ThickStd MeanCurv GausCurv FoldInd CurvInd
G_and_S_frontomargin 941 765 1917 2.011 0.646 0.150 0.037 14 1.4
G_and_S_occipital_inf 1439 1010 3226 2.589 0.590 0.134 0.031 18 1.6
G_and_S_paracentral 1778 1081 3002 2.288 0.600 0.109 0.037 20 2.0
G_and_S_subcentral 2031 1361 3673 2.461 0.726 0.133 0.043 25 3.9
G_and_S_transv_frontopol 977 759 1922 2.172 0.562 0.152 0.032 15 1.3
G_and_S_cingul-Ant 3280 2358 6068 2.338 0.662 0.124 0.028 34 3.8
G_and_S_cingul-Mid-Ant 1782 1240 3407 2.593 0.593 0.115 0.022 17 1.6
G_and_S_cingul-Mid-Post 1855 1246 3375 2.657 0.553 0.107 0.023 13 1.5
G_cingul-Post-dorsal 512 420 1548 2.888 0.824 0.169 0.044 9 0.8
G_cingul-Post-ventral 375 261 797 2.530 0.722 0.142 0.039 5 0.5
G_cuneus 2391 1623 3076 1.782 0.520 0.140 0.037 31 3.6
G_front_inf-Opercular 1353 983 3904 3.010 0.426 0.129 0.030 19 1.6
G_front_inf-Orbital 439 302 1127 2.700 0.456 0.121 0.023 5 0.4
G_front_inf-Triangul 700 513 1587 2.435 0.514 0.140 0.034 10 0.8
G_front_middle 4661 3536 11459 2.482 0.634 0.144 0.033 77 6.2
G_front_sup 6884 4833 16502 2.733 0.576 0.130 0.032 90 8.2
G_Ins_lg_and_S_cent_ins 705 498 1902 3.650 0.956 0.122 0.031 9 0.8
G_insular_short 710 562 2395 3.382 0.947 0.142 0.042 12 1.0
G_occipital_middle 2975 2094 6164 2.348 0.656 0.137 0.034 44 3.9
G_occipital_sup 1692 1195 2957 2.100 0.490 0.121 0.027 20 1.8
G_oc-temp_lat-fusifor 2079 1410 6062 3.208 0.655 0.135 0.032 33 2.5
G_oc-temp_med-Lingual 3114 2132 4513 1.780 0.698 0.134 0.038 41 4.5
G_oc-temp_med-Parahip 1786 1257 5179 3.085 0.854 0.131 0.038 22 2.6
G_orbital 2818 2274 7372 2.576 0.650 0.155 0.044 56 4.8
G_pariet_inf-Angular 4111 2888 8806 2.434 0.582 0.132 0.035 60 5.4
G_pariet_inf-Supramar 2947 2175 6514 2.442 0.693 0.147 0.045 58 5.8
G_parietal_sup 2316 1711 4516 2.098 0.512 0.130 0.031 34 2.4
G_postcentral 2298 1508 4002 2.138 0.522 0.119 0.036 28 2.8
G_precentral 2950 1895 7015 2.749 0.598 0.117 0.032 34 3.2
G_precuneus 2743 1972 5922 2.407 0.556 0.149 0.040 42 4.2
G_rectus 1100 778 2637 2.556 0.596 0.143 0.047 22 1.9
G_subcallosal 634 397 1183 2.834 0.875 0.095 0.032 6 0.4
G_temp_sup-G_T_transv 451 299 1012 2.663 0.296 0.125 0.031 6 0.4
G_temp_sup-Lateral 2467 1645 6190 2.730 0.866 0.131 0.038 36 4.0
G_temp_sup-Plan_polar 733 517 2342 3.504 0.655 0.083 0.020 3 0.5
G_temp_sup-Plan_tempo 1258 858 2058 2.277 0.482 0.109 0.025 10 1.2
G_temporal_inf 2782 2091 7999 2.844 0.849 0.146 0.042 49 4.1
G_temporal_middle 3401 2536 10239 2.971 0.684 0.136 0.035 51 4.5
Lat_Fis-ant-Horizont 415 273 438 1.893 0.459 0.098 0.013 2 0.3
Lat_Fis-ant-Vertical 219 152 334 2.309 0.290 0.090 0.014 1 0.1
Lat_Fis-post 1722 1135 2474 2.716 0.503 0.107 0.021 11 1.7
Pole_occipital 3668 2495 5850 1.959 0.639 0.143 0.036 51 5.1
Pole_temporal 1950 1615 6944 3.196 0.773 0.155 0.038 33 3.0
S_calcarine 2214 1505 2446 1.863 0.690 0.106 0.023 15 2.2
S_central 3462 2292 4213 2.116 0.657 0.092 0.018 15 2.8
S_cingul-Marginalis 1348 905 1773 2.040 0.452 0.085 0.013 5 0.8
S_circular_insula_ant 719 481 1148 2.635 0.531 0.111 0.024 4 0.8
S_circular_insula_inf 1602 1029 2398 2.696 0.831 0.074 0.012 4 0.9
S_circular_insula_sup 1885 1216 2601 2.512 0.577 0.091 0.016 7 1.3
S_collat_transv_ant 1102 766 1903 2.732 0.514 0.091 0.014 5 0.6
S_collat_transv_post 629 424 806 2.138 0.636 0.108 0.021 3 0.6
S_front_inf 2009 1375 2644 1.947 0.437 0.102 0.018 13 1.5
S_front_middle 2753 1940 4259 2.002 0.563 0.118 0.022 24 2.5
S_front_sup 3055 2096 4563 2.289 0.505 0.104 0.019 18 2.7
S_interm_prim-Jensen 419 291 523 2.224 0.474 0.111 0.021 2 0.4
S_intrapariet_and_P_trans 3654 2496 4835 1.960 0.461 0.106 0.021 26 3.5
S_oc_middle_and_Lunatus 1427 937 1626 1.946 0.340 0.116 0.020 11 1.4
S_oc_sup_and_transversal 1334 949 1690 1.770 0.392 0.111 0.020 11 0.9
S_occipital_ant 1160 807 1528 2.019 0.379 0.114 0.023 10 1.2
S_oc-temp_lat 1161 789 1607 2.335 0.452 0.113 0.020 7 1.1
S_oc-temp_med_and_Lingual 2650 1804 3518 2.240 0.489 0.105 0.018 18 2.1
S_orbital_lateral 398 287 511 1.858 0.388 0.120 0.017 3 0.3
S_orbital_med-olfact 967 650 1189 2.051 0.538 0.102 0.018 5 0.8
S_orbital-H_Shaped 1372 980 2327 2.319 0.612 0.119 0.026 13 1.5
S_parieto_occipital 2802 1845 3649 2.161 0.461 0.107 0.019 20 2.3
S_pericallosal 2077 1372 2317 1.812 0.784 0.121 0.022 30 2.0
S_postcentral 3168 2117 3882 1.969 0.462 0.099 0.019 20 2.6
S_precentral-inf-part 2200 1468 3261 2.370 0.541 0.109 0.022 14 2.1
S_precentral-sup-part 983 648 1314 2.206 0.449 0.097 0.017 5 0.7
S_suborbital 478 321 721 2.375 0.969 0.131 0.019 4 0.4
S_subparietal 1298 879 1877 2.266 0.494 0.110 0.024 9 1.1
S_temporal_inf 1588 1062 2150 2.386 0.469 0.107 0.018 8 1.4
S_temporal_sup 7500 5010 10584 2.281 0.469 0.097 0.017 43 5.3
S_temporal_transverse 357 245 399 1.936 0.397 0.113 0.020 2 0.3
