StructName NumVert SurfArea GrayVol ThickAvg ThickStd MeanCurv GausCurv FoldInd CurvInd
G_and_S_frontomargin 731 585 1539 2.229 0.544 0.149 0.032 11 1.1
G_and_S_occipital_inf 1230 862 2614 2.673 0.589 0.146 0.032 16 1.7
G_and_S_paracentral 1220 703 2154 2.456 0.645 0.111 0.026 11 1.3
G_and_S_subcentral 1098 772 2478 2.751 0.481 0.124 0.021 12 1.0
G_and_S_transv_frontopol 911 769 2620 2.682 0.615 0.171 0.044 21 1.6
G_and_S_cingul-Ant 2556 1788 6072 3.177 0.559 0.117 0.026 23 2.7
G_and_S_cingul-Mid-Ant 1196 799 2490 2.907 0.578 0.113 0.022 10 1.2
G_and_S_cingul-Mid-Post 1317 871 2439 2.717 0.387 0.107 0.020 10 1.1
G_cingul-Post-dorsal 498 332 1396 3.209 0.572 0.150 0.035 7 0.7
G_cingul-Post-ventral 276 171 601 2.870 0.657 0.112 0.031 3 0.3
G_cuneus 2191 1517 2697 1.663 0.579 0.150 0.035 30 3.2
G_front_inf-Opercular 1048 765 3046 2.900 0.423 0.139 0.029 18 1.3
G_front_inf-Orbital 317 250 979 2.942 0.456 0.143 0.028 5 0.4
G_front_inf-Triangul 617 435 1558 2.609 0.536 0.132 0.022 9 0.6
G_front_middle 3835 2844 10208 2.744 0.575 0.147 0.035 70 6.1
G_front_sup 6219 4294 17186 3.152 0.556 0.132 0.028 76 7.4
G_Ins_lg_and_S_cent_ins 524 356 1283 3.326 0.695 0.093 0.027 5 0.2
G_insular_short 772 554 2432 3.241 0.988 0.140 0.036 13 1.1
G_occipital_middle 2272 1596 5681 2.769 0.486 0.140 0.030 36 2.8
G_occipital_sup 1393 993 2268 1.975 0.590 0.158 0.038 22 2.2
G_oc-temp_lat-fusifor 1312 829 3062 2.804 0.435 0.124 0.024 18 1.3
G_oc-temp_med-Lingual 2347 1612 3900 2.075 0.729 0.149 0.037 35 3.8
G_oc-temp_med-Parahip 1458 956 4095 3.163 0.787 0.119 0.028 14 1.6
G_orbital 2301 1825 6829 2.963 0.702 0.164 0.041 49 4.2
G_pariet_inf-Angular 2621 1915 6728 2.695 0.550 0.144 0.030 44 3.1
G_pariet_inf-Supramar 2195 1567 5987 2.894 0.516 0.142 0.029 34 2.7
G_parietal_sup 2150 1419 4912 2.518 0.613 0.125 0.026 31 2.2
G_postcentral 1872 1146 3266 2.211 0.583 0.110 0.022 21 1.7
G_precentral 2788 1683 6921 3.047 0.537 0.099 0.019 24 2.2
G_precuneus 2250 1562 5308 2.697 0.518 0.138 0.026 31 2.4
G_rectus 841 602 2447 2.898 0.561 0.134 0.032 17 1.2
G_subcallosal 398 249 639 2.439 1.040 0.084 0.020 2 0.4
G_temp_sup-G_T_transv 313 194 687 2.828 0.358 0.118 0.033 3 0.4
G_temp_sup-Lateral 1432 922 4607 3.400 0.517 0.122 0.024 19 1.4
G_temp_sup-Plan_polar 747 482 2049 3.676 0.587 0.079 0.015 2 0.4
G_temp_sup-Plan_tempo 731 504 1510 2.630 0.545 0.108 0.017 5 0.6
G_temporal_inf 1911 1410 5974 3.005 0.691 0.152 0.039 39 3.3
G_temporal_middle 2122 1598 6865 3.096 0.553 0.144 0.031 36 2.7
Lat_Fis-ant-Horizont 459 307 816 2.529 0.318 0.090 0.012 3 0.3
Lat_Fis-ant-Vertical 249 164 332 2.546 0.244 0.079 0.011 1 0.1
Lat_Fis-post 1178 762 1625 2.695 0.411 0.099 0.016 6 0.8
Pole_occipital 3103 1998 4408 1.993 0.588 0.134 0.031 41 4.1
Pole_temporal 1519 1139 5770 3.358 0.745 0.148 0.038 26 2.5
S_calcarine 2248 1580 2659 1.983 0.559 0.118 0.026 20 2.7
S_central 2732 1827 3279 2.085 0.598 0.098 0.019 13 2.1
S_cingul-Marginalis 1006 673 1408 2.207 0.419 0.085 0.011 5 0.5
S_circular_insula_ant 674 447 985 2.772 0.464 0.106 0.018 4 0.6
S_circular_insula_inf 996 621 1410 2.801 0.435 0.074 0.011 3 0.5
S_circular_insula_sup 1226 791 1768 2.729 0.431 0.105 0.018 6 1.0
S_collat_transv_ant 1084 751 1880 2.522 0.623 0.108 0.019 9 0.9
S_collat_transv_post 429 288 495 2.249 0.470 0.145 0.033 4 0.7
S_front_inf 1707 1136 2331 2.285 0.375 0.103 0.020 10 1.3
S_front_middle 1761 1318 3292 2.345 0.570 0.141 0.032 20 2.7
S_front_sup 2198 1473 3399 2.494 0.416 0.097 0.017 10 1.6
S_interm_prim-Jensen 334 230 444 2.202 0.319 0.098 0.013 1 0.2
S_intrapariet_and_P_trans 3413 2301 4326 2.061 0.376 0.102 0.016 22 2.4
S_oc_middle_and_Lunatus 846 569 999 2.049 0.393 0.101 0.015 5 0.6
S_oc_sup_and_transversal 1528 1024 1985 2.241 0.364 0.126 0.023 13 1.6
S_occipital_ant 516 356 765 2.471 0.389 0.123 0.025 5 0.5
S_oc-temp_lat 772 528 1109 2.431 0.323 0.110 0.017 7 0.5
S_oc-temp_med_and_Lingual 1693 1116 2538 2.453 0.460 0.100 0.018 10 1.3
S_orbital_lateral 278 204 418 2.267 0.692 0.140 0.030 3 0.3
S_orbital_med-olfact 745 515 1042 2.414 0.541 0.114 0.020 6 0.6
S_orbital-H_Shaped 1094 756 1966 2.646 0.619 0.123 0.022 10 1.2
S_parieto_occipital 1815 1214 2453 2.257 0.453 0.108 0.019 12 1.5
S_pericallosal 1018 651 1044 2.102 0.555 0.143 0.030 25 1.0
S_postcentral 2167 1411 2601 2.113 0.385 0.098 0.018 12 1.6
S_precentral-inf-part 1415 954 2227 2.571 0.339 0.093 0.014 9 0.7
S_precentral-sup-part 1595 1044 2254 2.580 0.401 0.111 0.020 10 1.4
S_suborbital 210 166 608 3.593 0.618 0.142 0.022 2 0.2
S_subparietal 1318 953 2131 2.418 0.435 0.127 0.025 12 1.6
S_temporal_inf 1267 867 1870 2.584 0.501 0.124 0.023 9 1.3
S_temporal_sup 6067 3997 10025 2.673 0.436 0.095 0.016 35 4.2
S_temporal_transverse 201 151 370 3.304 0.297 0.140 0.017 2 0.2
