StructName NumVert SurfArea GrayVol ThickAvg ThickStd MeanCurv GausCurv FoldInd CurvInd
G_and_S_frontomargin 799 611 1603 2.111 0.711 0.131 0.028 10 0.9
G_and_S_occipital_inf 1231 869 3043 2.826 0.694 0.143 0.031 17 1.6
G_and_S_paracentral 1155 743 2157 2.467 0.709 0.120 0.033 11 1.4
G_and_S_subcentral 1069 747 2683 2.844 0.642 0.119 0.023 11 0.9
G_and_S_transv_frontopol 921 769 2555 2.628 0.734 0.173 0.044 22 1.8
G_and_S_cingul-Ant 2524 1838 6087 2.944 0.684 0.124 0.028 24 2.8
G_and_S_cingul-Mid-Ant 1199 833 2716 2.914 0.686 0.115 0.022 11 1.1
G_and_S_cingul-Mid-Post 1321 879 2592 2.781 0.448 0.105 0.021 10 1.1
G_cingul-Post-dorsal 510 352 1503 3.142 0.771 0.147 0.031 7 0.6
G_cingul-Post-ventral 264 181 656 2.993 0.601 0.107 0.025 3 0.2
G_cuneus 2061 1473 2749 1.739 0.618 0.148 0.036 29 3.0
G_front_inf-Opercular 1085 784 3319 2.918 0.593 0.126 0.031 17 1.2
G_front_inf-Orbital 346 233 1075 3.162 0.443 0.142 0.034 6 0.4
G_front_inf-Triangul 589 399 1654 2.815 0.716 0.120 0.025 9 0.6
G_front_middle 3621 2770 11300 2.883 0.782 0.149 0.037 62 5.3
G_front_sup 6202 4406 18949 3.201 0.766 0.134 0.031 77 8.1
G_Ins_lg_and_S_cent_ins 450 331 1368 3.792 0.821 0.092 0.024 3 0.3
G_insular_short 591 482 2205 3.604 0.958 0.168 0.050 13 1.3
G_occipital_middle 2327 1607 6313 2.961 0.666 0.135 0.032 37 2.7
G_occipital_sup 1411 1075 2625 2.070 0.544 0.157 0.038 23 2.1
G_oc-temp_lat-fusifor 1280 818 3338 2.953 0.489 0.127 0.025 18 1.3
G_oc-temp_med-Lingual 2180 1649 4190 2.177 0.829 0.154 0.039 32 3.6
G_oc-temp_med-Parahip 1413 952 4563 3.280 0.910 0.119 0.034 15 1.5
G_orbital 2414 1918 7042 2.872 0.846 0.161 0.048 50 4.7
G_pariet_inf-Angular 2716 1927 7214 2.721 0.743 0.141 0.038 47 3.8
G_pariet_inf-Supramar 2456 1689 6823 2.956 0.734 0.132 0.033 40 3.0
G_parietal_sup 2053 1445 5242 2.555 0.719 0.132 0.028 35 2.3
G_postcentral 2065 1349 3270 2.015 0.641 0.131 0.046 36 4.2
G_precentral 2660 1686 7666 3.154 0.683 0.105 0.024 24 2.3
G_precuneus 2227 1568 5713 2.744 0.627 0.137 0.029 32 2.4
G_rectus 937 676 2296 2.363 0.826 0.164 0.058 21 2.2
G_subcallosal 533 360 899 2.694 0.992 0.145 0.061 7 1.4
G_temp_sup-G_T_transv 297 208 728 2.994 0.368 0.112 0.028 3 0.3
G_temp_sup-Lateral 1494 963 5142 3.493 0.669 0.123 0.032 20 1.8
G_temp_sup-Plan_polar 738 483 1937 3.472 0.603 0.084 0.017 3 0.5
G_temp_sup-Plan_tempo 708 483 1543 2.756 0.559 0.104 0.020 6 0.6
G_temporal_inf 2184 1550 6753 2.869 0.948 0.143 0.043 37 3.8
G_temporal_middle 2409 1693 7939 3.201 0.727 0.132 0.027 35 2.7
Lat_Fis-ant-Horizont 449 313 857 2.535 0.413 0.084 0.012 3 0.3
Lat_Fis-ant-Vertical 273 176 384 2.472 0.350 0.078 0.012 1 0.1
Lat_Fis-post 1230 774 1673 2.657 0.472 0.090 0.015 5 0.7
Pole_occipital 3163 2144 4773 2.028 0.670 0.138 0.033 41 4.4
Pole_temporal 1428 1187 5967 3.149 0.928 0.153 0.036 24 2.1
S_calcarine 2193 1524 2884 2.157 0.558 0.110 0.023 16 2.1
S_central 2810 1824 3278 2.061 0.626 0.091 0.017 12 2.1
S_cingul-Marginalis 1010 675 1469 2.237 0.457 0.083 0.010 4 0.5
S_circular_insula_ant 667 442 1056 3.004 0.577 0.106 0.019 4 0.6
S_circular_insula_inf 1024 644 1483 2.944 0.624 0.091 0.024 7 1.3
S_circular_insula_sup 1193 771 1876 2.778 0.549 0.103 0.020 6 1.0
S_collat_transv_ant 1066 748 2069 2.718 0.604 0.107 0.018 8 0.8
S_collat_transv_post 433 289 513 2.239 0.461 0.138 0.032 4 0.6
S_front_inf 1708 1079 2217 2.186 0.420 0.096 0.020 9 1.3
S_front_middle 1681 1202 2879 2.145 0.675 0.126 0.027 14 2.0
S_front_sup 2528 1714 4079 2.395 0.481 0.105 0.021 15 2.3
S_interm_prim-Jensen 339 233 442 2.046 0.379 0.091 0.010 1 0.2
S_intrapariet_and_P_trans 3334 2228 4190 1.975 0.403 0.098 0.016 21 2.4
S_oc_middle_and_Lunatus 846 559 977 1.968 0.371 0.094 0.013 4 0.5
S_oc_sup_and_transversal 1500 997 1916 2.206 0.315 0.122 0.022 12 1.5
S_occipital_ant 514 351 797 2.517 0.504 0.124 0.026 4 0.7
S_oc-temp_lat 745 498 1064 2.455 0.365 0.098 0.012 4 0.4
S_oc-temp_med_and_Lingual 1656 1086 2593 2.539 0.553 0.098 0.017 10 1.2
S_orbital_lateral 275 188 399 2.382 0.741 0.126 0.025 3 0.3
S_orbital_med-olfact 1034 716 1322 2.196 0.487 0.106 0.020 6 0.8
S_orbital-H_Shaped 1264 858 2313 2.663 0.677 0.110 0.019 8 1.2
S_parieto_occipital 1754 1166 2554 2.357 0.450 0.101 0.017 9 1.3
S_pericallosal 1189 733 1140 1.947 0.617 0.122 0.019 18 0.7
S_postcentral 2216 1410 2632 2.095 0.422 0.091 0.017 11 1.5
S_precentral-inf-part 1461 963 2243 2.485 0.409 0.089 0.015 9 0.8
S_precentral-sup-part 1567 1027 2185 2.479 0.413 0.107 0.020 10 1.4
S_suborbital 268 193 687 3.410 0.552 0.117 0.018 2 0.2
S_subparietal 1363 950 2136 2.361 0.471 0.120 0.024 11 1.4
S_temporal_inf 1306 844 1676 2.412 0.541 0.115 0.022 9 1.3
S_temporal_sup 6443 4219 10686 2.607 0.543 0.092 0.016 34 4.5
S_temporal_transverse 178 133 364 3.237 0.273 0.119 0.016 1 0.2
