StructName NumVert SurfArea GrayVol ThickAvg ThickStd MeanCurv GausCurv FoldInd CurvInd
G_and_S_frontomargin 813 651 1685 2.180 0.603 0.146 0.034 14 1.4
G_and_S_occipital_inf 1225 846 2621 2.760 0.621 0.143 0.031 15 1.6
G_and_S_paracentral 1281 769 2414 2.484 0.664 0.119 0.027 11 1.5
G_and_S_subcentral 1110 756 2410 2.712 0.529 0.121 0.022 13 1.0
G_and_S_transv_frontopol 1031 835 2516 2.520 0.557 0.165 0.035 20 1.6
G_and_S_cingul-Ant 2551 1811 5763 2.988 0.542 0.122 0.026 25 2.9
G_and_S_cingul-Mid-Ant 1236 840 2642 2.902 0.583 0.116 0.021 11 1.2
G_and_S_cingul-Mid-Post 1369 883 2522 2.711 0.456 0.104 0.019 10 1.0
G_cingul-Post-dorsal 506 335 1415 3.140 0.657 0.152 0.035 8 0.7
G_cingul-Post-ventral 267 176 657 2.976 0.731 0.111 0.025 3 0.3
G_cuneus 2204 1498 2733 1.694 0.578 0.147 0.033 30 2.9
G_front_inf-Opercular 1105 778 3035 2.868 0.435 0.133 0.029 19 1.3
G_front_inf-Orbital 325 216 934 3.059 0.449 0.138 0.028 5 0.3
G_front_inf-Triangul 654 436 1613 2.650 0.588 0.122 0.020 8 0.6
G_front_middle 3603 2647 9912 2.777 0.630 0.145 0.030 63 4.5
G_front_sup 6562 4450 18200 3.183 0.573 0.129 0.027 85 7.2
G_Ins_lg_and_S_cent_ins 488 320 1243 3.594 0.714 0.074 0.017 2 0.2
G_insular_short 628 451 2200 3.554 0.921 0.138 0.040 11 1.1
G_occipital_middle 2367 1547 5705 2.851 0.594 0.132 0.028 39 2.6
G_occipital_sup 1525 1041 2351 1.939 0.539 0.149 0.033 22 2.2
G_oc-temp_lat-fusifor 1293 823 3052 2.825 0.561 0.128 0.027 17 1.5
G_oc-temp_med-Lingual 2461 1724 3870 1.968 0.762 0.152 0.042 35 4.3
G_oc-temp_med-Parahip 1428 938 4219 3.286 0.961 0.142 0.040 25 2.8
G_orbital 2215 1717 6682 3.031 0.615 0.163 0.046 52 4.3
G_pariet_inf-Angular 2739 1929 6861 2.709 0.541 0.139 0.029 41 3.3
G_pariet_inf-Supramar 2260 1588 6044 2.924 0.486 0.137 0.029 34 2.7
G_parietal_sup 2081 1409 4477 2.387 0.588 0.128 0.026 29 2.2
G_postcentral 1957 1151 3203 2.165 0.531 0.103 0.018 20 1.6
G_precentral 2851 1602 6826 3.134 0.572 0.089 0.017 21 1.9
G_precuneus 2485 1677 5874 2.750 0.561 0.139 0.027 37 2.6
G_rectus 836 625 2370 2.695 0.640 0.145 0.047 14 1.5
G_subcallosal 448 311 839 2.798 1.031 0.120 0.037 4 0.6
G_temp_sup-G_T_transv 342 191 707 2.916 0.494 0.092 0.019 3 0.2
G_temp_sup-Lateral 1508 945 4887 3.451 0.514 0.118 0.024 20 1.4
G_temp_sup-Plan_polar 711 459 1907 3.646 0.629 0.078 0.015 2 0.4
G_temp_sup-Plan_tempo 741 496 1552 2.731 0.492 0.110 0.017 7 0.6
G_temporal_inf 2064 1408 6455 3.081 0.784 0.138 0.035 33 3.1
G_temporal_middle 2244 1618 7479 3.208 0.627 0.137 0.029 33 2.7
Lat_Fis-ant-Horizont 470 315 842 2.517 0.333 0.088 0.012 3 0.3
Lat_Fis-ant-Vertical 302 199 423 2.514 0.320 0.074 0.011 1 0.1
Lat_Fis-post 1277 842 1772 2.640 0.381 0.100 0.016 6 0.9
Pole_occipital 3317 2100 4782 2.023 0.643 0.131 0.028 40 4.0
Pole_temporal 1558 1196 6312 3.458 0.805 0.144 0.033 24 2.1
S_calcarine 2196 1475 2395 1.884 0.563 0.112 0.025 17 2.2
S_central 2878 1896 3348 2.037 0.647 0.095 0.017 14 2.1
S_cingul-Marginalis 1053 695 1496 2.283 0.435 0.087 0.011 5 0.5
S_circular_insula_ant 663 439 969 2.845 0.448 0.106 0.019 4 0.6
S_circular_insula_inf 1029 647 1601 3.122 0.619 0.069 0.009 3 0.4
S_circular_insula_sup 1254 838 1866 2.667 0.452 0.113 0.021 8 1.2
S_collat_transv_ant 1169 785 2159 2.764 0.534 0.100 0.016 7 0.8
S_collat_transv_post 438 299 513 2.311 0.391 0.146 0.032 4 0.7
S_front_inf 1748 1137 2260 2.223 0.351 0.104 0.020 10 1.4
S_front_middle 1833 1360 3135 2.230 0.568 0.147 0.035 24 3.1
S_front_sup 2481 1680 3912 2.514 0.442 0.100 0.017 14 1.9
S_interm_prim-Jensen 364 255 501 2.230 0.334 0.103 0.014 2 0.3
S_intrapariet_and_P_trans 3435 2312 4265 2.038 0.394 0.101 0.015 22 2.4
S_oc_middle_and_Lunatus 848 566 968 2.025 0.338 0.100 0.015 5 0.5
S_oc_sup_and_transversal 1493 986 1913 2.243 0.344 0.122 0.023 12 1.6
S_occipital_ant 550 374 819 2.407 0.403 0.132 0.028 6 0.7
S_oc-temp_lat 787 530 1121 2.400 0.326 0.107 0.015 6 0.5
S_oc-temp_med_and_Lingual 1743 1138 2589 2.449 0.517 0.102 0.019 11 1.4
S_orbital_lateral 325 230 496 2.443 0.700 0.138 0.024 3 0.4
S_orbital_med-olfact 772 513 1039 2.370 0.620 0.106 0.019 5 0.6
S_orbital-H_Shaped 1139 790 1973 2.584 0.625 0.119 0.022 10 1.2
S_parieto_occipital 1849 1234 2558 2.305 0.480 0.111 0.019 13 1.6
S_pericallosal 1156 743 1140 1.978 0.564 0.128 0.021 17 0.9
S_postcentral 2171 1419 2649 2.131 0.391 0.093 0.016 11 1.4
S_precentral-inf-part 1460 971 2242 2.522 0.329 0.091 0.013 8 0.8
S_precentral-sup-part 1535 1008 2240 2.646 0.365 0.108 0.019 10 1.2
S_suborbital 190 141 413 3.249 0.677 0.143 0.023 2 0.2
S_subparietal 1194 834 1844 2.399 0.385 0.120 0.021 9 1.1
S_temporal_inf 1323 913 2016 2.658 0.460 0.130 0.025 10 1.5
S_temporal_sup 6123 4037 10052 2.687 0.419 0.094 0.015 33 4.0
S_temporal_transverse 207 159 401 3.203 0.363 0.133 0.019 1 0.2
