StructName NumVert SurfArea GrayVol ThickAvg ThickStd MeanCurv GausCurv FoldInd CurvInd
G_and_S_frontomargin 824 633 1653 2.202 0.600 0.136 0.030 10 1.1
G_and_S_occipital_inf 1284 909 2992 2.853 0.599 0.148 0.031 16 1.8
G_and_S_paracentral 1259 760 2219 2.365 0.687 0.120 0.027 11 1.5
G_and_S_subcentral 1138 782 2501 2.739 0.563 0.123 0.023 12 1.1
G_and_S_transv_frontopol 953 773 2421 2.464 0.662 0.172 0.042 23 1.8
G_and_S_cingul-Ant 2651 1858 5874 3.023 0.513 0.120 0.025 24 2.7
G_and_S_cingul-Mid-Ant 1181 811 2564 2.890 0.609 0.113 0.023 11 1.1
G_and_S_cingul-Mid-Post 1281 835 2373 2.792 0.459 0.105 0.021 9 1.1
G_cingul-Post-dorsal 483 332 1432 3.167 0.648 0.151 0.037 7 0.7
G_cingul-Post-ventral 256 159 585 2.988 0.675 0.111 0.028 3 0.2
G_cuneus 2177 1526 2896 1.667 0.676 0.152 0.034 31 3.2
G_front_inf-Opercular 1114 785 3260 3.015 0.576 0.132 0.028 17 1.3
G_front_inf-Orbital 393 268 1119 3.031 0.416 0.140 0.029 6 0.4
G_front_inf-Triangul 643 431 1668 2.728 0.618 0.121 0.021 8 0.6
G_front_middle 3925 2882 11040 2.823 0.676 0.146 0.033 61 5.8
G_front_sup 6370 4351 18033 3.220 0.601 0.130 0.028 79 7.6
G_Ins_lg_and_S_cent_ins 546 364 1311 3.448 0.876 0.089 0.024 4 0.4
G_insular_short 613 434 2115 3.527 0.868 0.146 0.041 9 1.1
G_occipital_middle 2333 1518 5605 2.825 0.563 0.131 0.028 32 2.5
G_occipital_sup 1434 1024 2328 1.936 0.586 0.154 0.034 22 2.0
G_oc-temp_lat-fusifor 1371 858 3316 2.844 0.482 0.128 0.024 18 1.3
G_oc-temp_med-Lingual 2345 1636 3895 2.035 0.787 0.144 0.038 32 3.6
G_oc-temp_med-Parahip 1518 949 4449 3.338 0.897 0.117 0.028 15 1.8
G_orbital 2291 1770 6857 3.007 0.654 0.162 0.046 51 4.3
G_pariet_inf-Angular 2775 1917 6843 2.694 0.633 0.138 0.030 42 3.2
G_pariet_inf-Supramar 2263 1554 6240 2.987 0.564 0.135 0.030 31 2.7
G_parietal_sup 2141 1439 4916 2.473 0.675 0.128 0.027 29 2.3
G_postcentral 1927 1149 2979 2.035 0.632 0.108 0.023 19 1.8
G_precentral 2872 1649 7123 3.124 0.678 0.098 0.020 24 2.4
G_precuneus 2267 1545 5587 2.778 0.603 0.138 0.028 32 2.4
G_rectus 822 591 2247 2.718 0.654 0.132 0.042 14 1.4
G_subcallosal 505 368 867 2.550 0.932 0.173 0.080 11 1.8
G_temp_sup-G_T_transv 319 193 677 2.813 0.442 0.103 0.025 3 0.3
G_temp_sup-Lateral 1436 889 4792 3.528 0.546 0.117 0.021 17 1.1
G_temp_sup-Plan_polar 673 437 1768 3.522 0.636 0.088 0.023 3 0.6
G_temp_sup-Plan_tempo 734 504 1577 2.775 0.557 0.105 0.017 6 0.5
G_temporal_inf 2006 1392 6676 3.218 0.765 0.144 0.037 31 3.2
G_temporal_middle 2226 1541 7399 3.304 0.657 0.133 0.029 31 2.6
Lat_Fis-ant-Horizont 496 330 902 2.608 0.399 0.088 0.011 3 0.3
Lat_Fis-ant-Vertical 263 174 375 2.648 0.456 0.074 0.010 1 0.1
Lat_Fis-post 1154 768 1585 2.616 0.401 0.105 0.020 6 1.0
Pole_occipital 3340 2131 4550 1.908 0.639 0.135 0.030 43 4.3
Pole_temporal 1463 1153 5640 3.334 0.795 0.153 0.040 25 2.4
S_calcarine 2289 1586 2482 1.823 0.582 0.118 0.026 20 2.6
S_central 2815 1878 3166 1.959 0.631 0.101 0.020 15 2.3
S_cingul-Marginalis 989 657 1327 2.169 0.418 0.084 0.010 4 0.5
S_circular_insula_ant 658 432 980 2.874 0.515 0.105 0.018 3 0.6
S_circular_insula_inf 1004 647 1561 3.013 0.570 0.074 0.011 3 0.5
S_circular_insula_sup 1216 805 1826 2.827 0.493 0.110 0.020 6 1.1
S_collat_transv_ant 993 680 1821 2.734 0.614 0.104 0.018 6 0.7
S_collat_transv_post 435 302 528 2.298 0.428 0.147 0.034 4 0.7
S_front_inf 1715 1122 2207 2.199 0.418 0.099 0.019 9 1.2
S_front_middle 1638 1154 2640 2.337 0.575 0.128 0.027 13 2.1
S_front_sup 2306 1546 3794 2.626 0.419 0.104 0.021 15 2.2
S_interm_prim-Jensen 348 234 410 1.971 0.327 0.094 0.012 1 0.2
S_intrapariet_and_P_trans 3376 2256 4036 1.982 0.429 0.099 0.015 21 2.3
S_oc_middle_and_Lunatus 905 602 1008 1.978 0.374 0.102 0.015 5 0.6
S_oc_sup_and_transversal 1566 1043 1995 2.209 0.357 0.124 0.024 13 1.6
S_occipital_ant 465 320 675 2.269 0.387 0.131 0.034 5 0.6
S_oc-temp_lat 702 479 1016 2.448 0.371 0.097 0.012 3 0.4
S_oc-temp_med_and_Lingual 1715 1131 2557 2.487 0.499 0.104 0.019 11 1.4
S_orbital_lateral 285 204 400 2.315 0.665 0.138 0.027 3 0.4
S_orbital_med-olfact 720 474 1008 2.428 0.632 0.098 0.016 4 0.5
S_orbital-H_Shaped 1120 760 1936 2.466 0.596 0.111 0.022 8 1.1
S_parieto_occipital 1866 1241 2567 2.322 0.480 0.108 0.019 12 1.6
S_pericallosal 1133 736 1122 2.004 0.533 0.129 0.020 17 0.9
S_postcentral 2304 1490 2615 1.994 0.440 0.094 0.017 12 1.6
S_precentral-inf-part 1359 899 2043 2.552 0.365 0.090 0.013 8 0.7
S_precentral-sup-part 1570 1024 2211 2.593 0.392 0.109 0.020 10 1.4
S_suborbital 232 182 526 3.318 0.629 0.165 0.028 3 0.3
S_subparietal 1347 954 2150 2.392 0.389 0.126 0.024 12 1.5
S_temporal_inf 1256 850 1877 2.719 0.546 0.125 0.024 9 1.4
S_temporal_sup 6509 4249 10707 2.695 0.441 0.094 0.016 36 4.3
S_temporal_transverse 207 160 399 3.196 0.412 0.147 0.017 2 0.2
