StructName NumVert SurfArea GrayVol ThickAvg ThickStd MeanCurv GausCurv FoldInd CurvInd
G_and_S_frontomargin 773 618 1597 2.248 0.543 0.149 0.035 11 1.4
G_and_S_occipital_inf 1207 805 2541 2.804 0.612 0.140 0.030 15 1.5
G_and_S_paracentral 1153 679 2236 2.583 0.658 0.112 0.024 10 1.1
G_and_S_subcentral 1057 731 2462 2.852 0.481 0.120 0.019 12 0.8
G_and_S_transv_frontopol 935 770 2417 2.639 0.524 0.170 0.041 20 1.6
G_and_S_cingul-Ant 2540 1765 6082 3.143 0.642 0.117 0.025 24 2.6
G_and_S_cingul-Mid-Ant 1136 788 2516 2.928 0.588 0.117 0.020 11 1.1
G_and_S_cingul-Mid-Post 1283 849 2379 2.664 0.454 0.105 0.019 10 1.0
G_cingul-Post-dorsal 484 306 1411 3.365 0.669 0.145 0.035 7 0.7
G_cingul-Post-ventral 260 154 575 3.002 0.811 0.108 0.030 3 0.2
G_cuneus 1661 1155 2268 1.844 0.607 0.140 0.031 21 2.1
G_front_inf-Opercular 1070 775 3050 2.945 0.472 0.132 0.025 17 1.2
G_front_inf-Orbital 367 255 1100 3.133 0.429 0.141 0.026 7 0.4
G_front_inf-Triangul 598 413 1512 2.612 0.574 0.132 0.021 8 0.6
G_front_middle 3885 2883 10402 2.724 0.567 0.151 0.036 71 6.1
G_front_sup 5980 4183 16567 3.153 0.622 0.131 0.026 71 6.9
G_Ins_lg_and_S_cent_ins 543 361 1424 3.763 0.823 0.095 0.023 4 0.3
G_insular_short 583 422 2123 3.665 0.874 0.136 0.032 8 0.8
G_occipital_middle 2293 1546 5459 2.769 0.511 0.134 0.027 33 2.6
G_occipital_sup 1399 944 2059 1.904 0.529 0.149 0.035 20 2.1
G_oc-temp_lat-fusifor 1352 889 3125 2.773 0.555 0.132 0.032 18 1.8
G_oc-temp_med-Lingual 2210 1536 3123 1.848 0.662 0.153 0.043 32 4.1
G_oc-temp_med-Parahip 1484 952 4352 3.303 0.946 0.120 0.029 17 1.7
G_orbital 2160 1640 6465 3.026 0.698 0.153 0.040 44 3.3
G_pariet_inf-Angular 2653 1915 6323 2.602 0.533 0.141 0.030 42 3.3
G_pariet_inf-Supramar 2195 1532 5739 2.886 0.507 0.136 0.028 29 2.6
G_parietal_sup 2167 1527 4658 2.305 0.575 0.129 0.025 29 2.4
G_postcentral 1734 1118 2962 2.117 0.547 0.116 0.022 19 1.8
G_precentral 2696 1654 6632 2.987 0.548 0.101 0.019 23 2.2
G_precuneus 2244 1474 5404 2.831 0.586 0.133 0.026 30 2.3
G_rectus 786 523 2124 2.778 0.615 0.135 0.035 15 1.0
G_subcallosal 519 396 863 2.469 0.973 0.171 0.064 9 1.6
G_temp_sup-G_T_transv 328 198 726 2.890 0.403 0.101 0.021 3 0.2
G_temp_sup-Lateral 1415 919 4639 3.454 0.461 0.125 0.026 18 1.4
G_temp_sup-Plan_polar 780 495 2170 3.757 0.645 0.079 0.017 3 0.5
G_temp_sup-Plan_tempo 707 489 1501 2.711 0.542 0.104 0.016 5 0.5
G_temporal_inf 1802 1343 5965 3.140 0.677 0.151 0.037 32 2.8
G_temporal_middle 2133 1535 7175 3.287 0.627 0.139 0.029 32 2.6
Lat_Fis-ant-Horizont 451 308 825 2.653 0.324 0.085 0.012 3 0.2
Lat_Fis-ant-Vertical 279 187 375 2.490 0.269 0.080 0.011 1 0.1
Lat_Fis-post 1168 779 1707 2.752 0.502 0.096 0.016 6 0.8
Pole_occipital 3041 1985 3847 1.818 0.566 0.136 0.030 38 4.0
Pole_temporal 1451 1081 5938 3.534 0.817 0.137 0.030 23 1.7
S_calcarine 1834 1340 2058 1.828 0.678 0.163 0.050 33 4.4
S_central 2586 1762 2892 1.941 0.595 0.103 0.020 15 2.1
S_cingul-Marginalis 918 617 1233 2.206 0.385 0.083 0.008 4 0.4
S_circular_insula_ant 656 459 1049 2.830 0.514 0.111 0.020 4 0.6
S_circular_insula_inf 964 607 1441 3.052 0.615 0.070 0.008 2 0.4
S_circular_insula_sup 1076 705 1653 3.013 0.450 0.100 0.018 5 0.8
S_collat_transv_ant 1014 714 1917 2.841 0.483 0.104 0.014 7 0.6
S_collat_transv_post 462 331 601 2.333 0.420 0.154 0.035 5 0.7
S_front_inf 1713 1133 2321 2.356 0.343 0.101 0.018 10 1.3
S_front_middle 1504 1075 2215 2.151 0.517 0.130 0.028 13 1.9
S_front_sup 2101 1396 3128 2.466 0.463 0.094 0.016 9 1.5
S_interm_prim-Jensen 333 226 395 1.953 0.304 0.086 0.009 1 0.2
S_intrapariet_and_P_trans 3093 2083 3724 2.002 0.425 0.100 0.014 19 2.1
S_oc_middle_and_Lunatus 807 546 916 2.010 0.354 0.108 0.016 5 0.6
S_oc_sup_and_transversal 1532 1036 2033 2.255 0.365 0.123 0.022 12 1.5
S_occipital_ant 493 359 880 2.587 0.377 0.130 0.028 5 0.5
S_oc-temp_lat 761 524 1181 2.577 0.388 0.107 0.017 5 0.5
S_oc-temp_med_and_Lingual 1706 1140 2506 2.454 0.522 0.104 0.019 12 1.4
S_orbital_lateral 297 216 442 2.345 0.631 0.126 0.027 2 0.4
S_orbital_med-olfact 792 538 1120 2.448 0.575 0.111 0.017 6 0.6
S_orbital-H_Shaped 1115 776 2068 2.777 0.580 0.116 0.021 8 1.1
S_parieto_occipital 1753 1197 2452 2.286 0.501 0.110 0.018 12 1.4
S_pericallosal 1117 731 1082 1.965 0.646 0.128 0.019 17 0.9
S_postcentral 2103 1388 2530 2.080 0.428 0.093 0.017 11 1.4
S_precentral-inf-part 1286 861 1922 2.545 0.384 0.087 0.010 6 0.5
S_precentral-sup-part 1502 1001 2136 2.560 0.410 0.108 0.020 10 1.3
S_suborbital 270 192 753 3.897 0.810 0.114 0.019 2 0.2
S_subparietal 1350 935 2183 2.438 0.508 0.121 0.024 11 1.3
S_temporal_inf 1209 836 1977 2.782 0.633 0.128 0.024 10 1.3
S_temporal_sup 6079 4054 10330 2.728 0.428 0.093 0.015 33 4.0
S_temporal_transverse 178 141 356 3.433 0.373 0.143 0.015 1 0.2
