StructName NumVert SurfArea GrayVol ThickAvg ThickStd MeanCurv GausCurv FoldInd CurvInd
G_and_S_frontomargin 788 619 1624 2.176 0.639 0.149 0.032 12 1.3
G_and_S_occipital_inf 1255 872 2831 2.803 0.648 0.144 0.028 16 1.5
G_and_S_paracentral 1204 727 2251 2.463 0.642 0.117 0.027 11 1.4
G_and_S_subcentral 1042 723 2356 2.745 0.601 0.119 0.021 11 0.9
G_and_S_transv_frontopol 967 794 2679 2.638 0.703 0.163 0.037 18 1.6
G_and_S_cingul-Ant 2648 1862 5857 2.954 0.574 0.116 0.024 22 2.7
G_and_S_cingul-Mid-Ant 1175 798 2549 2.957 0.544 0.112 0.020 10 1.0
G_and_S_cingul-Mid-Post 1315 851 2425 2.735 0.428 0.103 0.019 10 1.0
G_cingul-Post-dorsal 504 338 1386 3.055 0.651 0.154 0.034 8 0.7
G_cingul-Post-ventral 261 168 625 2.895 0.799 0.115 0.030 3 0.2
G_cuneus 2123 1486 2682 1.676 0.585 0.149 0.033 29 2.9
G_front_inf-Opercular 1162 791 3134 2.874 0.524 0.127 0.025 16 1.3
G_front_inf-Orbital 401 270 1148 3.084 0.384 0.143 0.028 6 0.4
G_front_inf-Triangul 638 423 1593 2.635 0.662 0.122 0.019 8 0.5
G_front_middle 3940 2913 10869 2.811 0.678 0.146 0.032 66 5.3
G_front_sup 6363 4303 17716 3.197 0.576 0.129 0.028 79 7.4
G_Ins_lg_and_S_cent_ins 516 331 1189 3.545 0.800 0.086 0.027 4 0.3
G_insular_short 730 497 2313 3.379 1.004 0.128 0.034 9 1.1
G_occipital_middle 2323 1534 5833 2.924 0.586 0.135 0.029 33 2.8
G_occipital_sup 1512 1060 2464 1.975 0.555 0.153 0.036 23 2.3
G_oc-temp_lat-fusifor 1240 799 3030 2.854 0.449 0.131 0.023 17 1.2
G_oc-temp_med-Lingual 2408 1677 3835 2.011 0.784 0.144 0.039 32 3.9
G_oc-temp_med-Parahip 1531 962 4579 3.376 0.962 0.114 0.026 14 1.6
G_orbital 2331 1765 6741 2.963 0.667 0.153 0.041 48 3.7
G_pariet_inf-Angular 2802 1956 7277 2.791 0.612 0.136 0.029 43 3.2
G_pariet_inf-Supramar 2231 1562 6200 2.991 0.535 0.136 0.027 31 2.6
G_parietal_sup 2030 1410 4806 2.485 0.635 0.131 0.027 29 2.3
G_postcentral 1846 1141 3060 2.094 0.565 0.110 0.021 18 1.7
G_precentral 2916 1667 7179 3.120 0.592 0.093 0.018 23 2.1
G_precuneus 2280 1575 5738 2.799 0.563 0.143 0.028 34 2.6
G_rectus 841 610 2458 2.833 0.638 0.136 0.036 16 1.3
G_subcallosal 446 287 707 2.463 1.016 0.099 0.029 4 0.4
G_temp_sup-G_T_transv 341 202 684 2.714 0.438 0.102 0.024 3 0.3
G_temp_sup-Lateral 1432 896 4688 3.481 0.584 0.118 0.024 17 1.3
G_temp_sup-Plan_polar 782 503 2123 3.626 0.641 0.079 0.015 3 0.5
G_temp_sup-Plan_tempo 735 505 1547 2.721 0.528 0.105 0.015 5 0.5
G_temporal_inf 2024 1393 6543 3.187 0.727 0.138 0.033 33 2.7
G_temporal_middle 2232 1567 7285 3.222 0.654 0.133 0.028 32 2.5
Lat_Fis-ant-Horizont 484 329 853 2.486 0.356 0.090 0.012 3 0.3
Lat_Fis-ant-Vertical 282 186 388 2.493 0.412 0.076 0.009 1 0.1
Lat_Fis-post 1197 792 1661 2.646 0.440 0.100 0.016 6 0.8
Pole_occipital 3363 2146 4563 1.920 0.590 0.133 0.031 42 4.2
Pole_temporal 1509 1094 5796 3.456 0.765 0.143 0.033 22 2.2
S_calcarine 2236 1504 2337 1.817 0.524 0.115 0.025 20 2.3
S_central 2828 1872 3257 2.021 0.646 0.098 0.018 15 2.1
S_cingul-Marginalis 971 654 1330 2.218 0.392 0.083 0.009 4 0.4
S_circular_insula_ant 653 430 944 2.753 0.458 0.107 0.019 4 0.6
S_circular_insula_inf 993 641 1569 3.077 0.658 0.071 0.009 3 0.4
S_circular_insula_sup 1191 777 1751 2.793 0.515 0.108 0.019 6 1.0
S_collat_transv_ant 1092 726 2041 2.787 0.663 0.104 0.017 7 0.8
S_collat_transv_post 426 285 489 2.246 0.377 0.149 0.033 4 0.7
S_front_inf 1738 1130 2222 2.184 0.389 0.101 0.019 10 1.3
S_front_middle 1784 1332 3270 2.253 0.630 0.145 0.033 22 2.8
S_front_sup 2178 1443 3403 2.582 0.410 0.096 0.017 10 1.6
S_interm_prim-Jensen 332 236 457 2.262 0.305 0.104 0.013 1 0.2
S_intrapariet_and_P_trans 3464 2297 4374 2.070 0.404 0.099 0.015 22 2.4
S_oc_middle_and_Lunatus 865 578 997 2.052 0.328 0.100 0.016 5 0.5
S_oc_sup_and_transversal 1569 1039 2038 2.264 0.357 0.123 0.022 12 1.6
S_occipital_ant 465 324 706 2.416 0.377 0.135 0.026 6 0.5
S_oc-temp_lat 705 478 1012 2.427 0.317 0.103 0.014 4 0.5
S_oc-temp_med_and_Lingual 1692 1095 2473 2.478 0.530 0.103 0.019 11 1.3
S_orbital_lateral 289 217 436 2.425 0.734 0.140 0.028 3 0.4
S_orbital_med-olfact 774 501 965 2.276 0.619 0.097 0.013 4 0.4
S_orbital-H_Shaped 1188 825 2166 2.685 0.561 0.118 0.021 9 1.3
S_parieto_occipital 1846 1224 2491 2.289 0.497 0.110 0.019 12 1.5
S_pericallosal 1182 754 1173 2.002 0.554 0.120 0.019 16 1.0
S_postcentral 2224 1455 2708 2.126 0.400 0.093 0.016 11 1.4
S_precentral-inf-part 1411 937 2035 2.462 0.331 0.087 0.011 6 0.6
S_precentral-sup-part 1537 1001 2181 2.620 0.366 0.106 0.018 9 1.3
S_suborbital 190 144 445 3.313 0.648 0.144 0.022 2 0.2
S_subparietal 1376 972 2117 2.358 0.380 0.125 0.025 12 1.5
S_temporal_inf 1354 915 2056 2.637 0.564 0.125 0.022 10 1.4
S_temporal_sup 6277 4126 10423 2.699 0.423 0.095 0.016 36 4.3
S_temporal_transverse 198 149 365 3.177 0.270 0.131 0.013 2 0.2
