StructName NumVert SurfArea GrayVol ThickAvg ThickStd MeanCurv GausCurv FoldInd CurvInd
G_and_S_frontomargin 756 599 1514 2.047 0.656 0.152 0.034 11 1.3
G_and_S_occipital_inf 1244 852 2788 2.788 0.716 0.143 0.032 16 1.7
G_and_S_paracentral 1172 762 2450 2.576 0.654 0.120 0.025 10 1.2
G_and_S_subcentral 1079 749 2529 2.831 0.557 0.118 0.020 11 0.9
G_and_S_transv_frontopol 937 814 2669 2.473 0.705 0.185 0.049 25 2.2
G_and_S_cingul-Ant 2541 1809 5577 2.859 0.609 0.122 0.027 24 3.0
G_and_S_cingul-Mid-Ant 1184 826 2596 2.845 0.566 0.119 0.022 12 1.2
G_and_S_cingul-Mid-Post 1264 835 2353 2.686 0.438 0.105 0.021 9 1.1
G_cingul-Post-dorsal 499 339 1435 3.088 0.610 0.151 0.037 8 0.7
G_cingul-Post-ventral 268 171 615 2.892 0.765 0.119 0.030 4 0.3
G_cuneus 2153 1569 2593 1.567 0.633 0.155 0.034 29 3.1
G_front_inf-Opercular 1076 756 3066 2.933 0.614 0.128 0.025 15 1.1
G_front_inf-Orbital 323 238 1002 3.119 0.373 0.149 0.028 5 0.4
G_front_inf-Triangul 652 465 1697 2.589 0.636 0.127 0.020 9 0.6
G_front_middle 3764 3052 10771 2.695 0.664 0.166 0.037 73 6.7
G_front_sup 5904 4286 17181 3.118 0.602 0.139 0.030 81 7.7
G_Ins_lg_and_S_cent_ins 472 311 1207 3.700 0.713 0.080 0.025 3 0.2
G_insular_short 623 454 2147 3.516 0.985 0.138 0.038 9 0.9
G_occipital_middle 2302 1578 5826 2.853 0.647 0.135 0.027 31 2.6
G_occipital_sup 1542 1103 2405 1.887 0.578 0.156 0.037 23 2.4
G_oc-temp_lat-fusifor 1318 886 3116 2.715 0.635 0.135 0.031 18 1.8
G_oc-temp_med-Lingual 2413 1747 3424 1.782 0.757 0.155 0.041 34 4.0
G_oc-temp_med-Parahip 1480 933 4467 3.373 0.963 0.122 0.028 15 1.8
G_orbital 2228 1804 6903 2.963 0.716 0.176 0.051 54 5.1
G_pariet_inf-Angular 2756 1918 6977 2.785 0.624 0.139 0.030 41 3.3
G_pariet_inf-Supramar 2213 1566 6172 3.030 0.516 0.138 0.029 30 2.7
G_parietal_sup 2082 1465 4990 2.516 0.652 0.131 0.027 31 2.4
G_postcentral 1868 1149 3238 2.192 0.572 0.110 0.020 21 1.6
G_precentral 2680 1618 7080 3.134 0.625 0.097 0.018 21 2.0
G_precuneus 2231 1523 5773 2.896 0.555 0.141 0.030 37 2.8
G_rectus 827 624 2504 2.732 0.717 0.149 0.046 16 1.5
G_subcallosal 425 314 781 2.684 0.898 0.157 0.067 6 1.7
G_temp_sup-G_T_transv 328 204 696 2.770 0.513 0.106 0.025 3 0.3
G_temp_sup-Lateral 1418 900 4807 3.543 0.565 0.120 0.023 17 1.2
G_temp_sup-Plan_polar 794 513 2116 3.710 0.753 0.089 0.017 4 0.6
G_temp_sup-Plan_tempo 708 492 1568 2.808 0.503 0.106 0.015 6 0.5
G_temporal_inf 2084 1482 6743 3.129 0.806 0.144 0.036 37 3.2
G_temporal_middle 2263 1568 7569 3.296 0.664 0.134 0.027 32 2.5
Lat_Fis-ant-Horizont 443 312 818 2.540 0.352 0.090 0.013 3 0.3
Lat_Fis-ant-Vertical 271 178 401 2.583 0.302 0.077 0.010 1 0.1
Lat_Fis-post 1213 799 1669 2.643 0.427 0.104 0.018 7 1.0
Pole_occipital 3332 2154 4398 1.861 0.645 0.136 0.032 42 4.6
Pole_temporal 1468 1135 5739 3.399 0.804 0.151 0.036 22 2.3
S_calcarine 2357 1598 2429 1.781 0.620 0.123 0.032 22 3.2
S_central 2752 1833 3121 1.978 0.621 0.101 0.019 14 2.2
S_cingul-Marginalis 1012 674 1434 2.296 0.382 0.085 0.011 4 0.5
S_circular_insula_ant 621 416 901 2.884 0.464 0.108 0.018 3 0.5
S_circular_insula_inf 1007 641 1617 3.219 0.583 0.070 0.009 2 0.4
S_circular_insula_sup 1222 794 1761 2.760 0.504 0.107 0.020 6 1.1
S_collat_transv_ant 1109 750 2073 2.792 0.586 0.101 0.016 7 0.7
S_collat_transv_post 456 316 523 2.200 0.278 0.152 0.034 5 0.7
S_front_inf 1593 1034 1972 2.099 0.421 0.098 0.017 9 1.1
S_front_middle 1490 1069 2314 2.107 0.686 0.131 0.027 14 1.8
S_front_sup 2145 1432 3189 2.417 0.415 0.098 0.017 11 1.6
S_interm_prim-Jensen 331 233 439 2.274 0.243 0.098 0.011 1 0.2
S_intrapariet_and_P_trans 3420 2276 4299 2.076 0.394 0.099 0.015 23 2.3
S_oc_middle_and_Lunatus 894 595 1010 1.999 0.378 0.104 0.015 6 0.6
S_oc_sup_and_transversal 1576 1048 1967 2.199 0.312 0.128 0.025 14 1.8
S_occipital_ant 507 358 770 2.521 0.354 0.132 0.026 5 0.6
S_oc-temp_lat 750 513 1110 2.477 0.322 0.103 0.013 5 0.5
S_oc-temp_med_and_Lingual 1719 1147 2517 2.432 0.486 0.107 0.020 12 1.4
S_orbital_lateral 282 203 387 2.262 0.631 0.124 0.027 2 0.3
S_orbital_med-olfact 692 455 947 2.378 0.616 0.096 0.014 4 0.4
S_orbital-H_Shaped 1080 752 1947 2.517 0.622 0.119 0.023 8 1.2
S_parieto_occipital 1851 1227 2531 2.314 0.508 0.109 0.018 12 1.4
S_pericallosal 1137 733 1077 1.911 0.509 0.128 0.020 16 0.9
S_postcentral 2216 1418 2626 2.133 0.393 0.093 0.017 11 1.5
S_precentral-inf-part 1419 945 2018 2.386 0.394 0.089 0.010 7 0.6
S_precentral-sup-part 1504 969 2111 2.590 0.412 0.108 0.018 10 1.2
S_suborbital 231 181 573 3.213 0.632 0.136 0.023 2 0.2
S_subparietal 1335 949 2218 2.476 0.381 0.130 0.027 14 1.5
S_temporal_inf 1243 843 1908 2.790 0.509 0.129 0.023 9 1.4
S_temporal_sup 6326 4167 10558 2.740 0.430 0.094 0.016 35 4.3
S_temporal_transverse 200 148 359 2.997 0.338 0.141 0.015 2 0.2
