StructName NumVert SurfArea GrayVol ThickAvg ThickStd MeanCurv GausCurv FoldInd CurvInd
G_and_S_frontomargin 766 623 1695 2.273 0.587 0.150 0.030 10 1.1
G_and_S_occipital_inf 1226 851 2679 2.776 0.610 0.148 0.031 17 1.6
G_and_S_paracentral 1228 756 2305 2.459 0.675 0.118 0.026 11 1.4
G_and_S_subcentral 1097 764 2520 2.786 0.533 0.120 0.021 12 1.0
G_and_S_transv_frontopol 993 793 2549 2.608 0.622 0.164 0.050 20 1.8
G_and_S_cingul-Ant 2623 1817 5840 2.973 0.556 0.118 0.025 24 2.6
G_and_S_cingul-Mid-Ant 1240 859 2667 2.847 0.547 0.118 0.024 11 1.3
G_and_S_cingul-Mid-Post 1318 864 2412 2.711 0.414 0.106 0.020 10 1.1
G_cingul-Post-dorsal 470 317 1372 3.169 0.599 0.160 0.037 8 0.8
G_cingul-Post-ventral 266 167 625 3.059 0.680 0.104 0.027 3 0.2
G_cuneus 2167 1514 2631 1.616 0.578 0.152 0.033 31 3.1
G_front_inf-Opercular 1122 799 3212 2.940 0.491 0.132 0.028 17 1.2
G_front_inf-Orbital 272 192 834 3.168 0.377 0.145 0.026 4 0.3
G_front_inf-Triangul 678 462 1674 2.572 0.582 0.127 0.021 8 0.7
G_front_middle 3561 2660 10066 2.816 0.645 0.150 0.033 60 5.3
G_front_sup 6378 4402 17857 3.173 0.585 0.133 0.029 82 7.7
G_Ins_lg_and_S_cent_ins 530 346 1312 3.550 0.883 0.080 0.018 3 0.2
G_insular_short 658 455 2182 3.447 0.946 0.137 0.042 11 1.2
G_occipital_middle 2286 1547 5751 2.854 0.553 0.138 0.029 34 2.8
G_occipital_sup 1466 1049 2452 1.986 0.543 0.153 0.035 23 2.1
G_oc-temp_lat-fusifor 1264 840 2926 2.704 0.530 0.127 0.025 17 1.3
G_oc-temp_med-Lingual 2416 1715 3764 1.941 0.754 0.150 0.041 35 4.0
G_oc-temp_med-Parahip 1428 931 4269 3.249 0.920 0.128 0.028 20 1.5
G_orbital 2437 1885 6905 2.914 0.671 0.158 0.049 51 4.1
G_pariet_inf-Angular 2806 1986 7142 2.727 0.546 0.139 0.029 41 3.4
G_pariet_inf-Supramar 2217 1569 6078 2.970 0.468 0.138 0.029 33 2.6
G_parietal_sup 2058 1451 4798 2.451 0.601 0.132 0.026 32 2.3
G_postcentral 1904 1146 3153 2.137 0.572 0.109 0.020 20 1.7
G_precentral 2826 1610 6908 3.115 0.586 0.092 0.020 22 2.2
G_precuneus 2328 1596 5765 2.769 0.575 0.141 0.028 34 2.6
G_rectus 872 601 2352 2.728 0.762 0.136 0.040 13 1.5
G_subcallosal 452 281 673 2.387 1.096 0.095 0.029 3 0.5
G_temp_sup-G_T_transv 347 213 748 2.825 0.406 0.107 0.023 4 0.2
G_temp_sup-Lateral 1429 925 4836 3.467 0.530 0.126 0.025 18 1.5
G_temp_sup-Plan_polar 736 467 1887 3.620 0.671 0.074 0.016 2 0.4
G_temp_sup-Plan_tempo 697 486 1499 2.702 0.516 0.109 0.017 5 0.5
G_temporal_inf 2030 1447 6693 3.145 0.759 0.149 0.038 37 3.4
G_temporal_middle 2186 1583 7316 3.233 0.604 0.140 0.029 34 2.6
Lat_Fis-ant-Horizont 455 309 820 2.546 0.377 0.090 0.010 3 0.2
Lat_Fis-ant-Vertical 311 200 428 2.661 0.370 0.075 0.010 1 0.1
Lat_Fis-post 1211 801 1690 2.618 0.391 0.101 0.018 6 0.9
Pole_occipital 3264 2087 4485 1.925 0.605 0.133 0.029 40 3.8
Pole_temporal 1487 1126 5492 3.296 0.750 0.145 0.038 21 2.3
S_calcarine 2304 1571 2534 1.844 0.573 0.116 0.027 21 2.3
S_central 2781 1873 3129 1.953 0.599 0.105 0.020 16 2.3
S_cingul-Marginalis 995 673 1416 2.220 0.366 0.084 0.010 4 0.4
S_circular_insula_ant 645 434 964 2.852 0.485 0.109 0.018 4 0.6
S_circular_insula_inf 998 630 1506 3.094 0.562 0.070 0.008 2 0.4
S_circular_insula_sup 1203 785 1781 2.764 0.522 0.108 0.020 6 1.0
S_collat_transv_ant 1128 768 2105 2.773 0.593 0.104 0.019 8 0.8
S_collat_transv_post 456 311 519 2.279 0.356 0.146 0.034 4 0.7
S_front_inf 1703 1129 2252 2.191 0.420 0.102 0.019 9 1.3
S_front_middle 1844 1328 3299 2.305 0.601 0.136 0.032 20 2.7
S_front_sup 2422 1620 3987 2.573 0.417 0.102 0.019 17 2.0
S_interm_prim-Jensen 404 275 543 2.190 0.304 0.089 0.011 1 0.2
S_intrapariet_and_P_trans 3443 2300 4273 2.014 0.391 0.099 0.015 21 2.4
S_oc_middle_and_Lunatus 846 567 969 1.990 0.346 0.101 0.015 5 0.5
S_oc_sup_and_transversal 1542 1014 1939 2.213 0.346 0.124 0.023 12 1.6
S_occipital_ant 493 337 749 2.500 0.412 0.132 0.028 6 0.5
S_oc-temp_lat 702 474 997 2.413 0.343 0.103 0.012 4 0.4
S_oc-temp_med_and_Lingual 1717 1136 2495 2.403 0.475 0.106 0.019 12 1.3
S_orbital_lateral 266 193 388 2.300 0.657 0.131 0.027 2 0.3
S_orbital_med-olfact 757 503 1008 2.423 0.639 0.105 0.016 5 0.6
S_orbital-H_Shaped 1150 791 2087 2.655 0.598 0.116 0.022 9 1.1
S_parieto_occipital 1864 1238 2453 2.220 0.477 0.112 0.020 13 1.7
S_pericallosal 1190 776 1167 1.950 0.478 0.124 0.020 17 1.0
S_postcentral 2141 1392 2560 2.118 0.391 0.095 0.017 11 1.5
S_precentral-inf-part 1470 990 2268 2.528 0.351 0.090 0.011 8 0.7
S_precentral-sup-part 1533 1004 2217 2.600 0.378 0.106 0.018 9 1.2
S_suborbital 246 187 563 3.186 0.651 0.131 0.022 2 0.2
S_subparietal 1348 923 2011 2.344 0.361 0.121 0.024 11 1.3
S_temporal_inf 1291 894 1999 2.704 0.523 0.127 0.025 11 1.4
S_temporal_sup 6210 4092 10321 2.715 0.426 0.094 0.015 35 4.1
S_temporal_transverse 216 162 433 3.289 0.281 0.129 0.015 2 0.2
