StructName NumVert SurfArea GrayVol ThickAvg ThickStd MeanCurv GausCurv FoldInd CurvInd
G_and_S_frontomargin 845 664 1767 2.203 0.615 0.144 0.030 12 1.3
G_and_S_occipital_inf 1253 880 2886 2.849 0.571 0.150 0.035 18 2.1
G_and_S_paracentral 1195 704 2361 2.649 0.612 0.114 0.027 11 1.3
G_and_S_subcentral 1150 777 2567 2.735 0.565 0.120 0.022 12 1.0
G_and_S_transv_frontopol 1010 818 2781 2.615 0.638 0.170 0.044 22 1.9
G_and_S_cingul-Ant 2670 1844 6088 3.085 0.582 0.119 0.026 25 2.8
G_and_S_cingul-Mid-Ant 1152 793 2464 2.878 0.582 0.117 0.023 12 1.1
G_and_S_cingul-Mid-Post 1303 860 2447 2.739 0.414 0.103 0.020 9 1.1
G_cingul-Post-dorsal 491 346 1408 3.101 0.588 0.164 0.038 9 0.7
G_cingul-Post-ventral 249 161 569 2.902 0.745 0.117 0.027 3 0.3
G_cuneus 2140 1480 2942 1.773 0.614 0.149 0.034 30 2.9
G_front_inf-Opercular 1108 763 3207 2.983 0.567 0.124 0.025 16 1.1
G_front_inf-Orbital 335 223 948 3.061 0.336 0.137 0.028 5 0.4
G_front_inf-Triangul 651 441 1660 2.692 0.610 0.120 0.021 8 0.6
G_front_middle 3824 2828 10274 2.748 0.634 0.147 0.032 68 5.2
G_front_sup 6250 4370 17739 3.182 0.568 0.132 0.027 79 7.3
G_Ins_lg_and_S_cent_ins 474 314 1280 3.728 0.709 0.071 0.020 2 0.2
G_insular_short 607 441 2194 3.564 0.924 0.141 0.034 9 0.8
G_occipital_middle 2262 1524 5866 2.915 0.553 0.135 0.027 36 2.5
G_occipital_sup 1445 1039 2534 2.031 0.545 0.155 0.034 25 2.0
G_oc-temp_lat-fusifor 1286 829 3275 2.902 0.507 0.129 0.026 17 1.5
G_oc-temp_med-Lingual 2404 1653 4105 2.106 0.763 0.144 0.038 32 3.8
G_oc-temp_med-Parahip 1395 922 4050 3.200 0.885 0.127 0.034 21 2.1
G_orbital 2291 1766 6757 2.959 0.693 0.166 0.047 54 4.0
G_pariet_inf-Angular 2669 1863 6898 2.767 0.547 0.137 0.029 42 3.1
G_pariet_inf-Supramar 2321 1630 6398 2.985 0.511 0.140 0.028 35 2.8
G_parietal_sup 2078 1430 4767 2.485 0.578 0.126 0.025 31 2.3
G_postcentral 1849 1127 3246 2.214 0.560 0.112 0.022 21 1.7
G_precentral 2832 1661 7133 3.137 0.593 0.094 0.018 23 2.1
G_precuneus 2362 1627 6029 2.840 0.560 0.140 0.027 35 2.6
G_rectus 804 553 2220 2.843 0.613 0.130 0.041 14 1.4
G_subcallosal 446 284 736 2.515 1.042 0.118 0.043 8 0.8
G_temp_sup-G_T_transv 327 197 697 2.865 0.450 0.106 0.023 4 0.2
G_temp_sup-Lateral 1495 950 4890 3.425 0.543 0.121 0.024 18 1.5
G_temp_sup-Plan_polar 867 560 1976 3.174 0.897 0.099 0.029 6 0.9
G_temp_sup-Plan_tempo 690 473 1478 2.760 0.507 0.105 0.015 6 0.5
G_temporal_inf 1991 1399 6379 3.106 0.767 0.142 0.034 35 2.7
G_temporal_middle 2210 1547 7259 3.224 0.685 0.135 0.026 35 2.5
Lat_Fis-ant-Horizont 444 301 803 2.539 0.329 0.086 0.011 2 0.3
Lat_Fis-ant-Vertical 296 195 400 2.537 0.261 0.076 0.010 1 0.1
Lat_Fis-post 1245 820 1787 2.753 0.458 0.098 0.016 6 0.9
Pole_occipital 3196 2023 4919 2.115 0.636 0.133 0.030 41 4.0
Pole_temporal 1507 1168 5662 3.172 0.841 0.143 0.033 22 2.1
S_calcarine 2297 1578 2677 1.962 0.544 0.114 0.025 20 2.3
S_central 2692 1811 3183 2.032 0.620 0.098 0.018 13 2.1
S_cingul-Marginalis 1002 671 1415 2.258 0.376 0.087 0.010 4 0.5
S_circular_insula_ant 682 458 1020 2.815 0.474 0.109 0.019 4 0.6
S_circular_insula_inf 1022 646 1615 3.134 0.564 0.071 0.011 2 0.5
S_circular_insula_sup 1173 754 1713 2.802 0.453 0.103 0.019 6 1.0
S_collat_transv_ant 1121 757 2141 2.836 0.590 0.100 0.017 7 0.8
S_collat_transv_post 424 291 502 2.311 0.459 0.144 0.031 4 0.7
S_front_inf 1663 1087 2174 2.258 0.408 0.099 0.018 9 1.2
S_front_middle 1748 1290 3082 2.318 0.584 0.134 0.028 18 2.3
S_front_sup 2261 1507 3595 2.573 0.403 0.097 0.016 11 1.7
S_interm_prim-Jensen 424 297 590 2.259 0.256 0.091 0.012 1 0.3
S_intrapariet_and_P_trans 3317 2194 4156 2.072 0.362 0.100 0.015 23 2.3
S_oc_middle_and_Lunatus 816 553 963 2.055 0.307 0.102 0.014 5 0.5
S_oc_sup_and_transversal 1583 1056 2087 2.240 0.316 0.124 0.022 13 1.6
S_occipital_ant 494 343 711 2.352 0.363 0.133 0.027 5 0.6
S_oc-temp_lat 702 479 1006 2.437 0.288 0.100 0.013 4 0.4
S_oc-temp_med_and_Lingual 1640 1098 2464 2.473 0.467 0.106 0.019 11 1.3
S_orbital_lateral 259 192 398 2.442 0.684 0.131 0.026 2 0.3
S_orbital_med-olfact 672 445 930 2.397 0.689 0.095 0.013 4 0.4
S_orbital-H_Shaped 1098 759 2003 2.663 0.640 0.116 0.022 8 1.1
S_parieto_occipital 1793 1194 2527 2.336 0.479 0.106 0.017 11 1.3
S_pericallosal 1056 680 1120 2.129 0.553 0.144 0.024 19 1.1
S_postcentral 2201 1420 2742 2.185 0.367 0.093 0.016 11 1.5
S_precentral-inf-part 1441 948 2220 2.534 0.329 0.092 0.013 8 0.8
S_precentral-sup-part 1525 1007 2229 2.637 0.364 0.109 0.019 10 1.3
S_suborbital 252 192 698 3.457 0.612 0.132 0.025 3 0.3
S_subparietal 1318 928 2077 2.384 0.389 0.124 0.023 11 1.4
S_temporal_inf 1331 915 2074 2.616 0.548 0.130 0.025 11 1.6
S_temporal_sup 6155 4038 10120 2.694 0.422 0.093 0.015 32 4.0
S_temporal_transverse 206 155 406 3.327 0.348 0.133 0.014 2 0.2
