StructName NumVert SurfArea GrayVol ThickAvg ThickStd MeanCurv GausCurv FoldInd CurvInd
G_and_S_frontomargin 852 662 1687 2.070 0.659 0.145 0.037 13 1.4
G_and_S_occipital_inf 1205 833 2639 2.787 0.568 0.145 0.030 16 1.6
G_and_S_paracentral 1195 731 2318 2.537 0.660 0.117 0.025 10 1.3
G_and_S_subcentral 1122 778 2493 2.730 0.551 0.118 0.021 13 0.9
G_and_S_transv_frontopol 957 757 2431 2.442 0.727 0.158 0.043 18 1.7
G_and_S_cingul-Ant 2542 1784 5633 2.950 0.584 0.117 0.025 22 2.7
G_and_S_cingul-Mid-Ant 1223 820 2627 2.906 0.610 0.112 0.021 11 1.1
G_and_S_cingul-Mid-Post 1364 879 2521 2.752 0.432 0.103 0.020 10 1.1
G_cingul-Post-dorsal 503 339 1423 3.150 0.609 0.155 0.036 8 0.7
G_cingul-Post-ventral 268 158 613 3.027 0.794 0.100 0.026 3 0.2
G_cuneus 2069 1449 2650 1.686 0.637 0.151 0.032 28 2.9
G_front_inf-Opercular 1117 791 3141 2.905 0.501 0.129 0.026 17 1.1
G_front_inf-Orbital 257 194 825 3.011 0.476 0.167 0.038 5 0.4
G_front_inf-Triangul 760 537 1927 2.567 0.596 0.128 0.022 10 0.7
G_front_middle 3705 2800 9998 2.680 0.653 0.150 0.033 63 5.5
G_front_sup 6374 4374 17875 3.179 0.583 0.131 0.028 87 7.5
G_Ins_lg_and_S_cent_ins 471 311 1221 3.689 0.978 0.083 0.023 3 0.3
G_insular_short 641 461 2104 3.315 0.963 0.146 0.041 11 1.1
G_occipital_middle 2242 1542 5884 2.906 0.558 0.140 0.030 33 2.8
G_occipital_sup 1455 1067 2486 2.006 0.522 0.159 0.036 25 2.3
G_oc-temp_lat-fusifor 1283 839 3083 2.776 0.527 0.134 0.030 18 1.5
G_oc-temp_med-Lingual 2433 1681 3739 1.938 0.760 0.146 0.041 34 4.1
G_oc-temp_med-Parahip 1418 900 4135 3.237 1.031 0.118 0.033 17 1.8
G_orbital 2253 1741 6516 2.820 0.765 0.170 0.054 50 4.9
G_pariet_inf-Angular 2759 1992 7131 2.692 0.600 0.140 0.031 43 3.5
G_pariet_inf-Supramar 2212 1563 6140 2.969 0.521 0.137 0.029 32 2.7
G_parietal_sup 2278 1590 4890 2.374 0.569 0.128 0.025 30 2.4
G_postcentral 1951 1183 3215 2.140 0.549 0.107 0.019 19 1.6
G_precentral 2783 1646 7001 3.120 0.584 0.094 0.018 23 2.0
G_precuneus 2257 1533 5532 2.781 0.561 0.141 0.027 35 2.5
G_rectus 721 525 2176 2.874 0.602 0.137 0.042 15 1.3
G_subcallosal 505 324 792 2.518 0.968 0.115 0.037 6 0.8
G_temp_sup-G_T_transv 330 203 676 2.717 0.475 0.110 0.025 3 0.3
G_temp_sup-Lateral 1494 918 4699 3.424 0.527 0.118 0.025 18 1.5
G_temp_sup-Plan_polar 754 532 1744 3.063 0.800 0.121 0.039 7 1.1
G_temp_sup-Plan_tempo 701 486 1534 2.774 0.541 0.109 0.014 5 0.4
G_temporal_inf 1970 1438 6540 3.069 0.807 0.153 0.040 38 3.6
G_temporal_middle 2203 1563 7284 3.266 0.650 0.140 0.030 34 2.9
Lat_Fis-ant-Horizont 377 254 623 2.527 0.354 0.079 0.009 1 0.2
Lat_Fis-ant-Vertical 274 180 365 2.547 0.261 0.078 0.009 1 0.1
Lat_Fis-post 1252 836 1778 2.623 0.413 0.104 0.018 7 1.0
Pole_occipital 3087 2035 4875 2.101 0.619 0.137 0.029 40 3.7
Pole_temporal 1353 1071 4942 3.079 0.831 0.154 0.050 21 2.7
S_calcarine 2309 1580 2570 1.874 0.596 0.117 0.026 20 2.6
S_central 2710 1829 3150 2.003 0.622 0.101 0.019 14 2.1
S_cingul-Marginalis 1007 676 1467 2.275 0.417 0.084 0.011 4 0.4
S_circular_insula_ant 653 438 1003 2.771 0.563 0.104 0.019 4 0.6
S_circular_insula_inf 989 656 1501 2.961 0.674 0.084 0.017 4 0.8
S_circular_insula_sup 1246 820 1885 2.807 0.454 0.109 0.020 7 1.1
S_collat_transv_ant 1000 693 1770 2.595 0.602 0.105 0.019 6 0.8
S_collat_transv_post 462 302 525 2.332 0.412 0.141 0.031 4 0.7
S_front_inf 1658 1078 2066 2.173 0.423 0.099 0.019 9 1.2
S_front_middle 1841 1348 3130 2.130 0.600 0.142 0.030 20 2.8
S_front_sup 2169 1444 3365 2.546 0.389 0.098 0.017 11 1.6
S_interm_prim-Jensen 354 245 463 2.154 0.276 0.097 0.012 1 0.2
S_intrapariet_and_P_trans 3122 2096 3981 2.050 0.419 0.098 0.014 19 2.1
S_oc_middle_and_Lunatus 848 566 999 2.068 0.355 0.100 0.015 5 0.5
S_oc_sup_and_transversal 1519 1008 1957 2.265 0.364 0.123 0.023 12 1.5
S_occipital_ant 529 374 822 2.451 0.393 0.140 0.034 6 0.7
S_oc-temp_lat 722 486 1023 2.431 0.301 0.098 0.012 4 0.4
S_oc-temp_med_and_Lingual 1758 1149 2618 2.453 0.494 0.103 0.020 12 1.4
S_orbital_lateral 263 194 367 2.207 0.673 0.135 0.027 2 0.3
S_orbital_med-olfact 739 490 1010 2.272 0.685 0.096 0.017 4 0.5
S_orbital-H_Shaped 1095 757 1906 2.470 0.660 0.116 0.021 8 1.1
S_parieto_occipital 1826 1204 2484 2.288 0.476 0.106 0.018 12 1.5
S_pericallosal 1168 763 1193 2.036 0.620 0.125 0.019 16 0.9
S_postcentral 2160 1395 2546 2.128 0.390 0.094 0.017 11 1.5
S_precentral-inf-part 1461 976 2223 2.556 0.350 0.091 0.011 8 0.7
S_precentral-sup-part 1467 959 2133 2.663 0.367 0.106 0.018 9 1.2
S_suborbital 173 137 436 3.416 0.666 0.143 0.021 2 0.1
S_subparietal 1286 906 1960 2.370 0.366 0.125 0.024 11 1.3
S_temporal_inf 1211 826 1852 2.628 0.515 0.128 0.023 10 1.3
S_temporal_sup 5955 3918 9703 2.685 0.443 0.093 0.015 31 3.7
S_temporal_transverse 203 157 398 3.244 0.342 0.138 0.013 2 0.2
