StructName NumVert SurfArea GrayVol ThickAvg ThickStd MeanCurv GausCurv FoldInd CurvInd
G_and_S_frontomargin 832 655 1646 2.137 0.619 0.143 0.029 11 1.1
G_and_S_occipital_inf 1295 890 3174 2.910 0.703 0.147 0.031 18 1.8
G_and_S_paracentral 1255 761 2334 2.414 0.720 0.117 0.026 11 1.4
G_and_S_subcentral 1135 783 2444 2.684 0.564 0.120 0.021 12 1.0
G_and_S_transv_frontopol 1014 791 2559 2.538 0.689 0.163 0.037 21 1.6
G_and_S_cingul-Ant 2654 1849 5978 3.042 0.538 0.117 0.025 23 2.8
G_and_S_cingul-Mid-Ant 1242 851 2686 2.889 0.574 0.119 0.023 12 1.3
G_and_S_cingul-Mid-Post 1243 815 2341 2.748 0.456 0.104 0.019 9 0.9
G_cingul-Post-dorsal 486 324 1421 3.233 0.625 0.155 0.035 8 0.7
G_cingul-Post-ventral 271 171 657 3.050 0.742 0.101 0.019 3 0.1
G_cuneus 2170 1544 3154 1.731 0.657 0.154 0.034 30 3.2
G_front_inf-Opercular 1080 760 3035 2.921 0.546 0.137 0.030 18 1.4
G_front_inf-Orbital 302 198 920 3.193 0.375 0.138 0.028 5 0.3
G_front_inf-Triangul 615 409 1589 2.731 0.623 0.123 0.021 8 0.6
G_front_middle 3729 2749 10754 2.882 0.685 0.148 0.034 63 5.7
G_front_sup 6409 4332 18239 3.246 0.629 0.130 0.028 77 7.5
G_Ins_lg_and_S_cent_ins 557 374 1341 3.533 0.846 0.092 0.031 5 0.3
G_insular_short 650 449 2158 3.485 0.880 0.133 0.040 9 1.1
G_occipital_middle 2227 1509 5599 2.842 0.587 0.135 0.028 31 2.6
G_occipital_sup 1437 1012 2258 1.922 0.552 0.154 0.034 22 2.0
G_oc-temp_lat-fusifor 1338 889 3134 2.772 0.519 0.132 0.027 18 1.5
G_oc-temp_med-Lingual 2451 1730 3968 1.981 0.795 0.148 0.040 33 4.1
G_oc-temp_med-Parahip 1380 920 4031 3.085 0.837 0.125 0.038 15 2.0
G_orbital 2306 1775 6820 2.999 0.664 0.168 0.047 53 4.8
G_pariet_inf-Angular 2812 1979 6989 2.663 0.666 0.139 0.030 38 3.4
G_pariet_inf-Supramar 2245 1545 6126 2.983 0.583 0.134 0.028 30 2.5
G_parietal_sup 2123 1427 4669 2.398 0.713 0.127 0.025 29 2.3
G_postcentral 1868 1152 2902 2.025 0.655 0.111 0.022 18 1.7
G_precentral 2951 1664 7195 3.109 0.691 0.091 0.019 22 2.2
G_precuneus 2306 1576 5640 2.766 0.610 0.140 0.029 33 2.7
G_rectus 804 579 2234 2.672 0.647 0.147 0.054 16 1.6
G_subcallosal 368 241 625 2.652 1.014 0.110 0.039 4 0.4
G_temp_sup-G_T_transv 350 205 695 2.743 0.531 0.107 0.027 3 0.3
G_temp_sup-Lateral 1395 894 4645 3.443 0.542 0.118 0.023 16 1.3
G_temp_sup-Plan_polar 705 463 1757 3.349 0.619 0.084 0.019 3 0.5
G_temp_sup-Plan_tempo 703 481 1461 2.667 0.537 0.106 0.015 6 0.5
G_temporal_inf 1893 1323 6406 3.156 0.820 0.145 0.034 31 2.8
G_temporal_middle 2188 1548 7370 3.262 0.704 0.141 0.029 33 2.7
Lat_Fis-ant-Horizont 442 311 859 2.561 0.348 0.094 0.012 3 0.3
Lat_Fis-ant-Vertical 280 191 390 2.479 0.362 0.076 0.011 1 0.1
Lat_Fis-post 1200 792 1691 2.686 0.462 0.102 0.016 6 0.9
Pole_occipital 3302 2100 4870 1.953 0.699 0.134 0.030 41 4.1
Pole_temporal 1459 1156 5735 3.101 0.908 0.158 0.045 24 2.8
S_calcarine 2345 1594 2588 1.907 0.595 0.120 0.028 22 3.0
S_central 2851 1861 3054 1.936 0.585 0.100 0.018 15 2.2
S_cingul-Marginalis 990 651 1307 2.148 0.442 0.080 0.009 4 0.4
S_circular_insula_ant 690 465 1066 2.842 0.484 0.113 0.018 4 0.6
S_circular_insula_inf 989 639 1572 3.098 0.590 0.072 0.009 3 0.4
S_circular_insula_sup 1213 784 1761 2.827 0.480 0.107 0.019 6 1.0
S_collat_transv_ant 1091 733 1982 2.671 0.615 0.105 0.022 7 0.9
S_collat_transv_post 455 303 514 2.231 0.371 0.147 0.034 4 0.8
S_front_inf 1764 1151 2300 2.223 0.421 0.100 0.020 10 1.3
S_front_middle 1848 1324 3281 2.248 0.624 0.135 0.029 19 2.5
S_front_sup 2216 1452 3383 2.536 0.420 0.095 0.017 10 1.6
S_interm_prim-Jensen 337 229 409 1.999 0.340 0.098 0.012 1 0.2
S_intrapariet_and_P_trans 3496 2322 4070 1.918 0.446 0.099 0.016 22 2.4
S_oc_middle_and_Lunatus 904 596 1003 1.958 0.371 0.101 0.015 6 0.5
S_oc_sup_and_transversal 1579 1040 1962 2.170 0.357 0.123 0.023 13 1.6
S_occipital_ant 462 321 701 2.390 0.378 0.133 0.030 5 0.5
S_oc-temp_lat 721 485 996 2.426 0.315 0.104 0.012 5 0.4
S_oc-temp_med_and_Lingual 1709 1137 2556 2.427 0.450 0.104 0.019 11 1.3
S_orbital_lateral 298 215 442 2.356 0.708 0.131 0.024 2 0.3
S_orbital_med-olfact 737 486 1036 2.406 0.573 0.094 0.015 4 0.4
S_orbital-H_Shaped 1102 756 1985 2.663 0.596 0.118 0.022 9 1.2
S_parieto_occipital 1818 1220 2433 2.229 0.512 0.112 0.019 12 1.6
S_pericallosal 1017 655 1084 2.157 0.578 0.136 0.022 16 0.9
S_postcentral 2258 1461 2526 1.981 0.501 0.094 0.017 11 1.6
S_precentral-inf-part 1416 935 2100 2.499 0.361 0.092 0.012 8 0.7
S_precentral-sup-part 1589 1040 2237 2.565 0.405 0.108 0.020 10 1.3
S_suborbital 229 173 507 3.282 0.553 0.146 0.026 2 0.2
S_subparietal 1354 949 2066 2.350 0.415 0.127 0.025 11 1.6
S_temporal_inf 1322 889 2016 2.701 0.493 0.121 0.022 10 1.4
S_temporal_sup 6295 4079 10056 2.655 0.473 0.093 0.015 33 4.1
S_temporal_transverse 192 150 339 2.984 0.361 0.150 0.016 2 0.2
