StructName NumVert SurfArea GrayVol ThickAvg ThickStd MeanCurv GausCurv FoldInd CurvInd
G_and_S_frontomargin 956 729 2067 2.614 0.554 0.164 0.036 14 1.6
G_and_S_occipital_inf 1167 827 2609 2.548 0.707 0.137 0.028 15 1.4
G_and_S_paracentral 1457 850 2684 2.479 0.658 0.107 0.021 11 1.3
G_and_S_subcentral 1381 939 2519 2.425 0.532 0.126 0.024 14 1.4
G_and_S_transv_frontopol 1125 856 2770 2.740 0.488 0.164 0.038 19 1.8
G_and_S_cingul-Ant 2702 1902 5464 2.774 0.569 0.119 0.024 27 2.9
G_and_S_cingul-Mid-Ant 1416 979 2509 2.523 0.417 0.111 0.018 12 1.1
G_and_S_cingul-Mid-Post 1530 1004 2602 2.471 0.440 0.104 0.019 10 1.2
G_cingul-Post-dorsal 518 389 1352 2.830 0.451 0.163 0.033 10 0.7
G_cingul-Post-ventral 319 205 756 2.760 0.560 0.149 0.043 6 0.4
G_cuneus 2393 1679 3303 1.717 0.595 0.156 0.035 32 3.6
G_front_inf-Opercular 1360 883 3705 3.010 0.564 0.119 0.024 18 1.3
G_front_inf-Orbital 439 285 1179 2.985 0.544 0.126 0.023 5 0.4
G_front_inf-Triangul 1318 883 3488 2.859 0.550 0.132 0.028 18 1.4
G_front_middle 3354 2439 8804 2.731 0.508 0.148 0.032 56 4.2
G_front_sup 6589 4414 15646 2.903 0.527 0.128 0.026 73 6.9
G_Ins_lg_and_S_cent_ins 718 474 1734 3.512 0.840 0.109 0.036 7 0.7
G_insular_short 720 462 2234 3.653 0.694 0.125 0.036 9 1.0
G_occipital_middle 1891 1353 4085 2.426 0.590 0.152 0.031 29 2.4
G_occipital_sup 1809 1227 3379 2.117 0.788 0.137 0.027 23 1.9
G_oc-temp_lat-fusifor 2176 1398 5718 3.071 0.699 0.125 0.030 28 2.7
G_oc-temp_med-Lingual 3024 2150 4804 1.869 0.716 0.154 0.043 43 5.3
G_oc-temp_med-Parahip 1344 854 3108 2.763 0.998 0.125 0.043 20 2.2
G_orbital 2664 1935 7093 2.872 0.722 0.145 0.032 45 3.8
G_pariet_inf-Angular 2914 2032 6583 2.530 0.513 0.138 0.027 43 3.2
G_pariet_inf-Supramar 2537 1705 5651 2.647 0.552 0.127 0.024 30 2.5
G_parietal_sup 2722 1884 4736 2.105 0.418 0.137 0.026 37 3.0
G_postcentral 2358 1560 3679 2.003 0.449 0.134 0.026 31 2.7
G_precentral 2187 1388 4744 2.639 0.493 0.108 0.023 21 2.1
G_precuneus 2518 1699 5197 2.430 0.596 0.133 0.028 34 2.8
G_rectus 812 584 2127 2.682 0.566 0.135 0.032 15 1.1
G_subcallosal 487 317 820 2.548 0.825 0.125 0.040 7 0.8
G_temp_sup-G_T_transv 475 259 900 2.662 0.388 0.120 0.028 6 0.5
G_temp_sup-Lateral 1842 1241 6196 3.496 0.664 0.132 0.025 26 1.9
G_temp_sup-Plan_polar 812 546 2069 3.557 0.874 0.099 0.020 5 0.7
G_temp_sup-Plan_tempo 762 497 1469 2.571 0.405 0.095 0.017 5 0.5
G_temporal_inf 1878 1284 5736 3.172 0.656 0.118 0.025 25 1.8
G_temporal_middle 2658 1942 8065 3.113 0.738 0.148 0.032 45 3.5
Lat_Fis-ant-Horizont 325 220 418 2.236 0.438 0.107 0.014 2 0.2
Lat_Fis-ant-Vertical 326 220 454 2.509 0.290 0.107 0.021 2 0.3
Lat_Fis-post 1429 920 1813 2.364 0.535 0.099 0.018 7 1.0
Pole_occipital 3552 2513 5176 1.870 0.518 0.156 0.035 55 5.5
Pole_temporal 1621 1212 5817 3.430 0.771 0.149 0.036 26 2.5
S_calcarine 2717 1846 2881 1.846 0.609 0.133 0.028 29 3.4
S_central 2697 1739 2809 1.859 0.592 0.089 0.014 13 1.6
S_cingul-Marginalis 1286 871 1765 2.159 0.453 0.102 0.016 8 0.9
S_circular_insula_ant 593 398 925 2.897 0.464 0.101 0.019 3 0.5
S_circular_insula_inf 1168 770 1685 2.831 0.552 0.087 0.014 5 0.7
S_circular_insula_sup 1579 1025 2272 2.635 0.408 0.108 0.020 8 1.5
S_collat_transv_ant 762 536 1831 2.986 0.756 0.120 0.018 8 0.6
S_collat_transv_post 408 273 479 2.039 0.431 0.126 0.026 4 0.4
S_front_inf 2217 1481 3232 2.318 0.395 0.107 0.018 15 1.7
S_front_middle 2266 1530 3013 2.263 0.388 0.117 0.023 17 2.4
S_front_sup 2321 1606 3968 2.467 0.397 0.115 0.022 19 2.1
S_interm_prim-Jensen 288 198 472 2.429 0.343 0.085 0.015 1 0.2
S_intrapariet_and_P_trans 3341 2241 4032 1.974 0.368 0.109 0.019 23 2.6
S_oc_middle_and_Lunatus 767 528 807 1.923 0.413 0.148 0.030 9 1.1
S_oc_sup_and_transversal 1334 896 1370 1.794 0.401 0.131 0.022 13 1.3
S_occipital_ant 756 522 1083 2.121 0.413 0.123 0.026 8 0.7
S_oc-temp_lat 1166 759 1648 2.534 0.339 0.084 0.012 4 0.6
S_oc-temp_med_and_Lingual 2586 1713 3203 2.143 0.521 0.113 0.020 21 2.1
S_orbital_lateral 597 389 681 2.070 0.336 0.112 0.022 4 0.5
S_orbital_med-olfact 667 455 880 2.133 0.524 0.125 0.022 6 0.7
S_orbital-H_Shaped 1236 891 2397 2.856 0.582 0.136 0.035 18 1.8
S_parieto_occipital 2423 1617 2865 1.949 0.478 0.122 0.022 22 2.3
S_pericallosal 1519 982 1565 1.819 0.591 0.122 0.021 20 1.2
S_postcentral 2931 1885 3428 2.055 0.444 0.104 0.019 18 2.5
S_precentral-inf-part 1469 950 2025 2.518 0.401 0.093 0.013 7 0.8
S_precentral-sup-part 822 549 1173 2.548 0.308 0.107 0.016 5 0.6
S_suborbital 348 243 503 2.338 0.483 0.112 0.016 3 0.2
S_subparietal 1254 861 1811 2.287 0.558 0.100 0.015 7 0.8
S_temporal_inf 1008 706 1514 2.426 0.556 0.122 0.018 7 0.9
S_temporal_sup 5867 3891 8923 2.478 0.461 0.107 0.019 40 4.7
S_temporal_transverse 312 221 507 2.687 0.419 0.116 0.015 2 0.2
