StructName NumVert SurfArea GrayVol ThickAvg ThickStd MeanCurv GausCurv FoldInd CurvInd
G_and_S_frontomargin 1023 756 2193 2.776 0.458 0.157 0.035 16 1.7
G_and_S_occipital_inf 1173 829 2567 2.534 0.725 0.144 0.031 16 1.5
G_and_S_paracentral 1456 836 2270 2.267 0.521 0.101 0.018 11 1.2
G_and_S_subcentral 1353 912 2500 2.485 0.523 0.128 0.025 14 1.4
G_and_S_transv_frontopol 1112 853 2787 2.752 0.468 0.165 0.037 23 1.9
G_and_S_cingul-Ant 2846 1977 5834 2.870 0.566 0.115 0.022 27 2.7
G_and_S_cingul-Mid-Ant 1431 978 2674 2.683 0.395 0.108 0.016 12 1.0
G_and_S_cingul-Mid-Post 1484 987 2660 2.611 0.411 0.106 0.019 11 1.2
G_cingul-Post-dorsal 513 369 1432 3.008 0.573 0.146 0.031 8 0.6
G_cingul-Post-ventral 348 219 796 2.770 0.626 0.136 0.042 6 0.5
G_cuneus 2547 1708 3138 1.668 0.523 0.147 0.033 32 3.7
G_front_inf-Opercular 1296 857 3458 2.945 0.506 0.123 0.025 16 1.3
G_front_inf-Orbital 411 277 1089 2.947 0.472 0.122 0.023 6 0.4
G_front_inf-Triangul 1316 933 3413 2.736 0.489 0.144 0.033 19 1.8
G_front_middle 3663 2695 9478 2.693 0.418 0.153 0.033 73 5.0
G_front_sup 6815 4481 15657 2.916 0.490 0.125 0.024 76 6.6
G_Ins_lg_and_S_cent_ins 644 417 1671 3.806 0.666 0.108 0.034 7 0.6
G_insular_short 689 481 2240 3.663 0.757 0.122 0.032 9 0.9
G_occipital_middle 1879 1374 3985 2.361 0.522 0.157 0.035 34 2.5
G_occipital_sup 1870 1244 3591 2.205 0.713 0.133 0.030 25 2.1
G_oc-temp_lat-fusifor 2244 1442 5745 3.106 0.599 0.116 0.025 33 2.3
G_oc-temp_med-Lingual 3162 2220 4661 1.806 0.719 0.151 0.042 45 5.5
G_oc-temp_med-Parahip 1149 710 3468 3.274 0.898 0.098 0.026 11 1.0
G_orbital 2778 1887 7096 2.930 0.653 0.131 0.029 46 3.1
G_pariet_inf-Angular 3017 2147 6357 2.394 0.432 0.142 0.029 46 3.7
G_pariet_inf-Supramar 2391 1676 5411 2.638 0.475 0.129 0.024 29 2.6
G_parietal_sup 2780 1874 4799 2.100 0.424 0.138 0.025 41 3.0
G_postcentral 2369 1558 3729 2.012 0.453 0.132 0.027 35 2.7
G_precentral 2138 1344 4644 2.626 0.462 0.107 0.021 22 1.8
G_precuneus 2483 1673 4957 2.429 0.610 0.133 0.027 36 2.8
G_rectus 902 584 2170 2.682 0.698 0.141 0.036 18 1.3
G_subcallosal 505 316 712 2.291 0.931 0.096 0.027 4 0.5
G_temp_sup-G_T_transv 489 277 1015 2.781 0.456 0.128 0.031 6 0.5
G_temp_sup-Lateral 1705 1171 5591 3.503 0.578 0.134 0.027 26 1.9
G_temp_sup-Plan_polar 1011 699 2384 3.333 0.991 0.103 0.022 7 0.9
G_temp_sup-Plan_tempo 770 512 1576 2.658 0.431 0.096 0.019 5 0.6
G_temporal_inf 1815 1249 5269 3.127 0.570 0.113 0.025 25 1.8
G_temporal_middle 2405 1750 7099 3.081 0.672 0.142 0.034 46 3.3
Lat_Fis-ant-Horizont 328 220 425 2.461 0.402 0.104 0.015 2 0.2
Lat_Fis-ant-Vertical 326 216 446 2.733 0.393 0.105 0.022 2 0.3
Lat_Fis-post 1370 891 1831 2.525 0.516 0.096 0.017 6 0.9
Pole_occipital 3727 2470 4771 1.807 0.423 0.143 0.036 53 5.5
Pole_temporal 1688 1212 6258 3.473 0.848 0.144 0.034 28 2.4
S_calcarine 2597 1803 2745 1.816 0.577 0.134 0.031 27 3.4
S_central 2635 1695 2753 1.865 0.568 0.087 0.013 13 1.5
S_cingul-Marginalis 1289 872 1848 2.272 0.508 0.100 0.017 8 0.9
S_circular_insula_ant 585 390 891 2.888 0.365 0.096 0.017 3 0.4
S_circular_insula_inf 1112 736 1600 2.865 0.536 0.094 0.016 6 0.8
S_circular_insula_sup 1610 1054 2484 2.842 0.396 0.106 0.019 8 1.5
S_collat_transv_ant 739 524 1731 2.918 0.629 0.118 0.016 8 0.5
S_collat_transv_post 432 307 559 2.064 0.410 0.135 0.026 4 0.5
S_front_inf 2145 1468 3238 2.381 0.356 0.109 0.020 15 1.8
S_front_middle 2196 1498 2913 2.297 0.390 0.115 0.022 15 2.2
S_front_sup 1953 1325 3204 2.517 0.410 0.104 0.019 14 1.5
S_interm_prim-Jensen 355 237 537 2.328 0.552 0.096 0.022 2 0.2
S_intrapariet_and_P_trans 3402 2272 4055 1.963 0.378 0.107 0.018 23 2.6
S_oc_middle_and_Lunatus 718 498 835 2.081 0.395 0.148 0.029 8 1.0
S_oc_sup_and_transversal 1343 894 1502 1.939 0.414 0.126 0.022 13 1.3
S_occipital_ant 814 576 1363 2.207 0.392 0.143 0.031 13 1.2
S_oc-temp_lat 1155 741 1574 2.563 0.300 0.079 0.010 4 0.5
S_oc-temp_med_and_Lingual 2675 1802 3525 2.247 0.490 0.110 0.018 21 2.1
S_orbital_lateral 539 359 647 2.165 0.301 0.109 0.017 3 0.4
S_orbital_med-olfact 848 584 1104 2.242 0.395 0.120 0.020 7 0.7
S_orbital-H_Shaped 1335 938 2519 2.970 0.574 0.128 0.029 14 1.6
S_parieto_occipital 2509 1699 3075 1.993 0.498 0.124 0.024 26 2.7
S_pericallosal 1564 987 1562 1.844 0.679 0.118 0.017 21 1.1
S_postcentral 2843 1829 3241 2.018 0.387 0.105 0.020 19 2.5
S_precentral-inf-part 1454 967 2042 2.477 0.386 0.092 0.014 7 0.8
S_precentral-sup-part 792 533 1109 2.511 0.294 0.108 0.015 5 0.6
S_suborbital 399 266 630 2.571 0.603 0.108 0.014 3 0.3
S_subparietal 1271 878 1982 2.441 0.622 0.100 0.015 7 0.8
S_temporal_inf 1039 738 1632 2.486 0.502 0.119 0.018 7 0.9
S_temporal_sup 5714 3807 9131 2.570 0.476 0.110 0.019 42 4.8
S_temporal_transverse 257 185 384 2.652 0.363 0.128 0.015 2 0.2
