StructName NumVert SurfArea GrayVol ThickAvg ThickStd MeanCurv GausCurv FoldInd CurvInd
G_and_S_frontomargin 971 757 2252 2.704 0.609 0.172 0.039 17 1.9
G_and_S_occipital_inf 1130 825 2431 2.501 0.602 0.145 0.031 15 1.6
G_and_S_paracentral 1454 860 2308 2.254 0.528 0.104 0.021 11 1.3
G_and_S_subcentral 1399 961 2533 2.386 0.535 0.133 0.028 15 1.5
G_and_S_transv_frontopol 1145 875 2909 2.858 0.525 0.165 0.038 20 2.0
G_and_S_cingul-Ant 2730 1919 5630 2.867 0.594 0.117 0.025 27 3.0
G_and_S_cingul-Mid-Ant 1447 977 2588 2.590 0.419 0.109 0.018 12 1.1
G_and_S_cingul-Mid-Post 1535 1041 2679 2.454 0.484 0.108 0.020 11 1.3
G_cingul-Post-dorsal 539 385 1450 3.003 0.603 0.149 0.032 9 0.6
G_cingul-Post-ventral 371 238 851 2.732 0.569 0.132 0.038 6 0.5
G_cuneus 2516 1741 3289 1.702 0.511 0.150 0.037 32 4.0
G_front_inf-Opercular 1363 918 3599 2.910 0.503 0.122 0.024 18 1.3
G_front_inf-Orbital 494 334 1274 2.849 0.477 0.134 0.027 6 0.5
G_front_inf-Triangul 1271 899 3305 2.750 0.442 0.138 0.033 18 1.7
G_front_middle 3516 2531 9166 2.719 0.476 0.149 0.032 64 4.8
G_front_sup 6816 4492 16326 2.991 0.498 0.127 0.026 75 7.3
G_Ins_lg_and_S_cent_ins 584 397 1463 3.582 0.688 0.118 0.034 7 0.6
G_insular_short 704 479 2259 3.598 0.750 0.126 0.033 9 0.9
G_occipital_middle 1772 1251 3807 2.445 0.545 0.153 0.034 32 2.3
G_occipital_sup 1784 1179 3460 2.199 0.702 0.132 0.029 23 2.0
G_oc-temp_lat-fusifor 2230 1418 5524 3.008 0.609 0.117 0.028 30 2.3
G_oc-temp_med-Lingual 3159 2212 5224 1.942 0.704 0.153 0.044 47 5.6
G_oc-temp_med-Parahip 1120 699 3068 3.223 0.940 0.094 0.026 10 1.1
G_orbital 2674 1872 6965 2.888 0.671 0.138 0.032 43 3.3
G_pariet_inf-Angular 3342 2366 7523 2.501 0.485 0.146 0.030 56 4.1
G_pariet_inf-Supramar 2404 1618 5374 2.693 0.500 0.128 0.024 28 2.4
G_parietal_sup 2628 1743 4477 2.127 0.462 0.135 0.027 36 2.9
G_postcentral 2326 1506 3600 2.029 0.443 0.133 0.028 32 2.7
G_precentral 2202 1364 4690 2.626 0.402 0.108 0.022 22 1.9
G_precuneus 2483 1634 5052 2.459 0.569 0.129 0.027 35 2.6
G_rectus 807 578 2232 2.713 0.721 0.144 0.049 14 1.4
G_subcallosal 600 405 930 2.354 0.783 0.137 0.053 8 1.3
G_temp_sup-G_T_transv 461 238 883 2.696 0.341 0.113 0.028 5 0.4
G_temp_sup-Lateral 1606 1091 5279 3.422 0.611 0.134 0.027 23 1.8
G_temp_sup-Plan_polar 1026 693 2342 3.273 0.971 0.105 0.026 7 1.1
G_temp_sup-Plan_tempo 783 509 1550 2.710 0.398 0.094 0.018 5 0.6
G_temporal_inf 1877 1300 5726 3.135 0.622 0.118 0.025 26 1.9
G_temporal_middle 2399 1776 7241 3.053 0.651 0.145 0.033 43 3.1
Lat_Fis-ant-Horizont 328 217 422 2.362 0.474 0.104 0.014 2 0.2
Lat_Fis-ant-Vertical 333 224 452 2.520 0.332 0.104 0.020 2 0.3
Lat_Fis-post 1411 918 1893 2.498 0.513 0.102 0.019 7 1.1
Pole_occipital 3574 2362 4727 1.853 0.433 0.145 0.035 50 5.1
Pole_temporal 1552 1159 5863 3.469 0.763 0.149 0.038 26 2.6
S_calcarine 2700 1841 2968 1.887 0.580 0.132 0.029 28 3.4
S_central 2706 1741 2871 1.901 0.553 0.090 0.014 13 1.7
S_cingul-Marginalis 1261 841 1729 2.181 0.450 0.105 0.017 9 1.0
S_circular_insula_ant 569 379 852 2.771 0.391 0.101 0.019 3 0.5
S_circular_insula_inf 1159 766 1709 2.874 0.539 0.094 0.016 5 0.8
S_circular_insula_sup 1587 1010 2223 2.673 0.416 0.107 0.021 8 1.5
S_collat_transv_ant 680 515 1710 2.875 0.676 0.127 0.020 8 0.6
S_collat_transv_post 401 267 416 2.056 0.391 0.135 0.028 3 0.5
S_front_inf 2236 1500 3286 2.352 0.355 0.108 0.019 16 1.8
S_front_middle 2191 1492 2920 2.272 0.387 0.117 0.022 17 2.2
S_front_sup 1965 1351 3255 2.452 0.418 0.109 0.022 14 1.7
S_interm_prim-Jensen 259 181 405 2.364 0.444 0.096 0.019 1 0.2
S_intrapariet_and_P_trans 3686 2451 4633 2.024 0.370 0.108 0.019 26 3.1
S_oc_middle_and_Lunatus 777 537 873 2.035 0.408 0.145 0.029 8 1.1
S_oc_sup_and_transversal 1320 882 1469 1.899 0.405 0.128 0.023 13 1.4
S_occipital_ant 845 595 1340 2.254 0.444 0.135 0.027 10 1.0
S_oc-temp_lat 1254 801 1717 2.477 0.327 0.082 0.013 4 0.7
S_oc-temp_med_and_Lingual 2498 1672 3223 2.230 0.491 0.111 0.018 20 2.0
S_orbital_lateral 569 380 659 2.046 0.321 0.112 0.021 4 0.5
S_orbital_med-olfact 684 482 867 2.100 0.392 0.124 0.018 5 0.6
S_orbital-H_Shaped 1288 883 2324 2.790 0.537 0.124 0.029 13 1.5
S_parieto_occipital 2389 1579 2878 1.980 0.492 0.119 0.021 22 2.3
S_pericallosal 1518 972 1557 1.859 0.646 0.126 0.023 22 1.3
S_postcentral 2889 1864 3416 2.058 0.407 0.106 0.019 19 2.5
S_precentral-inf-part 1505 980 2065 2.468 0.414 0.092 0.014 7 0.9
S_precentral-sup-part 821 536 1113 2.468 0.303 0.107 0.017 5 0.6
S_suborbital 412 276 639 2.518 0.646 0.109 0.016 3 0.3
S_subparietal 1248 837 1797 2.329 0.585 0.100 0.015 7 0.8
S_temporal_inf 935 650 1255 2.406 0.479 0.120 0.017 6 0.8
S_temporal_sup 5758 3857 8918 2.544 0.460 0.109 0.019 40 4.8
S_temporal_transverse 336 230 548 2.826 0.357 0.118 0.018 3 0.2
