StructName NumVert SurfArea GrayVol ThickAvg ThickStd MeanCurv GausCurv FoldInd CurvInd
G_and_S_frontomargin 917 750 2242 2.721 0.530 0.187 0.047 19 2.1
G_and_S_occipital_inf 1124 806 2458 2.479 0.716 0.141 0.032 15 1.4
G_and_S_paracentral 1430 866 2368 2.163 0.538 0.112 0.024 12 1.4
G_and_S_subcentral 1428 1001 2651 2.387 0.512 0.135 0.026 17 1.6
G_and_S_transv_frontopol 1124 908 2908 2.788 0.555 0.175 0.041 23 2.3
G_and_S_cingul-Ant 2744 1962 5419 2.738 0.523 0.125 0.028 33 3.5
G_and_S_cingul-Mid-Ant 1418 938 2488 2.567 0.391 0.106 0.019 12 1.1
G_and_S_cingul-Mid-Post 1558 1029 2590 2.452 0.429 0.107 0.021 12 1.3
G_cingul-Post-dorsal 569 398 1492 2.909 0.548 0.147 0.034 10 0.7
G_cingul-Post-ventral 363 234 821 2.699 0.511 0.130 0.039 5 0.4
G_cuneus 2597 1755 3359 1.715 0.532 0.149 0.036 33 3.9
G_front_inf-Opercular 1305 872 3462 2.936 0.486 0.124 0.025 17 1.3
G_front_inf-Orbital 386 282 1002 2.771 0.433 0.139 0.028 6 0.5
G_front_inf-Triangul 1264 914 3229 2.680 0.412 0.145 0.031 19 1.7
G_front_middle 3244 2430 8637 2.708 0.450 0.155 0.035 63 4.7
G_front_sup 6717 4340 15548 2.933 0.515 0.124 0.026 77 6.9
G_Ins_lg_and_S_cent_ins 640 422 1562 3.477 0.576 0.111 0.035 6 0.6
G_insular_short 678 476 2232 3.581 0.771 0.126 0.034 9 0.9
G_occipital_middle 1868 1302 3891 2.408 0.568 0.152 0.032 31 2.4
G_occipital_sup 2057 1361 3786 2.105 0.752 0.136 0.033 27 2.4
G_oc-temp_lat-fusifor 2241 1454 5617 2.966 0.598 0.123 0.029 32 2.6
G_oc-temp_med-Lingual 3165 2204 5173 1.959 0.692 0.149 0.039 47 5.1
G_oc-temp_med-Parahip 1480 949 3638 2.993 0.925 0.119 0.038 20 2.1
G_orbital 2672 1870 6828 2.851 0.639 0.136 0.032 43 3.6
G_pariet_inf-Angular 3507 2407 7737 2.516 0.490 0.143 0.031 62 4.4
G_pariet_inf-Supramar 2219 1544 5050 2.660 0.492 0.132 0.024 27 2.3
G_parietal_sup 2950 1829 4825 2.142 0.507 0.127 0.029 38 3.5
G_postcentral 2470 1545 3607 1.987 0.497 0.126 0.028 32 2.8
G_precentral 2252 1314 4679 2.667 0.455 0.103 0.023 23 2.0
G_precuneus 2486 1680 4832 2.350 0.549 0.132 0.027 37 2.6
G_rectus 832 596 2086 2.634 0.579 0.141 0.039 15 1.3
G_subcallosal 539 348 873 2.472 0.926 0.117 0.039 4 1.0
G_temp_sup-G_T_transv 450 235 836 2.586 0.407 0.118 0.029 6 0.5
G_temp_sup-Lateral 1668 1162 5547 3.432 0.668 0.137 0.028 24 2.0
G_temp_sup-Plan_polar 791 520 2115 3.680 0.863 0.095 0.019 5 0.6
G_temp_sup-Plan_tempo 746 502 1413 2.558 0.410 0.096 0.018 5 0.5
G_temporal_inf 1850 1245 5445 3.114 0.642 0.117 0.025 25 1.8
G_temporal_middle 2341 1668 6862 3.093 0.694 0.143 0.032 42 3.0
Lat_Fis-ant-Horizont 352 236 452 2.263 0.431 0.103 0.012 2 0.2
Lat_Fis-ant-Vertical 317 209 423 2.573 0.298 0.110 0.021 2 0.3
Lat_Fis-post 1358 861 1708 2.394 0.485 0.096 0.017 6 0.9
Pole_occipital 3635 2413 4701 1.827 0.457 0.145 0.034 50 5.2
Pole_temporal 1658 1103 5944 3.593 0.708 0.132 0.030 24 2.0
S_calcarine 2601 1767 2757 1.857 0.573 0.131 0.029 28 3.2
S_central 2723 1762 2838 1.856 0.596 0.091 0.015 13 1.8
S_cingul-Marginalis 1246 841 1634 2.050 0.455 0.103 0.017 8 0.9
S_circular_insula_ant 585 390 844 2.704 0.406 0.103 0.020 3 0.5
S_circular_insula_inf 1226 815 1789 2.824 0.590 0.093 0.018 6 0.9
S_circular_insula_sup 1614 1052 2301 2.571 0.404 0.108 0.021 8 1.6
S_collat_transv_ant 686 495 1571 2.767 0.694 0.122 0.022 8 0.6
S_collat_transv_post 448 308 534 2.119 0.481 0.126 0.025 4 0.5
S_front_inf 2179 1453 3310 2.409 0.344 0.105 0.019 16 1.7
S_front_middle 2192 1495 2974 2.311 0.380 0.118 0.022 16 2.2
S_front_sup 2402 1634 4134 2.538 0.426 0.114 0.023 20 2.2
S_interm_prim-Jensen 252 174 374 2.263 0.552 0.086 0.017 1 0.1
S_intrapariet_and_P_trans 3513 2316 4168 1.946 0.345 0.105 0.018 24 2.7
S_oc_middle_and_Lunatus 784 530 852 1.991 0.369 0.142 0.030 8 1.1
S_oc_sup_and_transversal 1306 848 1353 1.875 0.403 0.124 0.021 12 1.3
S_occipital_ant 936 651 1535 2.267 0.447 0.137 0.028 13 1.0
S_oc-temp_lat 1288 827 1710 2.393 0.342 0.083 0.012 4 0.7
S_oc-temp_med_and_Lingual 2462 1641 3132 2.233 0.458 0.110 0.017 20 1.9
S_orbital_lateral 567 374 648 2.032 0.316 0.113 0.023 4 0.5
S_orbital_med-olfact 815 551 1008 2.119 0.478 0.129 0.024 7 1.0
S_orbital-H_Shaped 1308 902 2353 2.759 0.501 0.126 0.028 13 1.5
S_parieto_occipital 2421 1623 2917 1.931 0.461 0.122 0.023 23 2.4
S_pericallosal 1543 1020 1628 1.834 0.650 0.127 0.022 22 1.4
S_postcentral 2971 1938 3469 2.035 0.420 0.106 0.020 19 2.6
S_precentral-inf-part 1533 989 2088 2.479 0.401 0.092 0.013 7 0.9
S_precentral-sup-part 842 565 1163 2.443 0.348 0.106 0.015 5 0.6
S_suborbital 364 252 544 2.403 0.529 0.118 0.015 3 0.3
S_subparietal 1249 847 1774 2.254 0.608 0.100 0.015 7 0.8
S_temporal_inf 1041 740 1647 2.499 0.538 0.122 0.019 8 1.0
S_temporal_sup 5704 3793 8698 2.489 0.466 0.109 0.018 39 4.8
S_temporal_transverse 341 244 553 2.654 0.443 0.124 0.017 3 0.2
