StructName NumVert SurfArea GrayVol ThickAvg ThickStd MeanCurv GausCurv FoldInd CurvInd
G_and_S_frontomargin 950 732 2026 2.348 0.667 0.166 0.039 15 1.8
G_and_S_occipital_inf 1174 815 2484 2.509 0.715 0.138 0.029 15 1.5
G_and_S_paracentral 1375 865 2480 2.330 0.549 0.111 0.021 11 1.2
G_and_S_subcentral 1355 901 2371 2.346 0.548 0.123 0.024 14 1.4
G_and_S_transv_frontopol 1262 989 3037 2.604 0.554 0.170 0.041 23 2.4
G_and_S_cingul-Ant 2773 1901 5434 2.713 0.581 0.111 0.022 23 2.6
G_and_S_cingul-Mid-Ant 1393 966 2406 2.506 0.406 0.112 0.019 12 1.2
G_and_S_cingul-Mid-Post 1471 973 2553 2.524 0.439 0.102 0.019 10 1.1
G_cingul-Post-dorsal 533 371 1483 3.028 0.598 0.149 0.036 9 0.7
G_cingul-Post-ventral 364 222 805 2.690 0.563 0.129 0.036 5 0.4
G_cuneus 2629 1801 3640 1.773 0.617 0.152 0.035 35 4.0
G_front_inf-Opercular 1306 843 3491 2.938 0.546 0.119 0.023 15 1.2
G_front_inf-Orbital 423 276 1056 2.894 0.492 0.127 0.023 5 0.3
G_front_inf-Triangul 1317 921 3339 2.695 0.469 0.140 0.031 19 1.6
G_front_middle 3427 2531 8766 2.654 0.487 0.151 0.033 64 4.5
G_front_sup 6418 4302 14925 2.846 0.528 0.129 0.025 73 6.6
G_Ins_lg_and_S_cent_ins 598 389 1601 3.806 0.720 0.102 0.031 5 0.7
G_insular_short 690 446 2212 3.716 0.782 0.114 0.029 8 0.7
G_occipital_middle 1900 1303 3996 2.450 0.604 0.142 0.032 28 2.2
G_occipital_sup 1714 1192 3190 2.101 0.721 0.141 0.030 24 1.9
G_oc-temp_lat-fusifor 2184 1400 5746 3.059 0.680 0.121 0.028 29 2.5
G_oc-temp_med-Lingual 3237 2270 4899 1.803 0.697 0.150 0.046 47 6.5
G_oc-temp_med-Parahip 1117 690 3099 3.135 0.942 0.094 0.020 10 0.8
G_orbital 2550 1792 6820 2.850 0.673 0.141 0.034 43 3.4
G_pariet_inf-Angular 3425 2387 7658 2.507 0.521 0.140 0.029 52 4.1
G_pariet_inf-Supramar 2508 1675 5189 2.575 0.492 0.127 0.023 28 2.5
G_parietal_sup 2589 1795 4437 2.075 0.426 0.135 0.026 36 2.8
G_postcentral 2336 1527 3501 1.969 0.420 0.138 0.026 31 2.6
G_precentral 2144 1364 4516 2.573 0.443 0.109 0.022 21 1.9
G_precuneus 2482 1651 5091 2.448 0.566 0.131 0.026 35 2.6
G_rectus 846 600 2128 2.618 0.540 0.131 0.034 14 1.0
G_subcallosal 446 296 856 2.678 0.896 0.107 0.054 7 0.6
G_temp_sup-G_T_transv 529 287 994 2.686 0.499 0.113 0.026 6 0.5
G_temp_sup-Lateral 1782 1192 5830 3.459 0.625 0.133 0.027 26 1.9
G_temp_sup-Plan_polar 1032 704 2345 3.356 0.955 0.114 0.027 9 1.1
G_temp_sup-Plan_tempo 780 504 1439 2.538 0.397 0.094 0.017 5 0.6
G_temporal_inf 1818 1230 5459 3.158 0.649 0.112 0.022 22 1.6
G_temporal_middle 2471 1707 7339 3.129 0.759 0.137 0.030 39 2.8
Lat_Fis-ant-Horizont 330 217 403 2.289 0.526 0.104 0.012 2 0.2
Lat_Fis-ant-Vertical 344 234 467 2.454 0.316 0.107 0.021 2 0.3
Lat_Fis-post 1440 943 1879 2.406 0.503 0.098 0.017 7 1.0
Pole_occipital 3508 2431 5030 1.896 0.493 0.151 0.036 53 5.2
Pole_temporal 1664 1250 6172 3.386 0.819 0.151 0.037 29 2.8
S_calcarine 2529 1742 2673 1.816 0.568 0.135 0.030 28 3.2
S_central 2744 1789 2927 1.869 0.605 0.088 0.014 13 1.6
S_cingul-Marginalis 1318 889 1898 2.248 0.491 0.103 0.017 9 1.0
S_circular_insula_ant 593 397 908 2.834 0.360 0.101 0.018 3 0.5
S_circular_insula_inf 1186 786 1767 2.884 0.620 0.095 0.017 6 0.9
S_circular_insula_sup 1590 1043 2361 2.671 0.453 0.109 0.021 8 1.6
S_collat_transv_ant 666 472 1699 3.009 0.791 0.112 0.015 7 0.5
S_collat_transv_post 393 263 429 2.041 0.470 0.133 0.025 4 0.4
S_front_inf 2141 1429 3122 2.301 0.404 0.105 0.018 14 1.6
S_front_middle 2236 1535 2955 2.157 0.408 0.118 0.022 17 2.1
S_front_sup 1850 1277 2959 2.366 0.430 0.106 0.019 12 1.5
S_interm_prim-Jensen 233 162 363 2.305 0.471 0.085 0.018 1 0.1
S_intrapariet_and_P_trans 3608 2433 4461 1.964 0.357 0.111 0.020 27 3.0
S_oc_middle_and_Lunatus 779 533 879 2.056 0.473 0.142 0.027 8 1.0
S_oc_sup_and_transversal 1230 838 1315 1.820 0.405 0.131 0.022 11 1.2
S_occipital_ant 810 578 1294 2.158 0.409 0.144 0.032 11 1.1
S_oc-temp_lat 1153 745 1625 2.559 0.338 0.081 0.011 4 0.6
S_oc-temp_med_and_Lingual 2500 1673 3111 2.172 0.507 0.112 0.018 20 1.8
S_orbital_lateral 563 377 633 2.017 0.331 0.117 0.022 4 0.5
S_orbital_med-olfact 730 510 1010 2.239 0.563 0.125 0.023 6 0.7
S_orbital-H_Shaped 1221 858 2376 2.815 0.558 0.124 0.029 12 1.5
S_parieto_occipital 2500 1696 3008 1.961 0.445 0.124 0.024 24 2.6
S_pericallosal 1507 988 1575 1.897 0.630 0.127 0.020 21 1.2
S_postcentral 2803 1835 3326 2.036 0.390 0.104 0.019 18 2.3
S_precentral-inf-part 1536 1008 2113 2.466 0.377 0.093 0.013 7 0.9
S_precentral-sup-part 821 553 1171 2.520 0.284 0.108 0.015 5 0.5
S_suborbital 393 276 559 2.188 0.538 0.122 0.016 3 0.3
S_subparietal 1270 883 1858 2.312 0.569 0.102 0.015 7 0.8
S_temporal_inf 1096 773 1748 2.542 0.625 0.126 0.021 13 1.0
S_temporal_sup 5865 3892 8872 2.512 0.487 0.107 0.018 39 4.6
S_temporal_transverse 233 173 361 2.555 0.273 0.122 0.012 2 0.1
