StructName NumVert SurfArea GrayVol ThickAvg ThickStd MeanCurv GausCurv FoldInd CurvInd
G_and_S_frontomargin 938 723 2082 2.547 0.560 0.166 0.038 15 1.7
G_and_S_occipital_inf 1144 814 2434 2.487 0.669 0.145 0.032 16 1.5
G_and_S_paracentral 1424 851 2375 2.256 0.559 0.107 0.023 11 1.4
G_and_S_subcentral 1385 939 2527 2.417 0.534 0.133 0.026 25 1.5
G_and_S_transv_frontopol 1104 874 2830 2.828 0.575 0.175 0.039 22 2.1
G_and_S_cingul-Ant 2853 2007 5789 2.805 0.593 0.123 0.026 33 3.6
G_and_S_cingul-Mid-Ant 1388 942 2459 2.576 0.415 0.112 0.019 12 1.1
G_and_S_cingul-Mid-Post 1521 1020 2586 2.430 0.461 0.108 0.020 11 1.3
G_cingul-Post-dorsal 533 379 1415 2.979 0.532 0.158 0.037 10 0.7
G_cingul-Post-ventral 354 221 785 2.672 0.615 0.128 0.046 5 0.5
G_cuneus 2479 1704 3112 1.651 0.485 0.151 0.037 31 3.8
G_front_inf-Opercular 1345 889 3443 2.866 0.544 0.124 0.025 17 1.5
G_front_inf-Orbital 427 272 1035 2.841 0.469 0.123 0.021 5 0.4
G_front_inf-Triangul 1309 907 3363 2.732 0.450 0.136 0.034 19 1.8
G_front_middle 3396 2478 8722 2.648 0.508 0.151 0.034 60 4.8
G_front_sup 6433 4270 15433 2.958 0.518 0.126 0.025 69 6.6
G_Ins_lg_and_S_cent_ins 639 434 1546 3.425 0.808 0.125 0.041 8 1.0
G_insular_short 708 462 2334 3.710 0.755 0.114 0.030 8 0.8
G_occipital_middle 1872 1305 3893 2.374 0.535 0.149 0.031 29 2.3
G_occipital_sup 1871 1237 3668 2.216 0.734 0.132 0.031 25 2.2
G_oc-temp_lat-fusifor 2203 1411 5327 2.949 0.621 0.124 0.029 31 2.7
G_oc-temp_med-Lingual 2984 2093 4742 1.884 0.655 0.148 0.041 42 4.9
G_oc-temp_med-Parahip 1417 917 3603 3.011 0.988 0.103 0.030 12 1.4
G_orbital 2668 1850 6770 2.830 0.714 0.138 0.034 42 3.7
G_pariet_inf-Angular 3288 2273 7179 2.469 0.484 0.142 0.031 55 4.1
G_pariet_inf-Supramar 2363 1590 5181 2.635 0.478 0.128 0.023 28 2.4
G_parietal_sup 2783 1850 4749 2.098 0.452 0.137 0.027 39 3.1
G_postcentral 2398 1573 3764 2.023 0.469 0.132 0.032 32 3.1
G_precentral 2125 1354 4741 2.641 0.477 0.110 0.023 21 1.9
G_precuneus 2528 1690 5022 2.391 0.536 0.134 0.029 38 3.0
G_rectus 870 576 2345 2.772 0.719 0.137 0.037 15 1.3
G_subcallosal 542 351 814 2.330 0.828 0.112 0.045 7 0.7
G_temp_sup-G_T_transv 515 270 950 2.629 0.339 0.114 0.029 6 0.6
G_temp_sup-Lateral 1606 1121 5120 3.324 0.579 0.137 0.029 24 1.9
G_temp_sup-Plan_polar 754 499 1961 3.577 0.779 0.092 0.018 4 0.5
G_temp_sup-Plan_tempo 790 522 1546 2.612 0.412 0.097 0.020 6 0.6
G_temporal_inf 1738 1214 5117 3.047 0.593 0.114 0.024 23 1.6
G_temporal_middle 2366 1733 6957 3.025 0.613 0.146 0.034 43 3.1
Lat_Fis-ant-Horizont 329 224 427 2.281 0.495 0.107 0.013 2 0.2
Lat_Fis-ant-Vertical 372 247 508 2.543 0.363 0.104 0.021 2 0.3
Lat_Fis-post 1342 868 1745 2.440 0.508 0.100 0.018 7 1.0
Pole_occipital 3605 2374 4680 1.832 0.444 0.144 0.035 51 5.1
Pole_temporal 1629 1208 6306 3.586 0.707 0.143 0.035 25 2.3
S_calcarine 2625 1803 2810 1.848 0.606 0.135 0.029 30 3.3
S_central 2619 1694 2699 1.840 0.549 0.089 0.015 12 1.6
S_cingul-Marginalis 1258 840 1694 2.110 0.468 0.101 0.019 8 1.0
S_circular_insula_ant 606 404 892 2.661 0.385 0.100 0.018 3 0.5
S_circular_insula_inf 1196 773 1699 2.848 0.532 0.087 0.014 5 0.7
S_circular_insula_sup 1571 1024 2239 2.646 0.384 0.110 0.021 8 1.6
S_collat_transv_ant 675 494 1629 2.893 0.632 0.124 0.022 8 0.7
S_collat_transv_post 407 277 479 2.061 0.393 0.127 0.026 3 0.5
S_front_inf 2075 1397 2992 2.292 0.375 0.107 0.019 14 1.7
S_front_middle 2232 1526 2897 2.174 0.404 0.118 0.024 16 2.3
S_front_sup 2278 1549 3827 2.429 0.438 0.115 0.026 20 2.3
S_interm_prim-Jensen 355 238 534 2.282 0.446 0.094 0.017 2 0.2
S_intrapariet_and_P_trans 3401 2258 4037 1.942 0.367 0.106 0.018 25 2.6
S_oc_middle_and_Lunatus 796 559 953 2.026 0.418 0.146 0.028 8 1.1
S_oc_sup_and_transversal 1382 923 1512 1.867 0.382 0.130 0.023 14 1.4
S_occipital_ant 791 544 1134 2.086 0.441 0.127 0.027 9 0.9
S_oc-temp_lat 1201 771 1655 2.459 0.342 0.082 0.012 4 0.6
S_oc-temp_med_and_Lingual 2649 1764 3352 2.185 0.472 0.114 0.020 22 2.2
S_orbital_lateral 548 359 603 1.993 0.351 0.115 0.024 4 0.5
S_orbital_med-olfact 732 497 936 2.132 0.437 0.115 0.018 5 0.5
S_orbital-H_Shaped 1335 914 2434 2.824 0.545 0.128 0.030 14 1.7
S_parieto_occipital 2547 1716 3103 1.952 0.475 0.123 0.024 24 2.6
S_pericallosal 1479 976 1553 1.887 0.689 0.130 0.022 22 1.3
S_postcentral 2882 1862 3253 1.992 0.415 0.107 0.020 18 2.6
S_precentral-inf-part 1452 948 2003 2.471 0.414 0.093 0.013 7 0.8
S_precentral-sup-part 797 534 1061 2.389 0.382 0.111 0.016 5 0.6
S_suborbital 385 256 581 2.502 0.708 0.110 0.015 3 0.3
S_subparietal 1266 866 1870 2.319 0.548 0.103 0.016 8 0.8
S_temporal_inf 1013 731 1656 2.522 0.521 0.129 0.020 9 1.0
S_temporal_sup 5870 3945 9138 2.503 0.494 0.109 0.019 40 4.9
S_temporal_transverse 349 238 544 2.637 0.415 0.117 0.018 3 0.2
