StructName NumVert SurfArea GrayVol ThickAvg ThickStd MeanCurv GausCurv FoldInd CurvInd
G_and_S_frontomargin 942 760 2402 2.733 0.618 0.175 0.044 17 1.9
G_and_S_occipital_inf 1181 835 2553 2.467 0.716 0.145 0.033 16 1.6
G_and_S_paracentral 1399 869 2174 2.140 0.521 0.125 0.034 19 2.0
G_and_S_subcentral 1330 950 2647 2.451 0.578 0.137 0.028 15 1.6
G_and_S_transv_frontopol 1154 931 3154 2.946 0.598 0.176 0.047 22 2.3
G_and_S_cingul-Ant 2714 1932 5705 2.820 0.610 0.120 0.026 27 3.2
G_and_S_cingul-Mid-Ant 1392 948 2486 2.556 0.442 0.112 0.021 12 1.2
G_and_S_cingul-Mid-Post 1494 1012 2611 2.463 0.476 0.108 0.020 11 1.2
G_cingul-Post-dorsal 550 405 1508 2.943 0.635 0.153 0.035 9 0.7
G_cingul-Post-ventral 379 248 822 2.632 0.593 0.139 0.046 5 0.6
G_cuneus 2646 1827 3443 1.701 0.506 0.151 0.038 33 4.3
G_front_inf-Opercular 1310 890 3585 2.910 0.542 0.120 0.022 15 1.3
G_front_inf-Orbital 422 310 1145 2.645 0.599 0.128 0.026 5 0.6
G_front_inf-Triangul 1255 934 3451 2.745 0.499 0.154 0.041 20 2.1
G_front_middle 3324 2590 9378 2.699 0.543 0.167 0.043 70 6.3
G_front_sup 6199 4296 15124 2.892 0.577 0.134 0.031 72 8.2
G_Ins_lg_and_S_cent_ins 608 397 1567 3.739 0.719 0.112 0.034 6 0.7
G_insular_short 695 487 2193 3.503 0.805 0.125 0.032 9 0.8
G_occipital_middle 1742 1247 3843 2.465 0.524 0.152 0.032 29 2.2
G_occipital_sup 1774 1192 3310 2.141 0.723 0.134 0.035 22 2.3
G_oc-temp_lat-fusifor 2208 1438 5523 2.981 0.650 0.123 0.029 32 2.6
G_oc-temp_med-Lingual 3156 2203 4991 1.929 0.695 0.151 0.041 44 5.4
G_oc-temp_med-Parahip 1089 681 2839 3.016 0.921 0.090 0.025 8 0.9
G_orbital 2572 1834 6466 2.746 0.756 0.143 0.038 41 4.1
G_pariet_inf-Angular 2989 2114 6389 2.424 0.478 0.142 0.033 45 4.1
G_pariet_inf-Supramar 2431 1718 5720 2.674 0.518 0.136 0.030 32 3.2
G_parietal_sup 2519 1742 4423 2.122 0.476 0.139 0.031 36 3.1
G_postcentral 2317 1569 3779 2.030 0.474 0.140 0.036 34 3.5
G_precentral 2011 1347 4720 2.626 0.514 0.113 0.027 19 2.1
G_precuneus 2460 1711 5029 2.371 0.596 0.134 0.030 35 2.9
G_rectus 813 558 2265 2.768 0.692 0.154 0.048 15 1.6
G_subcallosal 552 346 830 2.329 0.877 0.104 0.037 4 0.8
G_temp_sup-G_T_transv 443 244 916 2.724 0.382 0.124 0.028 6 0.4
G_temp_sup-Lateral 1716 1206 5655 3.386 0.597 0.137 0.029 26 1.9
G_temp_sup-Plan_polar 1008 687 2194 3.135 1.031 0.108 0.028 8 1.1
G_temp_sup-Plan_tempo 738 485 1500 2.661 0.442 0.096 0.023 6 0.7
G_temporal_inf 1765 1225 5178 3.059 0.603 0.112 0.025 23 1.7
G_temporal_middle 2426 1756 7015 3.004 0.655 0.143 0.031 42 3.0
Lat_Fis-ant-Horizont 330 219 412 2.211 0.539 0.111 0.012 2 0.2
Lat_Fis-ant-Vertical 327 215 435 2.669 0.404 0.104 0.023 2 0.3
Lat_Fis-post 1455 942 1878 2.415 0.494 0.098 0.018 7 1.0
Pole_occipital 3690 2473 4688 1.775 0.435 0.148 0.036 52 5.6
Pole_temporal 1620 1207 6077 3.504 0.707 0.150 0.036 28 2.3
S_calcarine 2681 1858 2939 1.865 0.601 0.134 0.030 29 3.5
S_central 2657 1717 2698 1.809 0.506 0.090 0.016 13 1.8
S_cingul-Marginalis 1297 891 1854 2.119 0.480 0.106 0.019 8 1.1
S_circular_insula_ant 556 376 780 2.540 0.440 0.109 0.020 3 0.5
S_circular_insula_inf 1268 829 1914 2.905 0.566 0.092 0.015 6 0.8
S_circular_insula_sup 1552 1018 2266 2.659 0.438 0.109 0.022 8 1.6
S_collat_transv_ant 759 548 1759 2.808 0.751 0.127 0.031 9 1.1
S_collat_transv_post 476 325 567 2.066 0.357 0.128 0.028 4 0.6
S_front_inf 2086 1403 2996 2.247 0.416 0.107 0.020 14 1.8
S_front_middle 2033 1387 2767 2.185 0.493 0.120 0.026 15 2.3
S_front_sup 1906 1307 3117 2.362 0.518 0.108 0.024 12 1.8
S_interm_prim-Jensen 331 234 502 2.212 0.559 0.095 0.020 2 0.2
S_intrapariet_and_P_trans 3527 2397 4340 1.921 0.401 0.111 0.021 27 3.1
S_oc_middle_and_Lunatus 740 500 819 2.067 0.408 0.142 0.030 8 1.1
S_oc_sup_and_transversal 1363 924 1512 1.852 0.399 0.128 0.023 13 1.4
S_occipital_ant 805 565 1261 2.208 0.397 0.128 0.027 8 1.0
S_oc-temp_lat 1196 758 1591 2.462 0.330 0.082 0.011 4 0.6
S_oc-temp_med_and_Lingual 2427 1622 3158 2.247 0.509 0.109 0.017 19 1.8
S_orbital_lateral 488 341 525 1.904 0.349 0.124 0.025 4 0.5
S_orbital_med-olfact 733 488 834 1.977 0.324 0.122 0.021 6 0.7
S_orbital-H_Shaped 1322 912 2452 2.851 0.591 0.128 0.030 13 1.7
S_parieto_occipital 2442 1601 2894 1.968 0.515 0.116 0.022 21 2.3
S_pericallosal 1486 959 1498 1.843 0.668 0.126 0.022 22 1.3
S_postcentral 2713 1777 3118 1.996 0.414 0.111 0.023 19 2.8
S_precentral-inf-part 1475 966 2060 2.441 0.505 0.092 0.014 7 0.9
S_precentral-sup-part 768 513 984 2.261 0.362 0.111 0.018 5 0.6
S_suborbital 394 270 665 2.626 0.766 0.116 0.017 3 0.4
S_subparietal 1250 848 1791 2.295 0.632 0.104 0.017 8 0.9
S_temporal_inf 1028 711 1617 2.543 0.573 0.122 0.018 8 0.9
S_temporal_sup 5925 3959 9284 2.506 0.458 0.110 0.019 43 5.0
S_temporal_transverse 305 218 497 2.711 0.450 0.122 0.019 2 0.2
