StructName NumVert SurfArea GrayVol ThickAvg ThickStd MeanCurv GausCurv FoldInd CurvInd
G_and_S_frontomargin 964 755 2216 2.678 0.541 0.174 0.043 17 2.0
G_and_S_occipital_inf 1213 838 2465 2.478 0.651 0.137 0.028 16 1.5
G_and_S_paracentral 1501 862 2186 2.129 0.509 0.101 0.023 13 1.4
G_and_S_subcentral 1306 880 2416 2.456 0.550 0.134 0.029 16 1.6
G_and_S_transv_frontopol 1079 845 2873 2.953 0.567 0.174 0.043 22 1.9
G_and_S_cingul-Ant 2817 2009 5618 2.743 0.576 0.125 0.030 35 3.7
G_and_S_cingul-Mid-Ant 1417 946 2474 2.585 0.387 0.110 0.020 12 1.2
G_and_S_cingul-Mid-Post 1450 989 2556 2.487 0.451 0.109 0.021 11 1.3
G_cingul-Post-dorsal 569 396 1471 2.934 0.459 0.149 0.036 10 0.8
G_cingul-Post-ventral 359 220 698 2.510 0.568 0.140 0.051 8 0.5
G_cuneus 2623 1754 3293 1.674 0.524 0.144 0.037 31 3.9
G_front_inf-Opercular 1343 861 3508 2.962 0.533 0.121 0.024 15 1.4
G_front_inf-Orbital 489 325 1195 2.798 0.477 0.129 0.025 6 0.5
G_front_inf-Triangul 1303 889 3278 2.746 0.519 0.137 0.034 18 1.8
G_front_middle 3297 2410 8796 2.749 0.497 0.150 0.035 57 4.6
G_front_sup 6843 4472 15721 2.904 0.522 0.125 0.029 76 7.6
G_Ins_lg_and_S_cent_ins 556 365 1439 3.794 0.689 0.106 0.031 5 0.6
G_insular_short 665 430 2238 3.729 0.788 0.119 0.031 8 0.8
G_occipital_middle 1934 1350 3978 2.361 0.537 0.152 0.030 33 2.3
G_occipital_sup 1759 1155 3227 2.126 0.736 0.134 0.030 23 2.0
G_oc-temp_lat-fusifor 2229 1443 5422 2.977 0.673 0.123 0.029 31 2.6
G_oc-temp_med-Lingual 3125 2182 4753 1.868 0.650 0.150 0.043 46 5.4
G_oc-temp_med-Parahip 1423 904 3331 2.919 0.897 0.111 0.037 15 1.8
G_orbital 2681 1864 6748 2.824 0.723 0.138 0.038 43 4.1
G_pariet_inf-Angular 3006 2052 6164 2.417 0.449 0.138 0.028 45 3.4
G_pariet_inf-Supramar 2496 1689 5637 2.704 0.536 0.126 0.024 28 2.6
G_parietal_sup 2690 1796 4562 2.106 0.470 0.135 0.026 36 2.9
G_postcentral 2467 1542 3540 1.958 0.466 0.128 0.030 32 3.1
G_precentral 2226 1326 4575 2.626 0.497 0.101 0.022 20 1.9
G_precuneus 2414 1597 4824 2.422 0.549 0.128 0.027 34 2.4
G_rectus 861 573 2208 2.673 0.741 0.147 0.049 17 1.7
G_subcallosal 572 375 809 2.217 0.890 0.124 0.050 8 1.4
G_temp_sup-G_T_transv 444 242 890 2.677 0.393 0.124 0.029 6 0.5
G_temp_sup-Lateral 1761 1190 5776 3.451 0.636 0.132 0.029 24 2.0
G_temp_sup-Plan_polar 727 481 1929 3.650 0.825 0.090 0.017 4 0.5
G_temp_sup-Plan_tempo 757 500 1527 2.704 0.379 0.097 0.021 6 0.6
G_temporal_inf 1904 1292 5558 3.122 0.619 0.116 0.025 24 1.9
G_temporal_middle 2330 1674 6899 3.095 0.702 0.144 0.034 43 3.0
Lat_Fis-ant-Horizont 298 203 392 2.339 0.493 0.103 0.011 2 0.1
Lat_Fis-ant-Vertical 329 230 478 2.560 0.365 0.111 0.020 2 0.3
Lat_Fis-post 1474 961 1931 2.442 0.486 0.101 0.019 7 1.1
Pole_occipital 3789 2528 4880 1.784 0.453 0.148 0.034 52 5.7
Pole_temporal 1694 1214 6087 3.419 0.798 0.144 0.035 24 2.4
S_calcarine 2690 1832 2902 1.857 0.616 0.136 0.031 29 3.8
S_central 2641 1699 2621 1.782 0.530 0.089 0.014 13 1.6
S_cingul-Marginalis 1303 899 1868 2.133 0.455 0.107 0.019 9 1.1
S_circular_insula_ant 565 386 866 2.739 0.365 0.107 0.022 3 0.6
S_circular_insula_inf 1232 824 1894 2.922 0.578 0.087 0.013 5 0.7
S_circular_insula_sup 1626 1064 2370 2.693 0.422 0.107 0.021 8 1.5
S_collat_transv_ant 795 572 1884 2.932 0.684 0.125 0.021 9 0.7
S_collat_transv_post 373 265 443 2.064 0.443 0.135 0.026 4 0.4
S_front_inf 2118 1431 3183 2.339 0.383 0.107 0.020 15 1.7
S_front_middle 2233 1486 3008 2.347 0.401 0.117 0.022 16 2.2
S_front_sup 1927 1304 3225 2.454 0.485 0.109 0.022 14 1.7
S_interm_prim-Jensen 392 282 637 2.326 0.461 0.123 0.034 5 0.4
S_intrapariet_and_P_trans 3460 2317 4054 1.917 0.373 0.107 0.019 22 2.8
S_oc_middle_and_Lunatus 731 508 827 2.017 0.396 0.147 0.030 8 1.0
S_oc_sup_and_transversal 1340 901 1416 1.811 0.385 0.131 0.023 14 1.3
S_occipital_ant 856 610 1322 2.076 0.462 0.141 0.030 11 1.3
S_oc-temp_lat 1050 681 1468 2.542 0.307 0.084 0.012 4 0.5
S_oc-temp_med_and_Lingual 2435 1633 3116 2.220 0.503 0.112 0.019 20 1.9
S_orbital_lateral 590 400 688 2.037 0.357 0.115 0.022 4 0.5
S_orbital_med-olfact 729 480 917 2.118 0.512 0.120 0.020 6 0.6
S_orbital-H_Shaped 1339 907 2424 2.920 0.572 0.125 0.028 13 1.6
S_parieto_occipital 2411 1597 2805 1.932 0.493 0.122 0.023 21 2.4
S_pericallosal 1539 996 1605 1.852 0.591 0.124 0.023 22 1.5
S_postcentral 2728 1762 3109 2.004 0.424 0.105 0.019 18 2.3
S_precentral-inf-part 1503 978 2057 2.425 0.395 0.092 0.014 7 0.9
S_precentral-sup-part 807 529 1063 2.357 0.338 0.107 0.014 5 0.5
S_suborbital 457 308 696 2.462 0.650 0.123 0.021 4 0.4
S_subparietal 1238 839 1704 2.222 0.523 0.102 0.016 7 0.8
S_temporal_inf 989 703 1552 2.473 0.549 0.120 0.018 7 0.9
S_temporal_sup 5996 3983 9358 2.532 0.481 0.111 0.019 45 5.1
S_temporal_transverse 308 218 515 2.904 0.308 0.120 0.018 2 0.2
