StructName NumVert SurfArea GrayVol ThickAvg ThickStd MeanCurv GausCurv FoldInd CurvInd
G_and_S_frontomargin 936 717 2049 2.635 0.574 0.171 0.041 20 1.7
G_and_S_occipital_inf 1150 815 2374 2.398 0.711 0.142 0.033 15 1.6
G_and_S_paracentral 1492 876 2196 2.167 0.492 0.113 0.030 17 2.0
G_and_S_subcentral 1355 957 2591 2.414 0.533 0.135 0.028 16 1.4
G_and_S_transv_frontopol 1122 878 2938 2.851 0.580 0.174 0.045 25 2.2
G_and_S_cingul-Ant 2687 1871 5580 2.836 0.647 0.117 0.025 26 2.9
G_and_S_cingul-Mid-Ant 1370 910 2385 2.592 0.389 0.106 0.018 12 1.0
G_and_S_cingul-Mid-Post 1479 997 2514 2.420 0.477 0.112 0.021 11 1.5
G_cingul-Post-dorsal 537 381 1384 2.897 0.575 0.150 0.035 9 0.8
G_cingul-Post-ventral 340 223 759 2.631 0.562 0.140 0.044 6 0.5
G_cuneus 2516 1731 3245 1.705 0.550 0.151 0.038 33 4.0
G_front_inf-Opercular 1297 862 3298 2.897 0.496 0.125 0.026 16 1.5
G_front_inf-Orbital 419 294 1059 2.756 0.447 0.134 0.030 7 0.4
G_front_inf-Triangul 1243 889 3157 2.661 0.460 0.146 0.037 20 1.9
G_front_middle 3485 2563 9249 2.732 0.452 0.150 0.036 64 5.1
G_front_sup 6639 4309 15149 2.890 0.486 0.125 0.027 76 7.0
G_Ins_lg_and_S_cent_ins 626 403 1579 3.578 0.715 0.105 0.033 6 0.6
G_insular_short 674 464 2248 3.540 0.873 0.124 0.032 7 0.9
G_occipital_middle 1855 1280 3896 2.429 0.590 0.148 0.034 30 2.4
G_occipital_sup 1844 1240 3319 2.096 0.701 0.138 0.035 22 2.4
G_oc-temp_lat-fusifor 2267 1425 5571 2.977 0.608 0.121 0.026 33 2.4
G_oc-temp_med-Lingual 3064 2137 4943 1.973 0.682 0.147 0.039 43 4.9
G_oc-temp_med-Parahip 1319 792 3152 3.003 0.860 0.109 0.032 12 1.6
G_orbital 2610 1770 6886 2.951 0.665 0.134 0.029 39 3.1
G_pariet_inf-Angular 3345 2283 7343 2.516 0.503 0.137 0.030 52 4.1
G_pariet_inf-Supramar 2296 1569 5217 2.695 0.478 0.127 0.023 27 2.2
G_parietal_sup 2688 1757 4455 2.095 0.502 0.130 0.028 33 3.0
G_postcentral 2364 1508 3607 2.028 0.474 0.129 0.030 31 2.8
G_precentral 2209 1332 4771 2.696 0.493 0.107 0.024 21 2.2
G_precuneus 2423 1641 4739 2.340 0.590 0.132 0.028 34 2.6
G_rectus 794 590 2213 2.755 0.562 0.155 0.048 17 1.7
G_subcallosal 517 322 822 2.491 0.900 0.093 0.032 3 0.5
G_temp_sup-G_T_transv 466 249 851 2.555 0.373 0.123 0.034 6 0.5
G_temp_sup-Lateral 1661 1138 5297 3.356 0.601 0.135 0.029 25 1.8
G_temp_sup-Plan_polar 988 669 2209 3.237 0.944 0.120 0.032 9 1.4
G_temp_sup-Plan_tempo 766 500 1510 2.637 0.440 0.100 0.022 6 0.7
G_temporal_inf 1893 1241 5281 3.059 0.611 0.113 0.028 27 2.1
G_temporal_middle 2398 1699 6999 3.107 0.669 0.139 0.031 42 2.8
Lat_Fis-ant-Horizont 322 209 389 2.211 0.510 0.100 0.012 2 0.2
Lat_Fis-ant-Vertical 359 244 513 2.535 0.399 0.106 0.020 2 0.3
Lat_Fis-post 1396 900 1853 2.464 0.493 0.098 0.018 7 1.0
Pole_occipital 3700 2486 4923 1.818 0.487 0.145 0.036 48 5.6
Pole_temporal 1637 1137 6024 3.577 0.721 0.134 0.030 22 2.0
S_calcarine 2516 1715 2738 1.863 0.579 0.135 0.030 29 3.3
S_central 2709 1751 2744 1.804 0.528 0.091 0.015 13 1.7
S_cingul-Marginalis 1304 892 1754 2.022 0.442 0.104 0.017 9 1.0
S_circular_insula_ant 577 372 799 2.623 0.446 0.100 0.019 3 0.5
S_circular_insula_inf 1260 825 1818 2.789 0.527 0.091 0.016 6 0.7
S_circular_insula_sup 1563 1025 2270 2.622 0.447 0.108 0.021 8 1.5
S_collat_transv_ant 741 519 1671 2.802 0.743 0.112 0.017 7 0.5
S_collat_transv_post 495 338 602 2.054 0.385 0.132 0.028 5 0.6
S_front_inf 2182 1443 3255 2.392 0.402 0.102 0.018 14 1.6
S_front_middle 2156 1454 2892 2.283 0.409 0.114 0.023 16 2.2
S_front_sup 2006 1372 3330 2.535 0.462 0.111 0.022 14 1.8
S_interm_prim-Jensen 343 238 539 2.400 0.512 0.109 0.021 2 0.3
S_intrapariet_and_P_trans 3645 2421 4307 1.914 0.392 0.109 0.020 27 3.1
S_oc_middle_and_Lunatus 815 566 966 2.059 0.428 0.145 0.032 9 1.2
S_oc_sup_and_transversal 1423 943 1501 1.842 0.403 0.130 0.024 14 1.5
S_occipital_ant 918 648 1500 2.250 0.436 0.131 0.030 11 1.1
S_oc-temp_lat 1247 794 1598 2.339 0.350 0.082 0.012 4 0.7
S_oc-temp_med_and_Lingual 2458 1637 3234 2.290 0.455 0.106 0.016 18 1.6
S_orbital_lateral 557 371 641 2.070 0.427 0.111 0.021 4 0.5
S_orbital_med-olfact 780 533 1029 2.228 0.481 0.124 0.023 7 0.8
S_orbital-H_Shaped 1210 845 2288 2.857 0.567 0.126 0.029 10 1.5
S_parieto_occipital 2497 1675 3020 1.964 0.482 0.122 0.023 22 2.5
S_pericallosal 1529 1009 1634 1.936 0.635 0.129 0.023 23 1.3
S_postcentral 2902 1873 3352 2.026 0.430 0.107 0.021 19 2.7
S_precentral-inf-part 1470 952 1989 2.418 0.467 0.091 0.014 7 0.8
S_precentral-sup-part 825 551 1137 2.450 0.336 0.105 0.015 5 0.5
S_suborbital 337 235 539 2.602 0.570 0.123 0.016 3 0.3
S_subparietal 1288 872 1814 2.234 0.616 0.102 0.016 8 0.9
S_temporal_inf 1067 743 1640 2.526 0.516 0.121 0.018 8 1.1
S_temporal_sup 5695 3799 8941 2.567 0.476 0.110 0.020 40 4.9
S_temporal_transverse 353 252 590 2.741 0.437 0.119 0.019 3 0.3
