StructName NumVert SurfArea GrayVol ThickAvg ThickStd MeanCurv GausCurv FoldInd CurvInd
G_and_S_frontomargin 936 748 2146 2.279 0.715 0.169 0.041 16 1.5
G_and_S_occipital_inf 1158 817 2529 2.473 0.746 0.137 0.031 20 1.3
G_and_S_paracentral 1429 980 2609 2.282 0.553 0.122 0.035 14 1.8
G_and_S_subcentral 1356 951 2530 2.323 0.700 0.135 0.035 16 1.9
G_and_S_transv_frontopol 1211 919 2685 2.393 0.729 0.162 0.042 23 2.1
G_and_S_cingul-Ant 2934 2130 5587 2.452 0.600 0.124 0.029 30 3.6
G_and_S_cingul-Mid-Ant 1455 1004 2654 2.579 0.390 0.108 0.023 12 1.2
G_and_S_cingul-Mid-Post 1605 1062 2859 2.519 0.452 0.108 0.022 11 1.5
G_cingul-Post-dorsal 527 407 1504 2.938 0.583 0.156 0.042 10 0.7
G_cingul-Post-ventral 381 260 929 2.815 0.445 0.136 0.039 5 0.4
G_cuneus 2268 1692 3122 1.705 0.516 0.157 0.039 34 3.5
G_front_inf-Opercular 1284 896 3635 2.883 0.558 0.129 0.028 18 1.4
G_front_inf-Orbital 469 299 1225 2.905 0.546 0.118 0.025 6 0.5
G_front_inf-Triangul 1221 900 3481 2.747 0.609 0.146 0.038 19 1.8
G_front_middle 3257 2424 9255 2.716 0.670 0.149 0.035 67 4.4
G_front_sup 6741 4590 16355 2.833 0.558 0.130 0.031 89 7.8
G_Ins_lg_and_S_cent_ins 578 408 1527 3.629 0.710 0.122 0.035 7 0.8
G_insular_short 629 460 2145 3.589 0.864 0.126 0.033 7 0.7
G_occipital_middle 1736 1255 4307 2.487 0.742 0.148 0.032 30 2.3
G_occipital_sup 1835 1285 3571 2.136 0.672 0.139 0.029 27 1.9
G_oc-temp_lat-fusifor 2214 1434 5942 3.134 0.633 0.117 0.030 32 2.4
G_oc-temp_med-Lingual 2822 2124 4796 1.977 0.720 0.157 0.046 44 5.1
G_oc-temp_med-Parahip 1090 719 3385 3.242 0.929 0.110 0.033 13 1.2
G_orbital 2695 1913 7358 2.815 0.862 0.138 0.035 40 3.5
G_pariet_inf-Angular 3312 2402 8613 2.588 0.671 0.145 0.032 67 4.2
G_pariet_inf-Supramar 2468 1732 5782 2.605 0.608 0.131 0.030 33 3.0
G_parietal_sup 2609 1857 4796 2.086 0.470 0.141 0.030 40 3.1
G_postcentral 2377 1612 4011 2.058 0.548 0.140 0.040 36 3.5
G_precentral 2088 1392 5074 2.741 0.492 0.113 0.028 22 2.1
G_precuneus 2370 1743 5444 2.454 0.584 0.140 0.037 43 3.1
G_rectus 878 652 2276 2.554 0.795 0.147 0.044 16 1.3
G_subcallosal 506 343 956 2.652 0.807 0.113 0.043 5 0.7
G_temp_sup-G_T_transv 458 286 1017 2.688 0.335 0.134 0.034 7 0.4
G_temp_sup-Lateral 1946 1352 6346 3.196 0.879 0.148 0.051 35 3.8
G_temp_sup-Plan_polar 1097 762 2484 3.135 0.913 0.106 0.030 9 1.1
G_temp_sup-Plan_tempo 800 553 1645 2.529 0.445 0.096 0.022 6 0.6
G_temporal_inf 1823 1283 5912 3.103 0.716 0.117 0.028 24 2.0
G_temporal_middle 2538 1931 7186 2.759 0.853 0.155 0.047 58 4.6
Lat_Fis-ant-Horizont 347 225 441 2.285 0.476 0.097 0.013 2 0.2
Lat_Fis-ant-Vertical 374 244 505 2.448 0.496 0.096 0.021 1 0.3
Lat_Fis-post 1448 922 1909 2.501 0.481 0.093 0.018 6 1.1
Pole_occipital 3531 2503 5987 2.053 0.570 0.147 0.035 57 4.7
Pole_temporal 1479 1265 6623 3.462 0.830 0.161 0.037 26 2.5
S_calcarine 2411 1646 2990 2.122 0.613 0.119 0.026 22 2.6
S_central 2829 1807 3030 1.920 0.557 0.085 0.015 11 1.9
S_cingul-Marginalis 1321 917 2006 2.214 0.485 0.105 0.019 10 1.1
S_circular_insula_ant 590 392 896 2.721 0.477 0.102 0.024 3 0.5
S_circular_insula_inf 1275 830 1847 2.672 0.544 0.093 0.016 5 0.9
S_circular_insula_sup 1586 1024 2250 2.542 0.457 0.108 0.022 8 1.7
S_collat_transv_ant 615 498 1756 2.826 0.805 0.138 0.028 8 1.0
S_collat_transv_post 386 260 493 2.158 0.496 0.121 0.024 3 0.4
S_front_inf 2231 1520 3162 2.093 0.452 0.108 0.021 16 1.9
S_front_middle 2303 1616 2822 1.796 0.411 0.121 0.025 18 2.6
S_front_sup 2302 1640 3827 2.258 0.476 0.117 0.026 19 2.4
S_interm_prim-Jensen 279 198 531 2.405 0.589 0.094 0.017 1 0.2
S_intrapariet_and_P_trans 3452 2353 4233 1.888 0.350 0.107 0.019 24 2.9
S_oc_middle_and_Lunatus 821 568 945 1.907 0.413 0.144 0.028 9 1.2
S_oc_sup_and_transversal 1220 811 1333 1.854 0.393 0.119 0.021 10 1.1
S_occipital_ant 848 600 1370 2.161 0.493 0.133 0.028 12 1.1
S_oc-temp_lat 1264 807 1705 2.408 0.364 0.084 0.013 4 0.7
S_oc-temp_med_and_Lingual 2510 1655 3425 2.312 0.515 0.107 0.018 18 1.9
S_orbital_lateral 569 393 691 1.887 0.405 0.113 0.021 4 0.5
S_orbital_med-olfact 825 540 936 1.910 0.569 0.112 0.020 6 0.7
S_orbital-H_Shaped 1381 1015 2768 2.512 0.699 0.133 0.034 13 2.1
S_parieto_occipital 2458 1666 3160 2.025 0.481 0.114 0.022 20 2.4
S_pericallosal 1674 1072 1767 1.836 0.662 0.115 0.021 20 1.3
S_postcentral 2887 1892 3424 1.989 0.396 0.105 0.021 19 2.6
S_precentral-inf-part 1528 990 2072 2.376 0.389 0.091 0.015 7 1.0
S_precentral-sup-part 852 559 1121 2.252 0.443 0.106 0.020 5 0.7
S_suborbital 402 269 611 2.356 0.620 0.101 0.019 2 0.3
S_subparietal 1261 845 1846 2.304 0.617 0.096 0.017 7 0.9
S_temporal_inf 1002 682 1487 2.307 0.546 0.116 0.017 6 1.0
S_temporal_sup 5979 3935 8962 2.379 0.467 0.106 0.018 39 4.9
S_temporal_transverse 265 187 384 2.378 0.379 0.119 0.016 2 0.2
