StructName NumVert SurfArea GrayVol ThickAvg ThickStd MeanCurv GausCurv FoldInd CurvInd
G_and_S_frontomargin 949 740 2218 2.526 0.584 0.172 0.040 17 1.8
G_and_S_occipital_inf 1106 803 2611 2.557 0.735 0.149 0.033 15 1.6
G_and_S_paracentral 1393 863 2578 2.395 0.577 0.113 0.021 12 1.2
G_and_S_subcentral 1404 956 2695 2.510 0.615 0.128 0.027 15 1.6
G_and_S_transv_frontopol 1247 996 3154 2.784 0.536 0.175 0.045 24 2.6
G_and_S_cingul-Ant 2748 1904 5572 2.824 0.590 0.115 0.023 27 2.8
G_and_S_cingul-Mid-Ant 1426 957 2529 2.570 0.418 0.108 0.019 12 1.1
G_and_S_cingul-Mid-Post 1508 1003 2523 2.465 0.431 0.108 0.020 11 1.3
G_cingul-Post-dorsal 563 406 1495 2.919 0.579 0.150 0.032 10 0.7
G_cingul-Post-ventral 371 230 852 2.785 0.592 0.147 0.040 7 0.5
G_cuneus 2574 1787 3671 1.765 0.642 0.156 0.036 34 4.0
G_front_inf-Opercular 1357 895 3666 2.971 0.502 0.125 0.029 16 1.5
G_front_inf-Orbital 428 274 1135 2.977 0.496 0.133 0.022 6 0.4
G_front_inf-Triangul 1334 909 3392 2.752 0.503 0.138 0.030 19 1.5
G_front_middle 3218 2445 8265 2.627 0.420 0.157 0.035 61 4.6
G_front_sup 6290 4368 15044 2.841 0.534 0.134 0.027 74 7.0
G_Ins_lg_and_S_cent_ins 676 436 1724 3.701 0.717 0.105 0.030 6 0.7
G_insular_short 692 465 2286 3.690 0.742 0.121 0.028 8 0.8
G_occipital_middle 1806 1256 4022 2.512 0.603 0.150 0.032 28 2.2
G_occipital_sup 1932 1321 3564 2.121 0.737 0.141 0.030 26 2.2
G_oc-temp_lat-fusifor 2187 1416 5936 3.081 0.662 0.126 0.028 29 2.6
G_oc-temp_med-Lingual 3358 2453 5271 1.840 0.731 0.159 0.044 49 6.1
G_oc-temp_med-Parahip 1377 871 3502 2.916 0.938 0.104 0.030 13 1.5
G_orbital 2493 1784 6836 2.886 0.724 0.141 0.030 42 3.1
G_pariet_inf-Angular 3364 2369 7810 2.575 0.518 0.144 0.030 53 4.2
G_pariet_inf-Supramar 2459 1663 5422 2.677 0.513 0.126 0.022 28 2.3
G_parietal_sup 2510 1749 4497 2.173 0.415 0.135 0.026 33 2.8
G_postcentral 2373 1580 3762 2.023 0.464 0.141 0.028 35 2.8
G_precentral 2098 1352 4572 2.629 0.443 0.110 0.023 21 2.0
G_precuneus 2514 1715 5437 2.505 0.544 0.133 0.028 35 2.8
G_rectus 780 587 2129 2.673 0.555 0.149 0.039 18 1.3
G_subcallosal 471 310 806 2.526 0.854 0.109 0.039 6 0.5
G_temp_sup-G_T_transv 469 248 932 2.778 0.386 0.117 0.027 6 0.4
G_temp_sup-Lateral 1654 1104 5681 3.547 0.655 0.132 0.027 24 1.8
G_temp_sup-Plan_polar 766 514 1957 3.552 0.665 0.093 0.016 4 0.5
G_temp_sup-Plan_tempo 798 523 1651 2.721 0.436 0.102 0.020 7 0.6
G_temporal_inf 1796 1254 5800 3.191 0.679 0.119 0.025 25 1.7
G_temporal_middle 2479 1765 7938 3.206 0.739 0.144 0.032 47 3.0
Lat_Fis-ant-Horizont 350 231 446 2.332 0.526 0.106 0.014 2 0.2
Lat_Fis-ant-Vertical 352 235 485 2.668 0.333 0.106 0.022 2 0.3
Lat_Fis-post 1423 930 1895 2.498 0.503 0.100 0.017 7 1.0
Pole_occipital 3507 2411 5128 1.948 0.560 0.149 0.035 50 5.2
Pole_temporal 1667 1232 6125 3.393 0.796 0.145 0.035 25 2.4
S_calcarine 2509 1714 2597 1.817 0.575 0.134 0.029 27 3.1
S_central 2748 1764 2926 1.903 0.577 0.091 0.015 13 1.8
S_cingul-Marginalis 1289 854 1776 2.227 0.433 0.101 0.016 8 0.9
S_circular_insula_ant 597 399 890 2.823 0.411 0.102 0.017 3 0.4
S_circular_insula_inf 1219 800 1845 2.901 0.572 0.085 0.012 5 0.6
S_circular_insula_sup 1529 987 2179 2.652 0.399 0.108 0.021 8 1.5
S_collat_transv_ant 705 493 1735 3.024 0.773 0.115 0.018 7 0.6
S_collat_transv_post 428 289 499 2.081 0.393 0.126 0.026 4 0.5
S_front_inf 2162 1460 3237 2.367 0.415 0.108 0.019 14 1.8
S_front_middle 2181 1483 2909 2.235 0.373 0.119 0.025 18 2.5
S_front_sup 2188 1555 3763 2.441 0.391 0.120 0.022 20 2.1
S_interm_prim-Jensen 260 186 445 2.378 0.393 0.097 0.020 1 0.2
S_intrapariet_and_P_trans 3617 2431 4641 2.039 0.353 0.114 0.020 30 3.1
S_oc_middle_and_Lunatus 808 556 930 2.108 0.413 0.144 0.027 9 1.0
S_oc_sup_and_transversal 1300 859 1393 1.916 0.410 0.126 0.022 11 1.3
S_occipital_ant 851 609 1411 2.280 0.446 0.142 0.029 11 1.1
S_oc-temp_lat 1229 786 1697 2.508 0.331 0.082 0.012 4 0.6
S_oc-temp_med_and_Lingual 2253 1521 2822 2.191 0.445 0.107 0.017 17 1.6
S_orbital_lateral 547 355 606 2.061 0.322 0.114 0.021 4 0.4
S_orbital_med-olfact 720 482 924 2.081 0.479 0.113 0.020 5 0.5
S_orbital-H_Shaped 1295 917 2455 2.770 0.483 0.134 0.034 18 1.8
S_parieto_occipital 2555 1747 3146 2.022 0.448 0.124 0.023 23 2.6
S_pericallosal 1457 932 1496 1.931 0.632 0.128 0.022 21 1.1
S_postcentral 2910 1894 3536 2.112 0.411 0.106 0.020 18 2.6
S_precentral-inf-part 1499 991 2116 2.518 0.393 0.093 0.014 7 0.8
S_precentral-sup-part 804 530 1083 2.407 0.323 0.106 0.016 5 0.6
S_suborbital 391 264 566 2.351 0.572 0.116 0.017 3 0.3
S_subparietal 1234 837 1874 2.445 0.503 0.103 0.017 8 0.8
S_temporal_inf 1039 740 1676 2.542 0.506 0.122 0.018 7 1.0
S_temporal_sup 5880 3913 9316 2.596 0.474 0.109 0.018 41 4.8
S_temporal_transverse 340 237 561 2.823 0.422 0.112 0.016 2 0.2
