StructName NumVert SurfArea GrayVol ThickAvg ThickStd MeanCurv GausCurv FoldInd CurvInd
caudalanteriorcingulate 2230 1419 3739 2.470 0.604 0.096 0.013 17 1.2
caudalmiddlefrontal 3109 2050 5341 2.492 0.451 0.103 0.019 21 2.4
cuneus 3620 2218 4300 1.873 0.492 0.117 0.024 36 3.7
entorhinal 820 529 2442 3.308 0.924 0.087 0.017 6 0.5
fusiform 4158 2833 8651 2.723 0.543 0.119 0.021 42 3.8
inferiorparietal 6277 4254 10783 2.376 0.419 0.114 0.021 62 5.3
inferiortemporal 5050 3550 11953 2.787 0.641 0.123 0.026 55 5.5
isthmuscingulate 1705 1168 2589 2.041 0.896 0.114 0.033 19 2.1
lateraloccipital 8180 5168 12629 2.110 0.617 0.122 0.025 83 8.8
lateralorbitofrontal 4253 2964 7614 2.519 0.684 0.139 0.053 70 12.1
lingual 4556 3010 6547 1.994 0.619 0.125 0.028 48 5.4
medialorbitofrontal 2288 1627 4238 2.394 0.634 0.133 0.041 33 3.8
middletemporal 6641 4643 14126 2.682 0.535 0.119 0.021 71 6.0
parahippocampal 1071 694 2393 2.864 0.749 0.092 0.019 11 0.9
paracentral 2866 1635 4614 2.603 0.546 0.077 0.013 17 1.5
parsopercularis 1882 1290 3793 2.633 0.496 0.115 0.023 17 1.6
parsorbitalis 1050 706 2159 2.623 0.582 0.109 0.020 8 1.0
parstriangularis 2475 1717 4749 2.475 0.518 0.124 0.026 23 2.7
pericalcarine 1846 1255 1772 1.590 0.446 0.125 0.026 16 2.2
postcentral 7315 4681 10144 2.007 0.584 0.099 0.019 52 5.7
posteriorcingulate 2233 1508 3937 2.438 0.727 0.129 0.023 27 2.2
precentral 7637 4769 13214 2.601 0.522 0.100 0.018 51 6.0
precuneus 5287 3534 9191 2.430 0.568 0.117 0.022 53 4.8
rostralanteriorcingulate 1861 1272 3584 2.633 0.557 0.112 0.022 20 1.7
rostralmiddlefrontal 4753 3457 8737 2.280 0.529 0.129 0.028 55 5.7
superiorfrontal 11290 7863 23102 2.580 0.554 0.119 0.024 111 11.7
superiorparietal 6685 4312 10147 2.193 0.481 0.105 0.018 55 5.0
superiortemporal 7590 5113 16122 2.756 0.653 0.108 0.022 65 6.5
supramarginal 5330 3684 9669 2.475 0.430 0.120 0.023 52 5.3
transversetemporal 625 392 941 2.243 0.416 0.127 0.026 7 0.6
insula 2736 1825 5942 3.190 0.886 0.104 0.022 21 2.5
