StructName NumVert SurfArea GrayVol ThickAvg ThickStd MeanCurv GausCurv FoldInd CurvInd
caudalanteriorcingulate 2306 1462 3794 2.421 0.554 0.101 0.014 18 1.4
caudalmiddlefrontal 3349 2143 5646 2.453 0.438 0.100 0.017 21 2.5
cuneus 3641 2317 4527 1.875 0.513 0.122 0.023 36 3.4
entorhinal 785 516 2210 3.273 0.834 0.095 0.022 4 0.7
fusiform 4436 2955 9215 2.717 0.565 0.118 0.024 42 4.2
inferiorparietal 6255 4225 10647 2.313 0.469 0.115 0.020 59 5.2
inferiortemporal 5466 3696 13105 2.896 0.668 0.117 0.024 56 5.1
isthmuscingulate 1690 1122 2689 2.104 0.904 0.105 0.027 20 1.7
lateraloccipital 8186 5363 13627 2.167 0.615 0.128 0.027 84 9.0
lateralorbitofrontal 4170 2876 8174 2.621 0.633 0.127 0.030 54 5.2
lingual 4545 3132 6782 1.994 0.618 0.134 0.031 51 5.8
medialorbitofrontal 2215 1599 4345 2.415 0.643 0.121 0.028 31 2.7
middletemporal 6793 4630 14747 2.740 0.614 0.118 0.019 67 6.1
parahippocampal 1076 713 2537 2.990 0.789 0.098 0.019 9 0.8
paracentral 2831 1663 4645 2.530 0.621 0.080 0.014 13 1.6
parsopercularis 2013 1345 3888 2.628 0.416 0.112 0.022 17 1.7
parsorbitalis 1046 701 2030 2.440 0.560 0.107 0.019 7 0.9
parstriangularis 2633 1780 4997 2.504 0.542 0.119 0.023 23 2.5
pericalcarine 1913 1238 1696 1.554 0.435 0.121 0.025 16 2.0
postcentral 7724 4866 10206 1.967 0.553 0.097 0.018 53 5.6
posteriorcingulate 2186 1504 3790 2.340 0.662 0.127 0.024 24 2.3
precentral 7992 4820 13659 2.640 0.530 0.095 0.017 48 5.7
precuneus 5318 3560 9012 2.356 0.588 0.120 0.023 53 5.1
rostralanteriorcingulate 1876 1288 3490 2.574 0.545 0.116 0.021 22 1.6
rostralmiddlefrontal 5241 3672 8807 2.175 0.524 0.128 0.024 59 5.3
superiorfrontal 12062 8254 23471 2.509 0.549 0.120 0.023 118 11.9
superiorparietal 6941 4546 10410 2.152 0.477 0.110 0.018 59 5.4
superiortemporal 7927 5229 16642 2.795 0.664 0.106 0.020 63 6.4
supramarginal 5596 3738 9652 2.404 0.449 0.118 0.021 56 4.9
transversetemporal 602 385 906 2.210 0.400 0.123 0.021 6 0.5
insula 2823 1838 5964 3.146 0.914 0.099 0.023 19 2.4
