StructName NumVert SurfArea GrayVol ThickAvg ThickStd MeanCurv GausCurv FoldInd CurvInd
caudalanteriorcingulate 2242 1426 3824 2.467 0.592 0.101 0.014 18 1.3
caudalmiddlefrontal 3305 2110 5721 2.540 0.398 0.099 0.017 21 2.4
cuneus 3546 2309 4253 1.778 0.461 0.124 0.023 35 3.4
entorhinal 709 480 2015 3.204 0.753 0.103 0.027 5 0.8
fusiform 4243 2894 8428 2.582 0.529 0.119 0.023 38 4.0
inferiorparietal 6195 4231 10286 2.243 0.482 0.116 0.021 59 5.3
inferiortemporal 5206 3633 12526 2.852 0.663 0.119 0.024 54 5.3
isthmuscingulate 1668 1100 2622 2.085 0.923 0.107 0.029 20 1.7
lateraloccipital 7760 5156 12557 2.111 0.544 0.130 0.027 82 8.5
lateralorbitofrontal 4305 3011 8483 2.664 0.598 0.132 0.032 49 5.7
lingual 4620 3121 6874 2.041 0.621 0.129 0.027 50 5.2
medialorbitofrontal 2333 1665 4503 2.453 0.607 0.118 0.026 27 2.4
middletemporal 6736 4593 14303 2.665 0.600 0.117 0.020 67 6.1
parahippocampal 1067 703 2536 3.001 0.817 0.095 0.018 8 0.8
paracentral 2935 1688 4821 2.592 0.620 0.079 0.015 13 1.7
parsopercularis 2178 1445 4069 2.653 0.476 0.110 0.020 18 1.7
parsorbitalis 1072 713 2171 2.628 0.559 0.108 0.019 8 0.9
parstriangularis 2518 1685 4782 2.509 0.582 0.116 0.022 21 2.4
pericalcarine 1860 1237 1771 1.592 0.422 0.121 0.025 15 2.0
postcentral 7655 4859 10252 1.972 0.551 0.098 0.018 53 5.6
posteriorcingulate 2191 1490 3792 2.346 0.659 0.128 0.025 26 2.3
precentral 8001 4777 13794 2.687 0.545 0.093 0.018 47 5.8
precuneus 5329 3621 9017 2.331 0.627 0.121 0.022 54 5.0
rostralanteriorcingulate 1919 1297 3656 2.645 0.519 0.110 0.019 19 1.5
rostralmiddlefrontal 5072 3637 8800 2.245 0.483 0.131 0.024 59 5.3
superiorfrontal 11888 8154 24061 2.612 0.549 0.119 0.024 114 12.3
superiorparietal 6657 4399 9734 2.078 0.467 0.110 0.018 58 5.1
superiortemporal 7787 5191 16373 2.749 0.613 0.107 0.020 64 6.5
supramarginal 5475 3735 9412 2.355 0.454 0.117 0.020 53 4.6
transversetemporal 643 412 938 2.154 0.401 0.123 0.019 7 0.5
insula 2779 1845 5984 3.164 0.922 0.106 0.024 21 2.8
