StructName NumVert SurfArea GrayVol ThickAvg ThickStd MeanCurv GausCurv FoldInd CurvInd
caudalanteriorcingulate 2252 1439 3691 2.385 0.619 0.104 0.020 18 1.9
caudalmiddlefrontal 3674 2365 6777 2.542 0.522 0.100 0.022 24 3.2
cuneus 3380 2223 4774 1.971 0.468 0.121 0.026 37 3.4
entorhinal 718 490 2179 3.027 0.918 0.117 0.036 6 0.9
fusiform 4215 2861 9221 2.678 0.668 0.120 0.026 42 4.6
inferiorparietal 6426 4292 11108 2.215 0.574 0.112 0.021 64 5.5
inferiortemporal 5502 3756 13897 2.879 0.790 0.118 0.027 54 5.8
isthmuscingulate 1748 1145 2619 2.011 0.877 0.111 0.030 21 1.7
lateraloccipital 8295 5201 14737 2.280 0.679 0.123 0.029 96 9.2
lateralorbitofrontal 4633 3221 9404 2.616 0.691 0.132 0.039 130 7.2
lingual 4541 3172 7771 2.193 0.636 0.127 0.030 50 5.6
medialorbitofrontal 2461 1714 5091 2.543 0.702 0.125 0.037 53 3.4
middletemporal 7080 4836 15880 2.698 0.705 0.118 0.024 75 7.1
parahippocampal 1165 776 2725 2.889 0.795 0.106 0.030 11 1.2
paracentral 3192 1988 5176 2.438 0.578 0.113 0.035 27 4.6
parsopercularis 1716 1182 3631 2.783 0.449 0.112 0.027 13 1.8
parsorbitalis 1032 704 2321 2.642 0.621 0.105 0.024 8 1.0
parstriangularis 2825 1901 5686 2.517 0.601 0.119 0.028 26 3.1
pericalcarine 1764 1228 2110 1.854 0.458 0.119 0.025 14 1.8
postcentral 8161 5232 12101 2.089 0.569 0.104 0.026 67 7.9
posteriorcingulate 2228 1545 3974 2.326 0.708 0.129 0.030 27 2.8
precentral 8024 5168 14751 2.605 0.556 0.107 0.028 59 8.6
precuneus 5428 3666 9536 2.338 0.547 0.118 0.023 56 5.2
rostralanteriorcingulate 2096 1402 3896 2.516 0.532 0.115 0.025 22 2.0
rostralmiddlefrontal 4848 3503 9370 2.288 0.621 0.129 0.028 59 5.3
superiorfrontal 12645 8576 26329 2.635 0.603 0.119 0.029 120 14.6
superiorparietal 6775 4470 11374 2.220 0.520 0.110 0.022 63 6.0
superiortemporal 8022 5309 16964 2.702 0.651 0.113 0.028 90 9.8
supramarginal 5763 3927 10566 2.376 0.517 0.115 0.023 58 5.3
transversetemporal 686 463 1128 2.273 0.362 0.129 0.032 7 0.8
insula 2820 1889 6245 3.205 0.892 0.108 0.028 22 3.0
