StructName NumVert SurfArea GrayVol ThickAvg ThickStd MeanCurv GausCurv FoldInd CurvInd
caudalanteriorcingulate 2297 1439 3766 2.440 0.601 0.095 0.015 17 1.4
caudalmiddlefrontal 3443 2224 5719 2.415 0.422 0.100 0.017 22 2.5
cuneus 3611 2307 4174 1.803 0.448 0.126 0.027 37 4.1
entorhinal 740 487 2001 3.247 0.599 0.092 0.019 4 0.5
fusiform 4287 2921 8336 2.582 0.505 0.120 0.022 41 4.0
inferiorparietal 6457 4406 10921 2.302 0.453 0.117 0.023 65 5.9
inferiortemporal 5196 3595 11905 2.693 0.683 0.120 0.024 55 5.3
isthmuscingulate 1714 1145 2595 2.048 0.895 0.114 0.032 22 2.0
lateraloccipital 8004 5211 11999 2.071 0.522 0.129 0.029 84 9.5
lateralorbitofrontal 4363 2980 8280 2.581 0.574 0.126 0.029 50 5.2
lingual 4574 3022 6362 1.945 0.585 0.127 0.030 48 5.9
medialorbitofrontal 2173 1612 4279 2.347 0.609 0.127 0.030 36 2.6
middletemporal 6976 4773 14388 2.628 0.547 0.118 0.021 71 6.7
parahippocampal 1100 710 2385 2.772 0.675 0.095 0.022 9 0.9
paracentral 2865 1647 4611 2.590 0.560 0.080 0.015 13 1.7
parsopercularis 1951 1324 3824 2.658 0.391 0.118 0.022 19 1.7
parsorbitalis 1098 712 2167 2.609 0.523 0.102 0.018 8 0.9
parstriangularis 2659 1785 5004 2.500 0.510 0.121 0.023 24 2.6
pericalcarine 1878 1261 1748 1.581 0.412 0.127 0.030 17 2.3
postcentral 7511 4800 10045 1.955 0.549 0.101 0.019 55 6.0
posteriorcingulate 2196 1519 3914 2.415 0.717 0.127 0.025 25 2.3
precentral 7870 4803 13608 2.633 0.528 0.097 0.017 49 5.8
precuneus 5274 3581 9050 2.357 0.570 0.122 0.024 56 5.2
rostralanteriorcingulate 1891 1292 3543 2.655 0.539 0.115 0.021 20 1.6
rostralmiddlefrontal 5079 3583 8584 2.225 0.447 0.128 0.024 59 5.3
superiorfrontal 12011 8183 22981 2.526 0.510 0.119 0.023 114 12.2
superiorparietal 6720 4458 9999 2.115 0.455 0.111 0.020 60 5.6
superiortemporal 7692 5099 15979 2.743 0.606 0.104 0.019 59 6.0
supramarginal 5502 3751 9419 2.364 0.451 0.120 0.023 58 5.1
transversetemporal 643 412 923 2.109 0.395 0.121 0.021 6 0.6
insula 2807 1866 5942 3.102 0.927 0.106 0.024 22 2.7
