StructName NumVert SurfArea GrayVol ThickAvg ThickStd MeanCurv GausCurv FoldInd CurvInd
caudalanteriorcingulate 2295 1452 3881 2.492 0.585 0.103 0.016 19 1.5
caudalmiddlefrontal 3335 2117 5706 2.521 0.400 0.098 0.017 20 2.4
cuneus 3537 2292 4297 1.797 0.455 0.123 0.023 36 3.4
entorhinal 794 521 2235 3.164 0.768 0.102 0.027 5 0.7
fusiform 4317 2906 8697 2.628 0.568 0.119 0.024 43 4.3
inferiorparietal 6352 4276 10329 2.206 0.490 0.115 0.021 62 5.3
inferiortemporal 5456 3665 12911 2.882 0.694 0.117 0.024 55 5.3
isthmuscingulate 1714 1142 2808 2.137 0.905 0.108 0.026 21 1.7
lateraloccipital 8115 5263 12796 2.116 0.550 0.128 0.026 85 8.8
lateralorbitofrontal 4326 3015 8583 2.692 0.651 0.130 0.031 47 5.8
lingual 4618 3093 6795 2.012 0.629 0.129 0.029 51 5.5
medialorbitofrontal 2261 1612 4466 2.455 0.612 0.124 0.029 29 2.8
middletemporal 6926 4675 14571 2.673 0.606 0.117 0.020 67 6.2
parahippocampal 1091 727 2530 2.883 0.754 0.102 0.026 10 1.2
paracentral 2880 1666 4609 2.526 0.586 0.078 0.014 13 1.6
parsopercularis 2159 1398 4088 2.675 0.476 0.108 0.022 18 1.8
parsorbitalis 1089 711 2113 2.520 0.563 0.106 0.018 8 0.9
parstriangularis 2616 1716 4941 2.544 0.552 0.117 0.022 23 2.3
pericalcarine 1931 1285 1832 1.595 0.418 0.121 0.025 17 2.0
postcentral 7748 4884 10150 1.950 0.553 0.099 0.018 53 5.8
posteriorcingulate 2164 1488 3759 2.326 0.639 0.126 0.023 24 2.2
precentral 8074 4810 13856 2.683 0.534 0.095 0.017 50 5.8
precuneus 5311 3586 9076 2.361 0.594 0.120 0.022 54 5.1
rostralanteriorcingulate 1912 1307 3691 2.618 0.541 0.119 0.024 21 1.8
rostralmiddlefrontal 5246 3648 9069 2.284 0.515 0.128 0.024 58 5.4
superiorfrontal 12163 8174 23963 2.600 0.557 0.117 0.023 112 11.8
superiorparietal 6788 4428 9956 2.110 0.456 0.108 0.018 58 5.3
superiortemporal 8063 5267 16588 2.777 0.669 0.104 0.020 63 6.5
supramarginal 5611 3803 9590 2.363 0.432 0.118 0.022 54 5.1
transversetemporal 667 433 920 2.067 0.381 0.127 0.021 7 0.6
insula 2887 1885 5926 3.063 0.836 0.106 0.025 22 2.8
