StructName NumVert SurfArea GrayVol ThickAvg ThickStd MeanCurv GausCurv FoldInd CurvInd
caudalanteriorcingulate 2153 1414 3728 2.443 0.502 0.125 0.022 25 1.9
caudalmiddlefrontal 3844 2453 6617 2.448 0.513 0.110 0.023 32 3.6
cuneus 3460 2344 3666 1.593 0.418 0.144 0.035 45 5.3
entorhinal 656 443 1784 2.805 0.955 0.111 0.031 5 0.8
fusiform 5203 3402 9209 2.443 0.525 0.120 0.028 52 5.8
inferiorparietal 8546 5745 13085 2.093 0.466 0.118 0.024 94 8.1
inferiortemporal 5722 4018 12559 2.703 0.683 0.131 0.030 70 7.0
isthmuscingulate 1515 1007 2358 2.080 0.712 0.125 0.028 17 1.8
lateraloccipital 8783 5730 11710 1.871 0.524 0.130 0.029 97 10.6
lateralorbitofrontal 4494 3240 8346 2.424 0.630 0.146 0.042 73 7.8
lingual 4758 3287 5988 1.747 0.540 0.142 0.034 64 6.3
medialorbitofrontal 2516 1803 4567 2.283 0.705 0.132 0.032 36 3.1
middletemporal 7210 4965 13886 2.491 0.516 0.116 0.023 76 6.8
parahippocampal 1079 663 1973 2.500 0.630 0.090 0.018 7 0.7
paracentral 3207 1979 4487 2.192 0.548 0.105 0.022 23 2.9
parsopercularis 2477 1697 4750 2.505 0.440 0.120 0.024 26 2.4
parsorbitalis 1139 782 2241 2.465 0.470 0.121 0.028 13 1.1
parstriangularis 2238 1463 3543 2.300 0.494 0.115 0.023 18 2.2
pericalcarine 1871 1244 1386 1.277 0.321 0.125 0.032 15 2.5
postcentral 7998 4971 10215 1.917 0.564 0.110 0.022 71 7.4
posteriorcingulate 2042 1403 3437 2.184 0.715 0.123 0.025 22 2.1
precentral 8162 4754 12671 2.395 0.557 0.097 0.021 57 6.8
precuneus 5913 4129 9594 2.183 0.482 0.128 0.028 67 7.1
rostralanteriorcingulate 1845 1293 3472 2.591 0.563 0.126 0.028 22 2.0
rostralmiddlefrontal 6939 4929 11881 2.213 0.476 0.137 0.030 89 8.7
superiorfrontal 12790 8756 24842 2.496 0.587 0.122 0.026 144 13.7
superiorparietal 6290 4026 8921 2.007 0.476 0.111 0.023 58 5.7
superiortemporal 8750 5721 17050 2.594 0.647 0.102 0.020 70 7.2
supramarginal 6216 4196 10494 2.266 0.505 0.120 0.024 63 6.3
transversetemporal 548 342 875 2.372 0.350 0.095 0.016 3 0.3
insula 2669 1781 5415 2.781 0.766 0.110 0.027 20 2.7
