StructName NumVert SurfArea GrayVol ThickAvg ThickStd MeanCurv GausCurv FoldInd CurvInd
caudalanteriorcingulate 2203 1436 3549 2.312 0.541 0.123 0.019 25 1.8
caudalmiddlefrontal 3859 2481 6837 2.415 0.545 0.108 0.021 31 3.3
cuneus 3414 2378 3724 1.576 0.418 0.143 0.032 43 4.8
entorhinal 595 440 1890 2.740 0.980 0.135 0.041 8 1.0
fusiform 4883 3262 9427 2.555 0.531 0.123 0.026 51 5.1
inferiorparietal 8629 5981 13336 2.000 0.545 0.121 0.023 96 8.2
inferiortemporal 5737 4180 13426 2.681 0.693 0.138 0.030 80 6.8
isthmuscingulate 1627 1066 2573 2.081 0.739 0.121 0.025 19 1.7
lateraloccipital 8220 5529 11633 1.922 0.516 0.133 0.027 95 9.5
lateralorbitofrontal 4369 3059 7695 2.310 0.638 0.135 0.032 53 5.9
lingual 4971 3534 6506 1.757 0.595 0.149 0.034 67 7.0
medialorbitofrontal 2731 1916 4559 2.166 0.685 0.126 0.027 35 3.2
middletemporal 7381 5000 14453 2.523 0.604 0.114 0.021 71 6.4
parahippocampal 1080 666 2054 2.527 0.788 0.082 0.016 5 0.6
paracentral 3099 1910 4377 2.125 0.545 0.099 0.019 20 2.4
parsopercularis 2540 1747 4936 2.456 0.546 0.117 0.023 26 2.3
parsorbitalis 1149 807 2498 2.544 0.646 0.128 0.027 13 1.2
parstriangularis 2115 1433 3439 2.257 0.539 0.118 0.023 17 2.1
pericalcarine 1811 1200 1295 1.248 0.238 0.121 0.028 16 2.0
postcentral 7862 5059 10195 1.868 0.588 0.115 0.022 69 7.3
posteriorcingulate 2074 1466 3381 2.144 0.641 0.129 0.026 23 2.3
precentral 8038 4805 13131 2.371 0.662 0.099 0.020 53 6.7
precuneus 5790 4153 9289 2.120 0.485 0.131 0.026 64 6.7
rostralanteriorcingulate 1866 1311 3423 2.552 0.526 0.125 0.024 22 1.9
rostralmiddlefrontal 6683 4857 11430 2.129 0.509 0.139 0.031 85 8.4
superiorfrontal 12573 8707 23215 2.316 0.594 0.123 0.025 136 13.1
superiorparietal 6121 4054 8815 1.945 0.520 0.112 0.021 57 5.2
superiortemporal 8670 5723 17098 2.589 0.677 0.101 0.020 70 7.2
supramarginal 5683 3882 10194 2.279 0.593 0.119 0.024 58 5.6
transversetemporal 578 350 851 2.318 0.414 0.094 0.017 4 0.4
insula 2605 1749 5456 2.871 0.791 0.110 0.026 20 2.6
