StructName NumVert SurfArea GrayVol ThickAvg ThickStd MeanCurv GausCurv FoldInd CurvInd
caudalanteriorcingulate 2157 1397 3791 2.364 0.599 0.126 0.024 28 2.0
caudalmiddlefrontal 3967 2631 8068 2.604 0.656 0.116 0.029 37 4.5
cuneus 3360 2323 3868 1.676 0.435 0.143 0.034 43 4.9
entorhinal 678 483 2116 2.854 0.957 0.144 0.052 9 1.3
fusiform 4772 3246 10279 2.634 0.623 0.123 0.026 48 5.1
inferiorparietal 8690 6028 16228 2.152 0.731 0.121 0.025 99 8.3
inferiortemporal 5767 4096 13832 2.673 0.827 0.133 0.034 71 7.6
isthmuscingulate 1605 1071 2510 2.086 0.728 0.123 0.030 18 1.8
lateraloccipital 7868 5190 11852 1.963 0.614 0.129 0.030 99 9.3
lateralorbitofrontal 4608 3290 8500 2.329 0.724 0.138 0.035 60 7.0
lingual 4864 3405 7240 1.900 0.683 0.139 0.032 62 6.2
medialorbitofrontal 3049 2064 5255 2.239 0.690 0.123 0.030 39 3.8
middletemporal 7236 4986 15483 2.564 0.710 0.117 0.027 76 8.3
parahippocampal 1148 725 2304 2.645 0.728 0.099 0.027 8 1.2
paracentral 3431 2117 4634 2.137 0.515 0.111 0.032 29 4.1
parsopercularis 2360 1714 5195 2.588 0.539 0.127 0.028 28 2.4
parsorbitalis 1102 811 2690 2.561 0.681 0.129 0.028 14 1.1
parstriangularis 2204 1463 3716 2.246 0.647 0.115 0.024 19 2.1
pericalcarine 1800 1217 1605 1.494 0.384 0.104 0.024 11 1.7
postcentral 7886 5140 11892 2.056 0.660 0.115 0.027 71 8.4
posteriorcingulate 2047 1416 3448 2.181 0.727 0.122 0.024 22 2.0
precentral 7995 5056 14197 2.430 0.664 0.112 0.029 64 9.4
precuneus 6259 4346 9958 2.153 0.496 0.126 0.028 67 7.1
rostralanteriorcingulate 2005 1375 3650 2.538 0.743 0.123 0.026 25 2.1
rostralmiddlefrontal 7052 4984 13430 2.261 0.660 0.137 0.034 93 9.6
superiorfrontal 13137 9047 26577 2.500 0.645 0.123 0.030 143 15.3
superiorparietal 5987 3975 9899 2.115 0.614 0.112 0.022 57 5.4
superiortemporal 8482 5702 18256 2.682 0.751 0.110 0.028 71 9.7
supramarginal 6676 4522 13328 2.395 0.724 0.114 0.025 62 6.8
transversetemporal 531 341 861 2.398 0.395 0.100 0.023 4 0.5
insula 2465 1691 5637 2.978 0.849 0.110 0.028 19 2.8
