StructName NumVert SurfArea GrayVol ThickAvg ThickStd MeanCurv GausCurv FoldInd CurvInd
caudalanteriorcingulate 2151 1373 3508 2.408 0.525 0.120 0.017 24 1.6
caudalmiddlefrontal 3837 2570 6357 2.295 0.469 0.111 0.021 32 3.3
cuneus 3265 2214 3329 1.534 0.375 0.139 0.033 39 4.8
entorhinal 719 465 2303 3.320 1.047 0.097 0.021 5 0.5
fusiform 4759 3176 9097 2.586 0.507 0.118 0.022 47 4.2
inferiorparietal 8009 5566 12097 1.994 0.451 0.121 0.023 92 7.7
inferiortemporal 5610 3881 12274 2.698 0.687 0.126 0.025 66 5.6
isthmuscingulate 1581 1081 2411 2.113 0.671 0.127 0.027 19 1.9
lateraloccipital 8111 5294 10715 1.875 0.488 0.129 0.028 94 9.3
lateralorbitofrontal 4377 3085 7739 2.404 0.638 0.134 0.028 51 5.6
lingual 4963 3422 5775 1.647 0.507 0.142 0.032 62 6.5
medialorbitofrontal 2810 1867 4387 2.112 0.708 0.115 0.023 36 2.4
middletemporal 7028 4903 13751 2.505 0.562 0.114 0.021 71 6.3
parahippocampal 1070 633 2044 2.739 0.695 0.077 0.012 8 0.5
paracentral 2992 1836 3951 2.071 0.532 0.099 0.019 20 2.2
parsopercularis 2362 1664 4626 2.485 0.467 0.118 0.022 25 2.3
parsorbitalis 1179 803 2301 2.491 0.519 0.117 0.023 14 1.0
parstriangularis 2065 1382 3148 2.176 0.471 0.114 0.021 17 1.9
pericalcarine 1750 1193 1200 1.150 0.277 0.122 0.029 16 1.9
postcentral 7329 4757 9579 1.864 0.547 0.112 0.022 67 6.7
posteriorcingulate 2028 1382 3340 2.227 0.717 0.121 0.023 23 1.9
precentral 7625 4616 11814 2.299 0.563 0.100 0.019 54 6.0
precuneus 5950 4187 9048 2.084 0.484 0.129 0.026 65 6.6
rostralanteriorcingulate 1861 1275 3194 2.431 0.553 0.123 0.025 23 1.8
rostralmiddlefrontal 5860 4396 10011 2.029 0.490 0.142 0.032 87 7.7
superiorfrontal 12086 8425 22423 2.333 0.570 0.122 0.025 135 12.9
superiorparietal 5939 3932 8254 1.923 0.434 0.113 0.021 60 5.1
superiortemporal 8312 5543 16493 2.619 0.641 0.101 0.017 70 6.5
supramarginal 5940 4109 9929 2.191 0.506 0.118 0.023 60 5.7
transversetemporal 561 325 822 2.375 0.395 0.085 0.020 3 0.4
insula 2552 1692 5471 2.910 0.809 0.105 0.023 18 2.3
