StructName NumVert SurfArea GrayVol ThickAvg ThickStd MeanCurv GausCurv FoldInd CurvInd
caudalanteriorcingulate 2232 1473 3879 2.462 0.469 0.129 0.021 27 2.0
caudalmiddlefrontal 3876 2522 7381 2.577 0.559 0.111 0.024 34 3.7
cuneus 3247 2308 3675 1.600 0.396 0.149 0.033 44 4.8
entorhinal 590 400 2211 3.121 1.003 0.112 0.029 5 0.6
fusiform 4744 3188 9275 2.562 0.590 0.124 0.027 51 4.9
inferiorparietal 8294 5861 13057 2.014 0.485 0.123 0.023 95 7.6
inferiortemporal 5814 4254 13783 2.703 0.688 0.141 0.034 78 7.9
isthmuscingulate 1592 1072 2430 2.000 0.693 0.126 0.027 19 1.7
lateraloccipital 8199 5622 11957 1.933 0.512 0.136 0.028 99 9.6
lateralorbitofrontal 4504 3278 8337 2.468 0.631 0.142 0.036 57 7.1
lingual 4768 3438 6653 1.814 0.595 0.152 0.033 65 6.5
medialorbitofrontal 2751 1973 4980 2.286 0.675 0.131 0.031 41 3.6
middletemporal 7347 5025 14724 2.567 0.592 0.115 0.022 75 6.7
parahippocampal 1053 654 2045 2.559 0.831 0.093 0.021 7 0.9
paracentral 3181 1970 4604 2.182 0.550 0.103 0.021 23 2.6
parsopercularis 2672 1800 5320 2.616 0.507 0.115 0.022 26 2.3
parsorbitalis 1206 858 2737 2.664 0.556 0.132 0.030 15 1.4
parstriangularis 2150 1412 3586 2.398 0.509 0.113 0.022 17 2.0
pericalcarine 1775 1188 1322 1.279 0.273 0.116 0.027 14 1.8
postcentral 7919 5059 10580 1.939 0.642 0.115 0.022 71 7.5
posteriorcingulate 2102 1448 3592 2.267 0.731 0.123 0.022 23 2.0
precentral 8313 4940 13762 2.439 0.666 0.103 0.022 63 7.7
precuneus 5887 4112 9575 2.186 0.486 0.126 0.025 63 6.0
rostralanteriorcingulate 1934 1363 3679 2.674 0.576 0.124 0.025 22 1.9
rostralmiddlefrontal 6526 4724 12061 2.335 0.511 0.137 0.031 84 8.5
superiorfrontal 12856 8867 25628 2.541 0.578 0.122 0.025 142 13.3
superiorparietal 6175 4037 8804 1.980 0.461 0.110 0.020 57 5.0
superiortemporal 8334 5525 16629 2.617 0.662 0.104 0.021 67 7.5
supramarginal 6010 4091 10499 2.305 0.556 0.119 0.024 59 6.0
transversetemporal 562 336 866 2.441 0.434 0.092 0.020 3 0.4
insula 2589 1763 5574 2.936 0.759 0.108 0.025 19 2.4
