StructName NumVert SurfArea GrayVol ThickAvg ThickStd MeanCurv GausCurv FoldInd CurvInd
caudalanteriorcingulate 2243 1449 3833 2.468 0.472 0.121 0.020 24 1.9
caudalmiddlefrontal 4013 2578 7554 2.594 0.541 0.110 0.023 35 3.7
cuneus 3390 2365 3840 1.634 0.417 0.148 0.033 45 5.0
entorhinal 742 496 2260 3.064 0.933 0.109 0.035 6 0.8
fusiform 4715 3164 9298 2.574 0.525 0.123 0.026 50 5.1
inferiorparietal 8380 5882 12781 1.988 0.481 0.122 0.023 94 7.9
inferiortemporal 5903 4243 13409 2.702 0.691 0.136 0.030 76 7.6
isthmuscingulate 1581 1073 2541 2.131 0.675 0.127 0.025 19 1.7
lateraloccipital 8250 5572 12079 1.947 0.529 0.134 0.027 97 9.5
lateralorbitofrontal 4773 3391 8368 2.396 0.638 0.140 0.037 60 7.3
lingual 4951 3494 6647 1.782 0.583 0.150 0.035 66 7.0
medialorbitofrontal 2755 1976 4999 2.291 0.674 0.129 0.029 41 3.1
middletemporal 7408 5020 14965 2.574 0.615 0.115 0.021 74 6.5
parahippocampal 1029 649 1932 2.499 0.691 0.095 0.022 8 1.0
paracentral 3258 1961 4612 2.221 0.570 0.101 0.020 25 2.6
parsopercularis 2597 1786 5280 2.611 0.536 0.118 0.023 26 2.4
parsorbitalis 1196 862 2735 2.676 0.510 0.131 0.028 15 1.3
parstriangularis 2107 1369 3533 2.431 0.556 0.111 0.020 16 1.8
pericalcarine 1839 1242 1436 1.333 0.303 0.120 0.027 14 2.0
postcentral 8087 5132 10811 1.950 0.636 0.113 0.022 72 7.6
posteriorcingulate 2084 1436 3544 2.247 0.656 0.127 0.026 24 2.2
precentral 8247 4884 13638 2.446 0.659 0.102 0.021 59 7.1
precuneus 5946 4167 9544 2.179 0.464 0.128 0.025 65 6.2
rostralanteriorcingulate 1911 1317 3559 2.650 0.547 0.123 0.024 22 1.9
rostralmiddlefrontal 6813 4806 12108 2.336 0.480 0.136 0.029 85 8.3
superiorfrontal 12941 8928 25737 2.542 0.590 0.122 0.025 139 13.7
superiorparietal 6220 4074 8991 1.997 0.459 0.113 0.021 59 5.3
superiortemporal 8608 5660 17438 2.659 0.688 0.102 0.020 67 7.2
supramarginal 6030 4112 10460 2.292 0.541 0.121 0.024 60 6.3
transversetemporal 601 368 905 2.329 0.466 0.088 0.019 3 0.5
insula 2686 1801 5703 2.949 0.752 0.111 0.027 22 2.7
