StructName NumVert SurfArea GrayVol ThickAvg ThickStd MeanCurv GausCurv FoldInd CurvInd
caudalanteriorcingulate 2155 1391 3818 2.526 0.548 0.099 0.016 19 1.4
caudalmiddlefrontal 4083 2728 7305 2.506 0.472 0.103 0.018 30 3.2
cuneus 3283 2230 4419 1.944 0.489 0.139 0.030 40 4.3
entorhinal 768 503 2217 3.221 0.773 0.093 0.020 4 0.6
fusiform 4696 3287 9776 2.788 0.471 0.122 0.024 50 4.7
inferiorparietal 7190 5029 13445 2.477 0.417 0.121 0.023 80 6.6
inferiortemporal 5677 4237 14083 2.850 0.637 0.133 0.029 83 6.8
isthmuscingulate 1406 915 2553 2.498 0.698 0.107 0.019 12 1.1
lateraloccipital 7536 5212 12431 2.190 0.479 0.145 0.031 104 9.4
lateralorbitofrontal 4565 3259 9347 2.593 0.636 0.130 0.031 55 5.7
lingual 4986 3487 7253 1.971 0.595 0.134 0.028 61 6.0
medialorbitofrontal 2910 2153 5713 2.409 0.597 0.135 0.034 46 4.0
middletemporal 7003 5109 15107 2.589 0.496 0.126 0.025 89 7.3
parahippocampal 1316 820 2786 2.824 0.729 0.084 0.018 9 0.9
paracentral 3071 1904 5370 2.595 0.502 0.102 0.018 21 2.4
parsopercularis 2244 1629 4700 2.612 0.441 0.116 0.021 23 1.8
parsorbitalis 1232 810 2311 2.515 0.429 0.110 0.019 12 1.0
parstriangularis 2914 2047 5459 2.355 0.526 0.114 0.021 28 2.4
pericalcarine 1945 1316 1793 1.610 0.432 0.131 0.028 20 2.4
postcentral 8560 5709 13474 2.181 0.551 0.114 0.022 78 7.6
posteriorcingulate 2140 1503 4109 2.597 0.535 0.118 0.022 28 2.0
precentral 8382 5331 15464 2.653 0.485 0.104 0.019 61 6.5
precuneus 6188 4260 11709 2.540 0.477 0.117 0.021 64 5.8
rostralanteriorcingulate 1880 1286 3829 2.650 0.641 0.114 0.025 126 2.0
rostralmiddlefrontal 5983 4493 11412 2.293 0.497 0.138 0.030 88 7.8
superiorfrontal 13377 9598 28130 2.557 0.531 0.122 0.024 140 13.1
superiorparietal 7022 4734 11618 2.277 0.433 0.109 0.018 69 5.1
superiortemporal 8991 6163 18919 2.760 0.605 0.107 0.021 76 7.7
supramarginal 6319 4309 11981 2.562 0.458 0.117 0.022 61 5.7
transversetemporal 917 605 1889 2.637 0.316 0.110 0.019 9 0.7
insula 3105 2092 7000 3.210 0.706 0.105 0.023 26 2.7
