StructName NumVert SurfArea GrayVol ThickAvg ThickStd MeanCurv GausCurv FoldInd CurvInd
caudalanteriorcingulate 2046 1361 3739 2.603 0.549 0.101 0.015 17 1.3
caudalmiddlefrontal 4105 2707 7623 2.622 0.479 0.103 0.018 32 3.1
cuneus 3053 2182 4542 1.982 0.509 0.142 0.030 39 3.9
entorhinal 746 502 2145 3.052 0.813 0.115 0.034 7 0.9
fusiform 4634 3233 9816 2.768 0.559 0.121 0.024 50 4.6
inferiorparietal 7174 5074 13504 2.462 0.494 0.123 0.024 77 7.1
inferiortemporal 5638 4211 14587 2.954 0.655 0.134 0.028 75 6.5
isthmuscingulate 1426 919 2627 2.539 0.709 0.109 0.021 13 1.2
lateraloccipital 7116 5184 12221 2.135 0.514 0.153 0.034 106 10.1
lateralorbitofrontal 4479 3272 9488 2.638 0.651 0.134 0.033 56 5.9
lingual 4833 3515 7406 1.995 0.608 0.140 0.028 63 5.8
medialorbitofrontal 2702 2022 5588 2.521 0.638 0.128 0.029 43 3.2
middletemporal 7041 5045 15941 2.694 0.591 0.122 0.023 78 6.7
parahippocampal 1288 812 2900 2.891 0.757 0.091 0.022 17 1.0
paracentral 3020 1893 5400 2.619 0.555 0.098 0.018 18 2.3
parsopercularis 2314 1603 4688 2.658 0.483 0.110 0.020 21 1.7
parsorbitalis 1220 775 2234 2.511 0.453 0.104 0.017 11 0.9
parstriangularis 3022 2065 5650 2.361 0.539 0.112 0.020 29 2.3
pericalcarine 1790 1263 1746 1.593 0.374 0.134 0.029 19 2.4
postcentral 8847 5939 14219 2.190 0.611 0.115 0.023 81 8.2
posteriorcingulate 2076 1490 4157 2.690 0.612 0.120 0.024 25 2.1
precentral 8308 5263 15572 2.701 0.543 0.102 0.019 56 6.5
precuneus 6019 4236 11395 2.455 0.543 0.117 0.021 58 5.6
rostralanteriorcingulate 1912 1338 3975 2.687 0.676 0.115 0.024 23 1.9
rostralmiddlefrontal 6281 4602 12167 2.348 0.555 0.133 0.027 80 7.0
superiorfrontal 13460 9590 29169 2.648 0.573 0.121 0.024 136 13.2
superiorparietal 7039 4727 11230 2.185 0.530 0.111 0.018 67 5.2
superiortemporal 9238 6285 19846 2.831 0.598 0.105 0.020 75 7.5
supramarginal 6069 4127 11736 2.602 0.503 0.116 0.022 56 5.4
transversetemporal 937 650 1804 2.551 0.502 0.111 0.022 7 0.9
insula 3052 2093 6923 3.266 0.713 0.105 0.022 24 2.5
