StructName NumVert SurfArea GrayVol ThickAvg ThickStd MeanCurv GausCurv FoldInd CurvInd
caudalanteriorcingulate 2104 1367 3566 2.463 0.576 0.100 0.016 18 1.3
caudalmiddlefrontal 4174 2743 7626 2.554 0.501 0.101 0.018 31 3.1
cuneus 3103 2206 4712 1.998 0.504 0.145 0.031 42 4.0
entorhinal 743 513 1955 2.767 0.881 0.120 0.036 6 0.9
fusiform 4813 3397 10214 2.730 0.504 0.122 0.025 51 4.7
inferiorparietal 7335 5118 14084 2.539 0.443 0.120 0.023 82 6.6
inferiortemporal 5755 4152 13902 2.904 0.653 0.133 0.029 78 6.8
isthmuscingulate 1449 938 2586 2.441 0.715 0.110 0.022 14 1.2
lateraloccipital 7437 5223 12924 2.249 0.531 0.148 0.033 101 9.8
lateralorbitofrontal 4594 3348 9569 2.546 0.639 0.135 0.035 66 6.1
lingual 4941 3528 7591 2.019 0.629 0.139 0.029 65 6.2
medialorbitofrontal 2687 1993 5515 2.465 0.684 0.131 0.032 42 3.8
middletemporal 7579 5239 16590 2.709 0.581 0.116 0.022 76 7.0
parahippocampal 1257 789 2803 2.837 0.755 0.088 0.018 10 0.8
paracentral 3028 1913 5474 2.566 0.565 0.101 0.018 20 2.3
parsopercularis 2372 1647 4836 2.622 0.513 0.114 0.019 23 1.8
parsorbitalis 1273 836 2325 2.452 0.446 0.111 0.018 11 1.1
parstriangularis 2935 2020 5665 2.384 0.577 0.113 0.022 32 2.4
pericalcarine 1938 1338 1795 1.569 0.425 0.134 0.029 21 2.5
postcentral 8933 5910 14352 2.207 0.616 0.114 0.022 83 8.0
posteriorcingulate 2147 1539 4209 2.570 0.555 0.120 0.021 29 2.1
precentral 8490 5338 15855 2.700 0.537 0.101 0.018 59 6.2
precuneus 6099 4200 11540 2.477 0.525 0.115 0.022 60 5.4
rostralanteriorcingulate 1912 1307 3822 2.584 0.739 0.109 0.021 18 1.7
rostralmiddlefrontal 6393 4622 11979 2.256 0.593 0.133 0.028 81 7.3
superiorfrontal 13542 9627 28874 2.557 0.610 0.121 0.024 141 13.3
superiorparietal 7117 4760 12005 2.279 0.504 0.110 0.018 67 5.2
superiortemporal 9361 6330 19570 2.807 0.603 0.108 0.021 82 8.0
supramarginal 6112 4127 11785 2.593 0.510 0.115 0.021 57 5.3
transversetemporal 927 621 1852 2.617 0.434 0.114 0.023 9 0.8
insula 3078 2107 7057 3.231 0.752 0.109 0.026 29 3.1
