StructName NumVert SurfArea GrayVol ThickAvg ThickStd MeanCurv GausCurv FoldInd CurvInd
caudalanteriorcingulate 2069 1333 3634 2.564 0.554 0.096 0.014 15 1.2
caudalmiddlefrontal 3996 2631 6924 2.483 0.465 0.102 0.018 31 2.9
cuneus 3110 2131 4272 1.956 0.521 0.140 0.031 39 4.3
entorhinal 771 512 2271 3.246 0.689 0.097 0.016 5 0.5
fusiform 4555 3207 9798 2.868 0.538 0.121 0.023 53 4.4
inferiorparietal 6882 4848 12805 2.471 0.429 0.123 0.024 72 7.0
inferiortemporal 5604 4089 13611 2.918 0.624 0.129 0.026 76 6.2
isthmuscingulate 1392 897 2501 2.552 0.780 0.106 0.020 12 1.1
lateraloccipital 7435 5247 12301 2.156 0.517 0.149 0.035 105 10.4
lateralorbitofrontal 4431 3103 8554 2.513 0.708 0.126 0.029 53 5.2
lingual 4884 3506 7208 1.967 0.623 0.138 0.029 61 6.2
medialorbitofrontal 2507 1813 5206 2.514 0.721 0.125 0.042 55 3.0
middletemporal 6832 4934 14802 2.643 0.505 0.121 0.022 75 6.5
parahippocampal 1271 776 2707 2.874 0.737 0.078 0.014 8 0.6
paracentral 2984 1840 5208 2.615 0.537 0.096 0.016 19 2.0
parsopercularis 2237 1566 4515 2.644 0.414 0.112 0.019 21 1.6
parsorbitalis 1225 829 2143 2.359 0.414 0.110 0.017 10 1.0
parstriangularis 2857 1980 5271 2.314 0.533 0.112 0.020 28 2.3
pericalcarine 1850 1257 1739 1.583 0.486 0.132 0.032 19 2.5
postcentral 8396 5637 13238 2.169 0.568 0.116 0.022 80 7.6
posteriorcingulate 2103 1451 4088 2.679 0.573 0.115 0.019 24 1.8
precentral 8192 5220 14880 2.642 0.487 0.102 0.017 57 5.8
precuneus 5952 4186 11275 2.514 0.491 0.118 0.022 59 5.4
rostralanteriorcingulate 1761 1200 3587 2.578 0.719 0.107 0.020 17 1.5
rostralmiddlefrontal 5867 4367 10746 2.247 0.518 0.135 0.027 83 7.1
superiorfrontal 13106 9329 26912 2.514 0.557 0.121 0.023 143 12.6
superiorparietal 6959 4709 11335 2.230 0.443 0.110 0.018 67 5.2
superiortemporal 8849 6039 18937 2.865 0.618 0.104 0.019 77 6.6
supramarginal 6006 4162 11400 2.533 0.485 0.116 0.022 55 5.5
transversetemporal 916 604 1857 2.675 0.376 0.109 0.018 10 0.7
insula 2923 1977 6874 3.320 0.743 0.101 0.019 21 2.4
