StructName NumVert SurfArea GrayVol ThickAvg ThickStd MeanCurv GausCurv FoldInd CurvInd
caudalanteriorcingulate 2102 1352 3652 2.510 0.555 0.098 0.015 16 1.3
caudalmiddlefrontal 4042 2669 7424 2.578 0.493 0.102 0.018 32 3.0
cuneus 3039 2151 4475 1.939 0.505 0.139 0.029 37 3.6
entorhinal 772 543 2138 3.065 0.739 0.107 0.024 5 0.7
fusiform 4609 3216 9641 2.707 0.542 0.124 0.026 54 5.0
inferiorparietal 7207 5009 13223 2.440 0.464 0.120 0.023 78 6.7
inferiortemporal 5597 4085 14015 2.939 0.627 0.132 0.027 70 6.6
isthmuscingulate 1354 871 2484 2.499 0.749 0.103 0.021 11 1.0
lateraloccipital 7095 5145 12048 2.154 0.479 0.152 0.032 101 9.5
lateralorbitofrontal 4524 3295 9087 2.521 0.651 0.131 0.031 54 5.8
lingual 4669 3410 7200 1.986 0.593 0.140 0.028 61 5.7
medialorbitofrontal 2739 2026 5786 2.534 0.685 0.130 0.033 42 3.5
middletemporal 7130 5068 16152 2.719 0.599 0.120 0.023 75 7.0
parahippocampal 1260 787 2851 2.937 0.794 0.080 0.016 7 0.7
paracentral 3056 1918 5436 2.568 0.577 0.100 0.017 20 2.2
parsopercularis 2264 1566 4712 2.654 0.516 0.111 0.018 22 1.6
parsorbitalis 1276 807 2266 2.438 0.473 0.101 0.017 10 1.0
parstriangularis 2987 2038 5716 2.386 0.572 0.111 0.020 32 2.4
pericalcarine 1821 1283 1763 1.564 0.388 0.134 0.028 18 2.2
postcentral 8843 5920 14004 2.162 0.568 0.113 0.022 79 8.0
posteriorcingulate 2070 1486 4095 2.591 0.580 0.123 0.024 25 2.3
precentral 8311 5252 15665 2.713 0.547 0.101 0.018 57 6.2
precuneus 5907 4133 11061 2.413 0.580 0.118 0.022 56 5.7
rostralanteriorcingulate 1820 1269 3888 2.786 0.641 0.110 0.021 18 1.6
rostralmiddlefrontal 6157 4540 11786 2.312 0.558 0.133 0.028 76 7.2
superiorfrontal 13493 9536 28868 2.599 0.589 0.120 0.023 138 13.5
superiorparietal 6867 4668 10874 2.144 0.484 0.110 0.018 65 5.0
superiortemporal 9167 6182 19792 2.864 0.645 0.103 0.019 71 7.1
supramarginal 5957 4080 11546 2.581 0.497 0.114 0.021 55 5.1
transversetemporal 925 632 1781 2.580 0.485 0.109 0.020 8 0.8
insula 3175 2105 6981 3.243 0.705 0.101 0.021 25 2.6
