StructName NumVert SurfArea GrayVol ThickAvg ThickStd MeanCurv GausCurv FoldInd CurvInd
caudalanteriorcingulate 2330 1501 4187 2.538 0.602 0.101 0.021 22 2.0
caudalmiddlefrontal 3881 2573 8648 2.788 0.697 0.105 0.022 32 3.3
cuneus 3139 2134 4897 2.068 0.644 0.141 0.036 44 4.7
entorhinal 696 527 2087 3.038 0.782 0.125 0.035 5 1.0
fusiform 4735 3385 10770 2.814 0.534 0.125 0.028 57 5.4
inferiorparietal 7364 5108 14876 2.561 0.535 0.121 0.024 82 7.2
inferiortemporal 6065 4458 15933 2.958 0.716 0.139 0.036 89 9.0
isthmuscingulate 1519 1000 2737 2.503 0.767 0.113 0.027 14 1.5
lateraloccipital 7325 5252 14759 2.390 0.628 0.148 0.035 112 10.0
lateralorbitofrontal 5207 3637 10784 2.621 0.755 0.136 0.040 75 8.2
lingual 5066 3766 8183 2.011 0.647 0.145 0.035 72 7.4
medialorbitofrontal 3274 2346 6792 2.494 0.693 0.132 0.035 57 4.2
middletemporal 7717 5392 18649 2.829 0.648 0.120 0.025 98 7.9
parahippocampal 1308 859 3294 3.088 0.766 0.097 0.025 12 1.1
paracentral 3266 2174 5750 2.502 0.553 0.126 0.036 37 4.6
parsopercularis 2244 1631 5007 2.707 0.453 0.117 0.025 24 2.0
parsorbitalis 1358 871 2786 2.723 0.503 0.104 0.023 13 1.2
parstriangularis 3188 2208 6802 2.552 0.580 0.114 0.025 33 3.0
pericalcarine 1848 1261 2144 1.894 0.486 0.126 0.032 20 2.7
postcentral 9075 6091 17363 2.409 0.639 0.118 0.027 95 9.5
posteriorcingulate 2182 1546 4266 2.641 0.617 0.127 0.027 33 2.6
precentral 8233 5391 17554 2.837 0.607 0.109 0.024 67 7.8
precuneus 6268 4386 12081 2.509 0.538 0.120 0.025 75 6.6
rostralanteriorcingulate 2059 1425 4195 2.721 0.663 0.117 0.031 21 2.5
rostralmiddlefrontal 7069 5033 15217 2.528 0.627 0.130 0.030 90 8.5
superiorfrontal 14582 10190 34055 2.787 0.624 0.122 0.030 169 16.5
superiorparietal 7054 4733 13051 2.333 0.570 0.111 0.021 74 5.8
superiortemporal 10064 6769 22242 2.847 0.684 0.109 0.026 94 10.0
supramarginal 6178 4222 13174 2.737 0.537 0.118 0.025 65 6.0
transversetemporal 874 603 1998 2.792 0.363 0.119 0.030 12 0.9
insula 3078 2132 7263 3.304 0.728 0.120 0.032 35 3.8
