StructName NumVert SurfArea GrayVol ThickAvg ThickStd MeanCurv GausCurv FoldInd CurvInd
caudalanteriorcingulate 2313 1508 4190 2.506 0.581 0.112 0.014 24 1.5
caudalmiddlefrontal 4518 2997 7465 2.420 0.418 0.108 0.018 36 3.4
cuneus 2835 1882 3852 1.939 0.501 0.132 0.028 36 3.0
entorhinal 808 519 2379 3.278 0.774 0.091 0.015 4 0.5
fusiform 5086 3455 10962 2.842 0.549 0.118 0.024 51 4.9
inferiorparietal 8411 5711 14538 2.366 0.468 0.114 0.019 84 6.9
inferiortemporal 5652 4026 13345 2.777 0.711 0.116 0.022 68 5.0
isthmuscingulate 2212 1500 3858 2.366 0.821 0.119 0.024 27 2.2
lateraloccipital 8304 5331 12720 2.154 0.520 0.126 0.026 92 8.9
lateralorbitofrontal 4679 3473 9100 2.496 0.582 0.132 0.031 62 5.9
lingual 4369 3063 5554 1.818 0.606 0.136 0.029 54 5.4
medialorbitofrontal 2637 1788 4652 2.330 0.569 0.109 0.023 30 2.3
middletemporal 6990 4892 14516 2.660 0.500 0.108 0.020 67 5.6
parahippocampal 1294 858 2839 2.840 0.696 0.114 0.026 13 1.3
paracentral 2747 1675 4598 2.524 0.543 0.091 0.015 16 1.7
parsopercularis 2796 1952 5852 2.689 0.442 0.115 0.021 28 2.5
parsorbitalis 1044 730 1792 2.305 0.528 0.121 0.023 11 1.0
parstriangularis 2675 1847 4794 2.350 0.530 0.115 0.021 27 2.4
pericalcarine 1602 1110 1413 1.529 0.499 0.133 0.028 15 2.1
postcentral 8149 5269 11833 2.084 0.592 0.110 0.020 70 6.8
posteriorcingulate 2266 1531 3934 2.377 0.784 0.124 0.020 32 1.9
precentral 7551 4689 12808 2.547 0.553 0.101 0.017 55 5.4
precuneus 5879 4024 10630 2.450 0.502 0.123 0.024 65 6.0
rostralanteriorcingulate 2162 1578 4487 2.640 0.654 0.141 0.030 41 2.7
rostralmiddlefrontal 7326 5345 12518 2.093 0.482 0.132 0.026 96 8.3
superiorfrontal 13851 9802 27124 2.459 0.522 0.119 0.023 143 13.5
superiorparietal 6017 3976 9036 2.131 0.428 0.110 0.019 58 4.5
superiortemporal 8800 5893 19493 2.858 0.693 0.091 0.016 61 5.9
supramarginal 6700 4637 12115 2.453 0.489 0.117 0.022 70 6.2
transversetemporal 798 519 1411 2.471 0.427 0.111 0.019 7 0.6
insula 3195 2174 7041 3.109 0.668 0.110 0.023 29 3.1
