StructName NumVert SurfArea GrayVol ThickAvg ThickStd MeanCurv GausCurv FoldInd CurvInd
caudalanteriorcingulate 2383 1570 4448 2.592 0.580 0.112 0.015 24 1.5
caudalmiddlefrontal 4743 3096 8533 2.629 0.422 0.105 0.018 36 3.5
cuneus 2667 1903 3807 1.925 0.479 0.140 0.027 33 2.9
entorhinal 808 535 2620 3.185 0.866 0.103 0.030 6 0.8
fusiform 5167 3535 11417 2.793 0.598 0.121 0.026 53 5.5
inferiorparietal 8327 5753 15135 2.420 0.508 0.116 0.020 80 6.9
inferiortemporal 6025 4259 14919 2.829 0.770 0.122 0.027 73 6.3
isthmuscingulate 2261 1533 4004 2.329 0.833 0.123 0.025 30 2.4
lateraloccipital 8071 5409 13002 2.163 0.519 0.132 0.027 92 9.0
lateralorbitofrontal 4952 3571 9817 2.529 0.612 0.126 0.028 58 5.6
lingual 4415 3155 6215 1.904 0.623 0.136 0.029 53 5.6
medialorbitofrontal 2781 1928 4941 2.329 0.562 0.110 0.024 37 2.4
middletemporal 7285 4980 15775 2.739 0.584 0.107 0.020 67 6.0
parahippocampal 1316 877 2811 2.763 0.692 0.118 0.029 21 1.4
paracentral 2787 1760 4950 2.582 0.549 0.100 0.017 19 2.0
parsopercularis 3039 2030 6272 2.746 0.435 0.108 0.020 28 2.5
parsorbitalis 1088 749 1875 2.304 0.538 0.119 0.021 11 1.0
parstriangularis 2813 1929 5082 2.396 0.512 0.117 0.021 28 2.4
pericalcarine 1674 1147 1411 1.508 0.445 0.132 0.028 15 2.2
postcentral 8488 5500 12579 2.129 0.623 0.111 0.021 71 7.5
posteriorcingulate 2223 1533 4070 2.407 0.766 0.125 0.021 28 2.0
precentral 7973 4888 13863 2.625 0.586 0.103 0.019 59 6.4
precuneus 5870 4142 10941 2.449 0.528 0.125 0.024 62 6.0
rostralanteriorcingulate 2219 1648 4783 2.681 0.683 0.138 0.027 35 2.9
rostralmiddlefrontal 7753 5494 14194 2.342 0.465 0.129 0.025 96 8.0
superiorfrontal 14382 10040 29861 2.637 0.546 0.118 0.024 146 14.1
superiorparietal 6043 4058 9662 2.231 0.454 0.112 0.019 59 4.6
superiortemporal 9247 6123 20910 2.938 0.717 0.093 0.016 65 6.5
supramarginal 6806 4721 12809 2.539 0.508 0.116 0.022 66 6.4
transversetemporal 783 517 1390 2.462 0.441 0.115 0.020 7 0.7
insula 3289 2312 7204 3.003 0.683 0.122 0.026 34 3.3
