StructName NumVert SurfArea GrayVol ThickAvg ThickStd MeanCurv GausCurv FoldInd CurvInd
caudalanteriorcingulate 2430 1631 4736 2.503 0.705 0.111 0.020 26 2.0
caudalmiddlefrontal 4832 3168 9647 2.658 0.550 0.108 0.024 48 4.0
cuneus 2776 1912 4234 2.029 0.528 0.135 0.031 34 3.2
entorhinal 755 517 2223 3.025 0.721 0.127 0.035 6 1.1
fusiform 5058 3499 11739 2.809 0.616 0.121 0.027 59 5.2
inferiorparietal 8380 5650 16733 2.505 0.602 0.114 0.022 95 7.5
inferiortemporal 6335 4470 16148 2.846 0.823 0.123 0.034 87 8.5
isthmuscingulate 2344 1567 4131 2.307 0.863 0.120 0.029 35 2.6
lateraloccipital 8621 5711 15695 2.328 0.615 0.128 0.029 119 9.6
lateralorbitofrontal 5657 3973 11142 2.502 0.697 0.136 0.037 75 9.1
lingual 4634 3304 6526 1.931 0.670 0.138 0.031 59 6.1
medialorbitofrontal 3148 2152 5679 2.356 0.615 0.113 0.029 39 3.5
middletemporal 7876 5218 17671 2.795 0.672 0.105 0.024 79 7.3
parahippocampal 1275 902 2989 2.833 0.675 0.123 0.028 16 1.3
paracentral 2960 1901 5101 2.509 0.625 0.119 0.035 31 4.4
parsopercularis 2971 2081 6723 2.784 0.470 0.119 0.026 30 3.0
parsorbitalis 1112 754 2212 2.481 0.642 0.119 0.025 13 1.0
parstriangularis 2827 1938 5559 2.461 0.572 0.114 0.023 30 2.6
pericalcarine 1762 1166 1725 1.810 0.538 0.121 0.027 14 2.3
postcentral 8829 5781 14710 2.248 0.668 0.114 0.030 92 9.9
posteriorcingulate 2292 1549 4239 2.439 0.858 0.120 0.024 32 2.2
precentral 7909 5013 15226 2.690 0.624 0.107 0.028 66 8.2
precuneus 5941 4128 11482 2.465 0.543 0.123 0.026 68 6.1
rostralanteriorcingulate 2328 1665 5008 2.745 0.727 0.135 0.028 38 2.7
rostralmiddlefrontal 8278 5710 17051 2.470 0.626 0.127 0.027 106 8.6
superiorfrontal 15190 10315 35057 2.800 0.659 0.117 0.027 158 16.2
superiorparietal 6217 4134 11328 2.333 0.627 0.112 0.023 65 5.5
superiortemporal 9706 6440 22532 2.940 0.721 0.098 0.023 78 8.9
supramarginal 7108 4843 14406 2.577 0.600 0.116 0.024 77 6.8
transversetemporal 768 515 1549 2.647 0.387 0.121 0.030 9 0.7
insula 3155 2256 7383 3.056 0.705 0.125 0.035 37 4.4
