StructName NumVert SurfArea GrayVol ThickAvg ThickStd MeanCurv GausCurv FoldInd CurvInd
caudalanteriorcingulate 2286 1517 4069 2.461 0.541 0.117 0.018 24 1.8
caudalmiddlefrontal 4776 3130 8152 2.486 0.464 0.108 0.019 38 3.8
cuneus 2816 1950 3756 1.854 0.506 0.138 0.027 33 3.1
entorhinal 769 498 2398 3.165 0.852 0.098 0.020 4 0.6
fusiform 5214 3551 11714 2.843 0.612 0.119 0.024 51 5.1
inferiorparietal 8212 5619 14754 2.426 0.532 0.115 0.020 77 6.9
inferiortemporal 5886 4139 14764 2.860 0.748 0.122 0.024 71 6.0
isthmuscingulate 2292 1565 4062 2.343 0.805 0.126 0.027 29 2.7
lateraloccipital 8387 5511 13089 2.167 0.545 0.131 0.026 93 9.3
lateralorbitofrontal 4986 3570 9169 2.364 0.590 0.130 0.032 63 6.4
lingual 4365 3123 5881 1.846 0.629 0.141 0.031 52 6.0
medialorbitofrontal 2765 1902 4706 2.243 0.541 0.114 0.024 31 2.9
middletemporal 7233 4938 15282 2.695 0.581 0.108 0.020 66 5.8
parahippocampal 1236 850 2758 2.771 0.736 0.122 0.024 14 1.2
paracentral 2708 1692 4570 2.465 0.596 0.095 0.017 16 1.8
parsopercularis 2928 2001 6083 2.689 0.467 0.110 0.020 27 2.4
parsorbitalis 1049 725 1724 2.134 0.532 0.123 0.025 12 1.0
parstriangularis 2678 1831 4676 2.273 0.565 0.116 0.021 27 2.3
pericalcarine 1703 1129 1364 1.497 0.446 0.130 0.028 15 2.2
postcentral 8419 5449 12145 2.083 0.598 0.111 0.021 69 7.4
posteriorcingulate 2260 1551 3978 2.333 0.729 0.126 0.022 28 2.2
precentral 7818 4789 13330 2.582 0.564 0.100 0.018 55 5.8
precuneus 5869 4062 10640 2.400 0.545 0.124 0.024 60 6.0
rostralanteriorcingulate 2159 1620 4665 2.642 0.668 0.143 0.031 33 3.1
rostralmiddlefrontal 7434 5337 13006 2.151 0.498 0.132 0.026 95 7.9
superiorfrontal 14251 9958 28313 2.508 0.570 0.117 0.023 136 13.5
superiorparietal 6059 4045 9575 2.184 0.499 0.112 0.019 54 4.8
superiortemporal 9132 6040 20029 2.855 0.718 0.093 0.017 63 6.6
supramarginal 6764 4677 12463 2.475 0.504 0.118 0.022 67 6.1
transversetemporal 818 509 1395 2.456 0.425 0.109 0.019 7 0.6
insula 3215 2225 6920 2.960 0.659 0.118 0.025 30 3.2
