StructName NumVert SurfArea GrayVol ThickAvg ThickStd MeanCurv GausCurv FoldInd CurvInd
caudalanteriorcingulate 2436 1577 4377 2.538 0.564 0.110 0.018 25 1.8
caudalmiddlefrontal 4572 3030 7946 2.483 0.374 0.109 0.019 39 3.6
cuneus 2837 1934 3895 1.919 0.495 0.137 0.028 34 3.2
entorhinal 862 569 2344 3.112 0.745 0.105 0.028 7 0.8
fusiform 4916 3452 10558 2.736 0.528 0.121 0.025 56 4.7
inferiorparietal 8211 5650 14795 2.419 0.465 0.117 0.021 92 6.9
inferiortemporal 5470 4031 13065 2.737 0.646 0.125 0.025 68 5.5
isthmuscingulate 2207 1528 3724 2.185 0.807 0.123 0.028 30 2.4
lateraloccipital 8118 5423 13006 2.177 0.486 0.132 0.027 96 9.0
lateralorbitofrontal 5038 3642 9741 2.496 0.609 0.132 0.032 64 6.7
lingual 4273 3029 5826 1.866 0.604 0.137 0.031 54 5.5
medialorbitofrontal 2771 1972 4876 2.246 0.564 0.119 0.030 36 2.9
middletemporal 7372 5096 15102 2.632 0.505 0.108 0.020 70 6.0
parahippocampal 1283 881 2812 2.799 0.670 0.125 0.028 16 1.4
paracentral 2745 1696 4549 2.451 0.515 0.094 0.018 17 1.9
parsopercularis 2892 2023 6059 2.664 0.388 0.114 0.021 29 2.5
parsorbitalis 1052 741 1874 2.282 0.540 0.121 0.022 12 0.9
parstriangularis 2701 1904 4981 2.366 0.475 0.118 0.021 30 2.3
pericalcarine 1659 1133 1514 1.613 0.495 0.126 0.027 13 2.0
postcentral 8389 5392 12478 2.130 0.583 0.112 0.022 75 7.3
posteriorcingulate 2306 1521 3961 2.376 0.766 0.122 0.021 29 2.1
precentral 7799 4776 13384 2.611 0.538 0.101 0.019 56 6.1
precuneus 5947 4129 10737 2.426 0.471 0.126 0.026 66 6.5
rostralanteriorcingulate 2083 1575 4498 2.661 0.639 0.146 0.032 37 3.0
rostralmiddlefrontal 7592 5468 13274 2.177 0.455 0.132 0.026 104 8.3
superiorfrontal 14499 10214 28582 2.505 0.491 0.120 0.024 151 14.5
superiorparietal 6108 4073 9656 2.226 0.423 0.111 0.019 59 4.8
superiortemporal 9197 6058 19831 2.845 0.629 0.096 0.017 66 6.9
supramarginal 6867 4755 12608 2.482 0.444 0.118 0.022 77 6.4
transversetemporal 776 492 1462 2.600 0.376 0.109 0.017 8 0.5
insula 3222 2214 7039 2.982 0.696 0.115 0.027 30 3.2
