StructName NumVert SurfArea GrayVol ThickAvg ThickStd MeanCurv GausCurv FoldInd CurvInd
caudalanteriorcingulate 2421 1546 4316 2.549 0.592 0.109 0.017 24 1.7
caudalmiddlefrontal 4683 3066 8302 2.563 0.401 0.106 0.019 37 3.7
cuneus 2713 1882 3775 1.905 0.495 0.138 0.026 32 2.9
entorhinal 749 476 2260 3.078 1.009 0.113 0.025 7 0.8
fusiform 5147 3530 11280 2.750 0.603 0.122 0.026 55 5.6
inferiorparietal 8283 5675 14806 2.403 0.500 0.115 0.020 87 7.1
inferiortemporal 5824 4210 14256 2.791 0.764 0.124 0.027 73 6.2
isthmuscingulate 2293 1540 3939 2.263 0.831 0.119 0.025 28 2.3
lateraloccipital 8097 5411 12946 2.161 0.513 0.132 0.026 92 8.8
lateralorbitofrontal 5149 3663 9696 2.478 0.594 0.125 0.028 60 5.8
lingual 4325 3116 6181 1.890 0.638 0.139 0.030 55 5.5
medialorbitofrontal 2820 1934 4983 2.329 0.555 0.108 0.023 32 2.5
middletemporal 7099 4921 15230 2.670 0.581 0.108 0.021 65 5.8
parahippocampal 1251 853 2711 2.707 0.759 0.116 0.027 14 1.1
paracentral 2763 1718 4802 2.566 0.570 0.095 0.018 17 1.9
parsopercularis 2915 1976 6011 2.700 0.415 0.112 0.020 29 2.5
parsorbitalis 1083 755 1869 2.246 0.592 0.120 0.022 11 1.0
parstriangularis 2862 1945 5146 2.361 0.512 0.115 0.022 28 2.4
pericalcarine 1677 1133 1383 1.502 0.421 0.128 0.027 15 2.1
postcentral 8496 5491 12581 2.119 0.603 0.111 0.022 72 7.5
posteriorcingulate 2238 1529 3966 2.355 0.760 0.126 0.021 29 2.0
precentral 8018 4870 13913 2.644 0.559 0.100 0.018 57 6.0
precuneus 5983 4164 10928 2.416 0.518 0.123 0.025 62 6.1
rostralanteriorcingulate 2220 1640 4757 2.696 0.649 0.136 0.029 39 2.8
rostralmiddlefrontal 7758 5502 13974 2.298 0.459 0.129 0.025 99 7.8
superiorfrontal 14505 10091 29865 2.616 0.549 0.117 0.023 143 13.7
superiorparietal 6041 4046 9510 2.202 0.450 0.111 0.020 56 4.7
superiortemporal 9114 5987 20154 2.867 0.711 0.092 0.018 65 6.5
supramarginal 6800 4662 12599 2.488 0.497 0.114 0.021 66 6.0
transversetemporal 864 542 1505 2.498 0.448 0.111 0.017 8 0.6
insula 3278 2280 7058 2.955 0.670 0.119 0.025 32 3.2
