StructName NumVert SurfArea GrayVol ThickAvg ThickStd MeanCurv GausCurv FoldInd CurvInd
caudalanteriorcingulate 1233 834 2383 2.630 0.509 0.120 0.025 14 1.2
caudalmiddlefrontal 3646 2476 6451 2.418 0.434 0.118 0.025 36 3.7
cuneus 3268 2144 3969 1.793 0.443 0.132 0.028 36 3.8
entorhinal 626 409 1454 2.877 0.829 0.100 0.030 5 0.6
fusiform 4638 3206 9210 2.582 0.551 0.126 0.027 55 5.0
inferiorparietal 6432 4417 10985 2.317 0.455 0.119 0.024 72 6.2
inferiortemporal 4663 3488 10800 2.635 0.649 0.131 0.027 62 5.7
isthmuscingulate 1503 998 2371 2.180 0.690 0.122 0.032 18 1.7
lateraloccipital 8419 5557 12509 2.111 0.498 0.128 0.025 97 8.8
lateralorbitofrontal 4258 3187 8211 2.405 0.592 0.154 0.041 69 7.3
lingual 4999 3416 7325 1.991 0.677 0.132 0.030 57 6.1
medialorbitofrontal 2581 1840 4790 2.305 0.672 0.125 0.033 35 3.3
middletemporal 6218 4367 13237 2.655 0.578 0.124 0.025 77 6.9
parahippocampal 912 572 1712 2.530 0.708 0.101 0.024 8 0.7
paracentral 2342 1437 3863 2.424 0.503 0.092 0.019 13 1.7
parsopercularis 2051 1433 4019 2.547 0.405 0.125 0.028 24 2.2
parsorbitalis 987 685 1958 2.460 0.536 0.125 0.027 11 1.1
parstriangularis 2330 1589 3856 2.222 0.460 0.117 0.026 26 2.4
pericalcarine 2467 1734 2370 1.594 0.481 0.140 0.031 28 3.3
postcentral 7016 4594 10211 2.080 0.563 0.116 0.024 67 6.6
posteriorcingulate 1573 1115 2856 2.395 0.489 0.132 0.032 24 1.8
precentral 6722 4359 11631 2.481 0.529 0.115 0.028 62 7.5
precuneus 5771 3951 9554 2.261 0.496 0.117 0.025 57 5.8
rostralanteriorcingulate 1713 1235 3318 2.467 0.654 0.130 0.033 23 2.3
rostralmiddlefrontal 4678 3359 8290 2.240 0.462 0.131 0.029 58 5.5
superiorfrontal 10232 7394 21128 2.517 0.532 0.129 0.031 120 12.4
superiorparietal 6351 4227 9861 2.137 0.418 0.116 0.026 69 6.0
superiortemporal 7644 5184 15290 2.638 0.697 0.106 0.023 72 6.6
supramarginal 5256 3712 9505 2.438 0.443 0.128 0.027 59 5.8
transversetemporal 694 442 1162 2.337 0.404 0.108 0.033 6 0.8
insula 2797 1956 6418 3.068 0.923 0.117 0.032 30 3.9
