StructName NumVert SurfArea GrayVol ThickAvg ThickStd MeanCurv GausCurv FoldInd CurvInd
caudalanteriorcingulate 1177 757 2293 2.707 0.600 0.109 0.019 12 1.0
caudalmiddlefrontal 3563 2385 6472 2.503 0.449 0.115 0.023 33 3.4
cuneus 3110 2046 4130 1.875 0.476 0.133 0.027 35 3.6
entorhinal 634 412 1593 2.686 0.960 0.126 0.059 16 1.4
fusiform 4616 3163 9062 2.534 0.615 0.126 0.026 48 5.1
inferiorparietal 6612 4616 11458 2.272 0.487 0.122 0.024 76 6.5
inferiortemporal 4865 3555 11186 2.652 0.684 0.129 0.028 62 5.8
isthmuscingulate 1515 1012 2440 2.185 0.717 0.123 0.028 20 1.7
lateraloccipital 8319 5524 12020 2.027 0.498 0.131 0.025 97 8.9
lateralorbitofrontal 4197 3087 8022 2.442 0.599 0.146 0.037 63 6.5
lingual 4950 3439 7093 1.921 0.646 0.134 0.029 56 6.1
medialorbitofrontal 2580 1825 4704 2.384 0.736 0.125 0.034 43 3.3
middletemporal 6093 4235 13670 2.759 0.666 0.123 0.024 66 6.3
parahippocampal 1013 612 1856 2.571 0.727 0.106 0.027 16 1.0
paracentral 2343 1399 3851 2.480 0.542 0.090 0.017 13 1.7
parsopercularis 2033 1406 4044 2.604 0.435 0.126 0.026 26 2.2
parsorbitalis 955 674 1984 2.530 0.486 0.132 0.025 12 1.1
parstriangularis 2300 1577 3861 2.236 0.500 0.118 0.025 23 2.4
pericalcarine 2521 1730 2393 1.627 0.464 0.136 0.032 27 3.5
postcentral 7424 4684 10139 2.033 0.595 0.112 0.022 66 6.7
posteriorcingulate 1593 1142 2983 2.425 0.574 0.134 0.028 23 1.8
precentral 7000 4280 11769 2.538 0.575 0.107 0.025 57 7.1
precuneus 5521 3811 9246 2.214 0.553 0.117 0.025 57 5.5
rostralanteriorcingulate 1677 1174 3518 2.669 0.803 0.130 0.028 24 2.0
rostralmiddlefrontal 4804 3376 8686 2.361 0.481 0.131 0.027 59 5.3
superiorfrontal 10334 7257 21791 2.626 0.577 0.126 0.027 110 12.1
superiorparietal 6145 4119 9497 2.118 0.445 0.116 0.024 63 6.1
superiortemporal 7615 5157 15540 2.639 0.694 0.109 0.024 74 7.7
supramarginal 4940 3474 9122 2.462 0.515 0.128 0.027 56 5.6
transversetemporal 726 448 1113 2.243 0.437 0.110 0.025 6 0.8
insula 2826 1964 6521 3.105 0.860 0.114 0.027 27 3.0
