StructName NumVert SurfArea GrayVol ThickAvg ThickStd MeanCurv GausCurv FoldInd CurvInd
caudalanteriorcingulate 1192 795 2371 2.718 0.574 0.121 0.026 15 1.3
caudalmiddlefrontal 3522 2391 6619 2.550 0.472 0.119 0.025 32 3.6
cuneus 3112 2048 4086 1.877 0.470 0.132 0.027 35 3.6
entorhinal 861 654 1703 2.204 0.751 0.159 0.047 16 1.5
fusiform 4801 3299 9252 2.543 0.588 0.126 0.027 51 5.6
inferiorparietal 6571 4593 11591 2.316 0.510 0.122 0.024 74 6.6
inferiortemporal 4575 3451 10895 2.633 0.690 0.136 0.030 67 6.2
isthmuscingulate 1503 1030 2513 2.254 0.677 0.133 0.033 21 1.9
lateraloccipital 8284 5557 12515 2.087 0.537 0.133 0.026 97 9.1
lateralorbitofrontal 4412 3252 8535 2.524 0.574 0.156 0.044 75 8.2
lingual 5123 3508 7406 1.934 0.655 0.130 0.028 56 6.0
medialorbitofrontal 2600 1814 4816 2.421 0.691 0.123 0.031 35 3.1
middletemporal 5963 4197 13537 2.728 0.641 0.124 0.025 70 6.5
parahippocampal 949 589 1795 2.561 0.770 0.105 0.026 9 0.9
paracentral 2382 1450 3988 2.463 0.539 0.095 0.024 16 2.2
parsopercularis 2058 1436 4202 2.650 0.448 0.129 0.028 26 2.3
parsorbitalis 956 698 2043 2.526 0.553 0.141 0.029 13 1.1
parstriangularis 2260 1541 4080 2.403 0.534 0.117 0.026 23 2.4
pericalcarine 2506 1725 2401 1.647 0.484 0.134 0.030 30 3.2
postcentral 7247 4714 10217 2.051 0.608 0.116 0.026 70 7.5
posteriorcingulate 1606 1130 2898 2.365 0.564 0.129 0.026 21 1.7
precentral 6830 4348 11988 2.561 0.595 0.115 0.029 58 8.0
precuneus 5536 3816 9615 2.287 0.547 0.117 0.024 55 5.4
rostralanteriorcingulate 1679 1175 3587 2.744 0.766 0.131 0.031 21 2.4
rostralmiddlefrontal 4624 3319 9013 2.429 0.522 0.132 0.028 54 5.4
superiorfrontal 10244 7217 22001 2.685 0.582 0.129 0.030 112 12.6
superiorparietal 6155 4162 9924 2.158 0.444 0.119 0.025 72 6.1
superiortemporal 7483 4959 14776 2.670 0.661 0.107 0.023 66 6.7
supramarginal 5007 3503 9308 2.508 0.532 0.127 0.027 55 5.5
transversetemporal 731 468 1172 2.297 0.401 0.115 0.027 7 0.8
insula 2760 1942 6442 3.071 0.884 0.121 0.031 29 3.6
