StructName NumVert SurfArea GrayVol ThickAvg ThickStd MeanCurv GausCurv FoldInd CurvInd
caudalanteriorcingulate 1255 823 2394 2.728 0.517 0.120 0.023 15 1.3
caudalmiddlefrontal 3632 2424 6686 2.588 0.466 0.115 0.021 32 3.2
cuneus 3145 2084 4129 1.836 0.502 0.134 0.027 35 3.7
entorhinal 645 428 1695 2.621 0.946 0.134 0.062 13 1.4
fusiform 4471 3077 9169 2.626 0.632 0.123 0.026 47 4.7
inferiorparietal 6611 4690 11975 2.333 0.519 0.124 0.024 73 6.4
inferiortemporal 4692 3546 11388 2.739 0.675 0.137 0.032 66 6.6
isthmuscingulate 1507 1049 2535 2.208 0.701 0.129 0.029 22 1.7
lateraloccipital 8329 5562 12542 2.080 0.539 0.133 0.026 98 9.3
lateralorbitofrontal 4355 3284 8329 2.427 0.658 0.155 0.043 69 7.7
lingual 5093 3490 7480 1.976 0.690 0.132 0.029 56 6.2
medialorbitofrontal 2520 1818 4592 2.362 0.704 0.128 0.032 34 3.0
middletemporal 6012 4325 13942 2.777 0.640 0.127 0.026 71 6.8
parahippocampal 925 576 1822 2.655 0.800 0.100 0.024 8 0.8
paracentral 2292 1383 3885 2.514 0.552 0.089 0.018 15 1.7
parsopercularis 2009 1391 4148 2.674 0.476 0.124 0.026 22 2.1
parsorbitalis 892 641 1900 2.516 0.567 0.131 0.024 11 0.9
parstriangularis 2373 1625 4114 2.328 0.508 0.118 0.025 25 2.5
pericalcarine 2420 1684 2284 1.606 0.485 0.136 0.031 25 3.2
postcentral 7332 4700 10125 2.023 0.641 0.113 0.021 64 6.5
posteriorcingulate 1561 1109 2798 2.337 0.538 0.129 0.026 20 1.8
precentral 6980 4299 11678 2.551 0.597 0.109 0.026 59 7.6
precuneus 5504 3819 9428 2.261 0.547 0.120 0.025 58 5.7
rostralanteriorcingulate 1691 1185 3484 2.627 0.786 0.131 0.028 23 2.0
rostralmiddlefrontal 4622 3330 8638 2.394 0.514 0.133 0.027 54 5.3
superiorfrontal 10303 7350 22105 2.641 0.584 0.128 0.028 114 12.0
superiorparietal 6230 4166 9740 2.137 0.449 0.117 0.022 60 5.8
superiortemporal 7710 5254 15608 2.638 0.696 0.111 0.024 70 8.0
supramarginal 4974 3439 9320 2.565 0.532 0.125 0.027 53 5.5
transversetemporal 719 461 1087 2.183 0.425 0.115 0.028 7 0.8
insula 2846 1978 6587 3.113 0.892 0.117 0.030 29 3.7
