StructName NumVert SurfArea GrayVol ThickAvg ThickStd MeanCurv GausCurv FoldInd CurvInd
caudalanteriorcingulate 1241 807 2483 2.840 0.564 0.118 0.020 14 1.1
caudalmiddlefrontal 3569 2401 6439 2.507 0.450 0.113 0.022 33 3.2
cuneus 3174 2058 3999 1.814 0.475 0.130 0.027 34 3.6
entorhinal 566 384 1489 2.709 1.052 0.132 0.039 6 0.8
fusiform 4626 3169 9166 2.557 0.585 0.122 0.026 49 4.9
inferiorparietal 6663 4648 11899 2.322 0.508 0.120 0.023 72 6.4
inferiortemporal 4635 3429 11276 2.715 0.697 0.128 0.028 62 5.3
isthmuscingulate 1483 1001 2478 2.284 0.679 0.128 0.031 19 2.0
lateraloccipital 8236 5593 12023 2.020 0.496 0.134 0.025 98 9.0
lateralorbitofrontal 4428 3312 8575 2.485 0.610 0.154 0.039 76 7.6
lingual 4998 3464 7178 1.931 0.653 0.134 0.029 56 6.2
medialorbitofrontal 2547 1812 4710 2.356 0.711 0.126 0.032 88 2.7
middletemporal 6070 4255 13660 2.755 0.662 0.123 0.023 68 6.1
parahippocampal 981 606 1826 2.569 0.736 0.097 0.021 7 0.7
paracentral 2345 1399 3826 2.456 0.564 0.086 0.018 13 1.6
parsopercularis 2005 1399 4032 2.625 0.429 0.124 0.025 24 2.0
parsorbitalis 916 653 1937 2.518 0.546 0.127 0.025 11 0.9
parstriangularis 2367 1623 4025 2.280 0.504 0.120 0.026 25 2.6
pericalcarine 2457 1685 2248 1.551 0.426 0.131 0.030 25 3.1
postcentral 7329 4684 10317 2.050 0.599 0.113 0.022 66 6.7
posteriorcingulate 1562 1105 2947 2.477 0.560 0.131 0.026 22 1.6
precentral 6953 4295 11674 2.550 0.590 0.107 0.025 60 6.9
precuneus 5570 3827 9448 2.251 0.554 0.117 0.025 56 5.3
rostralanteriorcingulate 1624 1168 3458 2.705 0.774 0.134 0.028 23 2.2
rostralmiddlefrontal 4745 3389 8740 2.358 0.464 0.131 0.026 56 5.2
superiorfrontal 10242 7216 21825 2.659 0.581 0.124 0.026 110 11.1
superiorparietal 6096 4103 9441 2.108 0.457 0.118 0.023 68 6.1
superiortemporal 7380 5040 15331 2.668 0.697 0.109 0.023 73 7.0
supramarginal 5008 3471 9217 2.511 0.521 0.125 0.025 53 5.3
transversetemporal 778 483 1140 2.133 0.401 0.108 0.026 6 0.8
insula 2818 1943 6465 3.114 0.842 0.115 0.029 26 3.4
