StructName NumVert SurfArea GrayVol ThickAvg ThickStd MeanCurv GausCurv FoldInd CurvInd
caudalanteriorcingulate 1259 811 2453 2.615 0.724 0.127 0.031 16 1.5
caudalmiddlefrontal 3580 2444 7145 2.519 0.540 0.121 0.031 36 4.5
cuneus 3007 1997 4133 1.944 0.447 0.131 0.033 39 3.8
entorhinal 530 378 1341 2.534 0.759 0.135 0.048 6 0.9
fusiform 4377 3172 9211 2.484 0.616 0.131 0.032 51 5.4
inferiorparietal 6752 4542 12736 2.370 0.611 0.117 0.025 79 6.5
inferiortemporal 4792 3556 12220 2.647 0.755 0.135 0.037 69 6.9
isthmuscingulate 1497 1018 2573 2.221 0.744 0.126 0.032 19 1.8
lateraloccipital 8354 5416 13250 2.139 0.592 0.127 0.028 104 9.2
lateralorbitofrontal 4125 3079 8497 2.435 0.701 0.150 0.042 72 6.9
lingual 4934 3508 8037 2.101 0.687 0.133 0.031 60 6.1
medialorbitofrontal 2897 1969 5318 2.325 0.809 0.133 0.049 85 5.7
middletemporal 6436 4511 14531 2.679 0.732 0.128 0.033 82 8.3
parahippocampal 919 606 1906 2.539 0.849 0.109 0.033 11 0.9
paracentral 2645 1652 4134 2.319 0.604 0.116 0.038 28 4.0
parsopercularis 1962 1460 4264 2.602 0.445 0.128 0.032 24 2.2
parsorbitalis 1000 689 2038 2.476 0.704 0.128 0.029 12 1.1
parstriangularis 2285 1592 4345 2.394 0.550 0.123 0.028 28 2.6
pericalcarine 2400 1680 2827 1.880 0.493 0.126 0.031 25 3.1
postcentral 7440 4853 11908 2.174 0.597 0.118 0.032 76 8.5
posteriorcingulate 1774 1225 2981 2.258 0.522 0.129 0.030 26 2.0
precentral 6925 4455 12708 2.579 0.601 0.116 0.032 70 8.2
precuneus 5504 3877 9933 2.274 0.578 0.121 0.030 65 6.4
rostralanteriorcingulate 1651 1159 3594 2.654 0.777 0.126 0.028 21 1.9
rostralmiddlefrontal 4640 3355 9373 2.360 0.653 0.133 0.031 60 6.0
superiorfrontal 10572 7511 23511 2.646 0.642 0.129 0.034 122 14.2
superiorparietal 6238 4158 10759 2.193 0.558 0.116 0.026 68 6.3
superiortemporal 7498 5172 15423 2.614 0.673 0.118 0.031 81 9.7
supramarginal 5293 3736 10454 2.487 0.603 0.129 0.030 61 6.4
transversetemporal 665 465 1264 2.413 0.359 0.125 0.042 8 0.9
insula 2628 1901 6412 3.131 0.859 0.136 0.041 33 4.8
