StructName NumVert SurfArea GrayVol ThickAvg ThickStd MeanCurv GausCurv FoldInd CurvInd
caudalanteriorcingulate 1286 834 2521 2.769 0.547 0.114 0.019 14 1.0
caudalmiddlefrontal 3529 2375 6459 2.508 0.454 0.115 0.023 32 3.3
cuneus 3148 2068 4348 1.934 0.629 0.132 0.027 34 3.6
entorhinal 580 382 1652 3.034 1.019 0.107 0.026 5 0.5
fusiform 4633 3192 9342 2.595 0.579 0.123 0.025 50 4.8
inferiorparietal 6544 4631 11896 2.335 0.515 0.124 0.024 73 6.6
inferiortemporal 4766 3562 11230 2.684 0.642 0.133 0.028 68 5.4
isthmuscingulate 1486 1020 2447 2.245 0.685 0.130 0.028 20 1.6
lateraloccipital 8366 5625 12533 2.071 0.518 0.134 0.026 100 9.3
lateralorbitofrontal 4420 3368 8560 2.467 0.597 0.158 0.041 75 8.3
lingual 4943 3461 7286 1.956 0.673 0.134 0.028 55 5.9
medialorbitofrontal 2635 1847 4785 2.362 0.725 0.127 0.036 47 3.7
middletemporal 6027 4267 13881 2.777 0.636 0.124 0.023 66 6.2
parahippocampal 955 586 1841 2.633 0.758 0.092 0.022 6 0.8
paracentral 2308 1400 3885 2.498 0.545 0.087 0.017 12 1.6
parsopercularis 2053 1445 4131 2.617 0.436 0.130 0.026 25 2.2
parsorbitalis 939 676 1960 2.502 0.536 0.134 0.026 13 1.1
parstriangularis 2226 1543 3885 2.292 0.495 0.119 0.025 25 2.3
pericalcarine 2490 1718 2353 1.605 0.461 0.133 0.029 25 3.1
postcentral 7380 4712 10288 2.041 0.615 0.113 0.021 67 6.4
posteriorcingulate 1655 1164 2965 2.362 0.563 0.133 0.025 26 1.7
precentral 6985 4345 11665 2.529 0.588 0.108 0.025 57 6.9
precuneus 5470 3844 9466 2.255 0.547 0.120 0.026 58 5.9
rostralanteriorcingulate 1666 1179 3467 2.720 0.740 0.137 0.032 27 2.2
rostralmiddlefrontal 4712 3380 8785 2.366 0.475 0.130 0.026 55 5.0
superiorfrontal 10228 7305 21901 2.642 0.568 0.128 0.027 116 11.4
superiorparietal 6160 4155 9606 2.108 0.461 0.117 0.022 65 5.7
superiortemporal 7532 5070 15730 2.716 0.738 0.107 0.022 70 7.0
supramarginal 5016 3495 9253 2.499 0.522 0.127 0.025 54 5.3
transversetemporal 740 466 1134 2.197 0.417 0.113 0.025 6 0.8
insula 2837 1946 6496 3.131 0.879 0.113 0.028 26 3.2
