StructName NumVert SurfArea GrayVol ThickAvg ThickStd MeanCurv GausCurv FoldInd CurvInd
caudalanteriorcingulate 1230 799 2423 2.791 0.581 0.116 0.023 14 1.2
caudalmiddlefrontal 3640 2418 6668 2.587 0.411 0.111 0.021 30 3.2
cuneus 3128 2059 4226 1.906 0.535 0.132 0.028 34 3.7
entorhinal 578 383 1528 2.873 0.919 0.108 0.030 5 0.7
fusiform 4530 3139 9180 2.606 0.626 0.126 0.027 49 5.1
inferiorparietal 6725 4679 11963 2.358 0.497 0.121 0.023 72 6.5
inferiortemporal 4801 3545 11502 2.697 0.660 0.129 0.027 60 5.6
isthmuscingulate 1469 1010 2511 2.294 0.722 0.130 0.031 20 1.8
lateraloccipital 8376 5599 12919 2.121 0.523 0.133 0.026 99 9.4
lateralorbitofrontal 4361 3200 8511 2.539 0.653 0.149 0.039 64 7.1
lingual 5131 3525 7626 1.980 0.663 0.135 0.031 60 6.6
medialorbitofrontal 2632 1848 4852 2.379 0.701 0.130 0.034 40 3.4
middletemporal 6118 4286 14063 2.772 0.652 0.123 0.024 68 6.3
parahippocampal 930 582 1817 2.663 0.700 0.098 0.020 6 0.7
paracentral 2417 1438 4048 2.502 0.582 0.087 0.018 14 1.6
parsopercularis 2018 1412 4140 2.652 0.424 0.124 0.026 23 2.1
parsorbitalis 969 672 2061 2.626 0.575 0.125 0.025 12 1.0
parstriangularis 2290 1589 4058 2.346 0.471 0.119 0.025 26 2.3
pericalcarine 2496 1695 2332 1.619 0.465 0.133 0.030 26 3.2
postcentral 7241 4633 10253 2.072 0.634 0.113 0.022 66 6.5
posteriorcingulate 1606 1133 2967 2.446 0.532 0.133 0.027 20 1.9
precentral 7006 4354 11721 2.525 0.626 0.111 0.031 199 8.9
precuneus 5521 3868 9727 2.295 0.539 0.118 0.025 55 5.3
rostralanteriorcingulate 1676 1189 3626 2.711 0.778 0.128 0.028 22 2.0
rostralmiddlefrontal 4755 3401 8902 2.409 0.457 0.131 0.027 57 5.2
superiorfrontal 10341 7358 22280 2.673 0.561 0.127 0.027 116 11.7
superiorparietal 6250 4197 9873 2.157 0.442 0.119 0.025 81 6.5
superiortemporal 7808 5237 15918 2.658 0.680 0.110 0.024 71 8.2
supramarginal 5028 3497 9487 2.560 0.500 0.127 0.026 55 5.5
transversetemporal 738 477 1134 2.167 0.432 0.116 0.026 6 0.8
insula 2822 1971 6416 3.051 0.892 0.126 0.041 123 5.7
