StructName NumVert SurfArea GrayVol ThickAvg ThickStd MeanCurv GausCurv FoldInd CurvInd
caudalanteriorcingulate 1245 796 2401 2.694 0.618 0.111 0.020 15 1.1
caudalmiddlefrontal 3562 2441 6223 2.367 0.412 0.116 0.021 35 3.1
cuneus 3158 2026 3787 1.815 0.448 0.130 0.028 36 3.6
entorhinal 563 354 1523 3.144 0.929 0.096 0.025 3 0.5
fusiform 4690 3224 9496 2.673 0.557 0.123 0.025 52 4.9
inferiorparietal 6384 4470 10962 2.263 0.466 0.120 0.023 75 6.0
inferiortemporal 4449 3397 11036 2.766 0.643 0.130 0.028 66 5.2
isthmuscingulate 1469 980 2400 2.290 0.686 0.123 0.030 20 1.7
lateraloccipital 8079 5338 12236 2.134 0.503 0.128 0.025 96 8.5
lateralorbitofrontal 4072 2991 7701 2.409 0.647 0.143 0.032 62 5.4
lingual 5047 3412 7156 1.974 0.679 0.127 0.028 54 6.0
medialorbitofrontal 2603 1783 4566 2.258 0.686 0.119 0.031 34 3.2
middletemporal 5893 4277 13115 2.707 0.577 0.126 0.025 71 6.6
parahippocampal 921 565 1785 2.759 0.699 0.096 0.018 7 0.5
paracentral 2389 1412 3652 2.338 0.550 0.084 0.015 13 1.4
parsopercularis 2010 1446 4091 2.589 0.383 0.126 0.026 25 2.1
parsorbitalis 980 694 2001 2.569 0.571 0.129 0.025 12 1.0
parstriangularis 2174 1494 3822 2.330 0.459 0.114 0.024 26 2.1
pericalcarine 2350 1666 2343 1.607 0.434 0.137 0.035 25 3.4
postcentral 6783 4454 9747 2.037 0.569 0.113 0.023 63 6.2
posteriorcingulate 1590 1112 2884 2.399 0.536 0.133 0.026 29 1.9
precentral 6600 4237 11171 2.479 0.550 0.111 0.024 58 6.4
precuneus 5593 3845 9315 2.248 0.531 0.115 0.023 54 5.0
rostralanteriorcingulate 1546 1073 3258 2.570 0.831 0.123 0.027 21 1.7
rostralmiddlefrontal 4514 3203 7998 2.239 0.487 0.128 0.028 60 4.9
superiorfrontal 9761 6966 19978 2.502 0.592 0.124 0.026 109 11.0
superiorparietal 6025 4087 9354 2.115 0.406 0.119 0.023 67 5.7
superiortemporal 7318 4972 15326 2.697 0.684 0.104 0.020 67 6.0
supramarginal 5020 3590 9257 2.475 0.486 0.128 0.026 58 5.7
transversetemporal 735 439 1213 2.363 0.366 0.104 0.025 7 0.7
insula 2748 1893 6409 3.116 0.872 0.114 0.028 27 3.3
