StructName NumVert SurfArea GrayVol ThickAvg ThickStd MeanCurv GausCurv FoldInd CurvInd
caudalanteriorcingulate 1212 796 2382 2.669 0.631 0.115 0.022 14 1.1
caudalmiddlefrontal 3576 2378 6506 2.505 0.470 0.113 0.022 32 3.3
cuneus 3109 2064 4178 1.862 0.545 0.135 0.026 35 3.5
entorhinal 678 439 1685 2.713 0.949 0.127 0.052 10 1.2
fusiform 4810 3257 9452 2.601 0.602 0.125 0.027 51 5.2
inferiorparietal 6611 4554 11951 2.394 0.515 0.120 0.023 70 6.3
inferiortemporal 4883 3567 11410 2.752 0.660 0.129 0.027 64 5.8
isthmuscingulate 1491 1010 2422 2.224 0.693 0.130 0.029 20 1.8
lateraloccipital 8509 5582 12579 2.117 0.587 0.130 0.025 95 9.1
lateralorbitofrontal 4306 3132 8372 2.480 0.628 0.146 0.035 65 6.5
lingual 5118 3528 7482 1.942 0.693 0.133 0.030 57 6.5
medialorbitofrontal 2576 1797 4622 2.379 0.696 0.125 0.032 38 3.5
middletemporal 6119 4255 13896 2.800 0.672 0.123 0.024 67 6.3
parahippocampal 940 576 1780 2.562 0.744 0.097 0.021 7 0.7
paracentral 2332 1410 3901 2.481 0.587 0.091 0.051 23 1.7
parsopercularis 2014 1405 4065 2.629 0.468 0.127 0.026 23 2.1
parsorbitalis 964 667 1995 2.518 0.542 0.131 0.026 12 1.1
parstriangularis 2257 1577 3930 2.287 0.495 0.119 0.025 24 2.3
pericalcarine 2389 1695 2254 1.579 0.495 0.140 0.032 26 3.3
postcentral 7169 4628 10063 2.045 0.618 0.114 0.022 66 6.4
posteriorcingulate 1624 1151 2912 2.396 0.536 0.130 0.027 21 1.8
precentral 6709 4235 11601 2.551 0.597 0.111 0.027 56 7.6
precuneus 5631 3883 9465 2.249 0.544 0.119 0.029 65 6.0
rostralanteriorcingulate 1630 1142 3411 2.700 0.800 0.125 0.026 20 1.9
rostralmiddlefrontal 4563 3250 8255 2.300 0.491 0.131 0.027 55 5.0
superiorfrontal 10326 7221 21659 2.633 0.581 0.124 0.028 111 11.9
superiorparietal 6270 4122 9808 2.168 0.479 0.115 0.024 61 6.1
superiortemporal 7601 5088 15664 2.730 0.737 0.107 0.023 69 7.3
supramarginal 5088 3553 9540 2.530 0.517 0.127 0.026 57 5.8
transversetemporal 788 489 1132 2.145 0.415 0.108 0.025 7 0.8
insula 2817 1941 6451 3.068 0.883 0.112 0.028 26 3.1
