StructName NumVert SurfArea GrayVol ThickAvg ThickStd MeanCurv GausCurv FoldInd CurvInd
caudalanteriorcingulate 1270 824 2524 2.781 0.564 0.116 0.020 13 1.1
caudalmiddlefrontal 3618 2412 6645 2.578 0.440 0.113 0.021 31 3.2
cuneus 3174 2080 3943 1.801 0.440 0.131 0.028 34 3.7
entorhinal 631 446 1703 2.726 0.904 0.126 0.037 7 0.9
fusiform 4671 3211 9257 2.567 0.592 0.126 0.028 50 5.4
inferiorparietal 6481 4572 11648 2.317 0.515 0.123 0.025 73 6.6
inferiortemporal 4843 3611 10921 2.595 0.618 0.136 0.032 69 6.5
isthmuscingulate 1512 1028 2504 2.256 0.683 0.128 0.031 19 2.0
lateraloccipital 8226 5553 12293 2.055 0.511 0.134 0.026 97 9.4
lateralorbitofrontal 4338 3244 8402 2.472 0.631 0.154 0.042 73 7.5
lingual 5022 3504 7434 1.956 0.685 0.134 0.029 55 6.0
medialorbitofrontal 2657 1864 4841 2.353 0.707 0.123 0.031 39 3.2
middletemporal 5867 4167 13646 2.770 0.672 0.125 0.025 67 6.5
parahippocampal 964 593 1808 2.551 0.764 0.098 0.021 10 0.7
paracentral 2364 1413 3884 2.472 0.577 0.086 0.016 13 1.5
parsopercularis 2015 1444 4137 2.595 0.445 0.129 0.026 24 2.1
parsorbitalis 937 659 1943 2.500 0.589 0.127 0.025 12 0.9
parstriangularis 2282 1578 3923 2.277 0.501 0.118 0.025 24 2.4
pericalcarine 2472 1737 2337 1.574 0.438 0.137 0.030 26 3.2
postcentral 7233 4625 10345 2.076 0.632 0.114 0.022 66 6.6
posteriorcingulate 1627 1144 2948 2.418 0.572 0.131 0.025 22 1.7
precentral 6879 4288 11834 2.558 0.582 0.109 0.026 59 7.2
precuneus 5599 3864 9639 2.279 0.566 0.119 0.025 60 6.0
rostralanteriorcingulate 1632 1177 3424 2.639 0.797 0.134 0.030 24 2.2
rostralmiddlefrontal 4802 3418 8868 2.357 0.488 0.131 0.027 56 5.4
superiorfrontal 10359 7297 22127 2.665 0.573 0.126 0.028 112 11.9
superiorparietal 6084 4127 9740 2.141 0.472 0.118 0.025 61 6.0
superiortemporal 7558 5074 15710 2.689 0.688 0.107 0.024 67 7.3
supramarginal 5002 3524 9333 2.481 0.536 0.127 0.027 55 5.7
transversetemporal 742 466 1184 2.279 0.415 0.113 0.026 7 0.8
insula 2845 1967 6504 3.074 0.888 0.114 0.026 26 3.0
