StructName NumVert SurfArea GrayVol ThickAvg ThickStd MeanCurv GausCurv FoldInd CurvInd
caudalanteriorcingulate 2197 1423 3975 2.614 0.473 0.107 0.020 19 1.8
caudalmiddlefrontal 4914 3166 8437 2.473 0.463 0.103 0.018 36 3.6
cuneus 4198 2711 4923 1.772 0.485 0.131 0.031 49 5.2
entorhinal 818 543 2380 3.313 0.718 0.086 0.017 3 0.5
fusiform 4777 3235 9489 2.621 0.492 0.119 0.023 74 4.4
inferiorparietal 7293 5030 12728 2.341 0.420 0.123 0.023 85 6.6
inferiortemporal 5804 4031 12775 2.682 0.589 0.115 0.022 65 5.3
isthmuscingulate 1886 1234 3056 2.322 0.711 0.115 0.023 18 1.8
lateraloccipital 9071 5832 13119 2.062 0.492 0.128 0.027 102 10.3
lateralorbitofrontal 5404 3870 9522 2.396 0.640 0.134 0.032 70 7.2
lingual 5523 3740 7759 1.958 0.557 0.130 0.030 60 7.1
medialorbitofrontal 2569 1920 4833 2.309 0.648 0.135 0.036 45 3.8
middletemporal 6795 4690 13737 2.599 0.564 0.112 0.021 68 6.1
parahippocampal 1217 777 2422 2.676 0.714 0.087 0.017 7 0.8
paracentral 3381 1971 5480 2.510 0.559 0.096 0.021 22 2.8
parsopercularis 2689 1757 5026 2.630 0.383 0.107 0.018 21 1.9
parsorbitalis 1123 782 2057 2.410 0.451 0.118 0.018 11 0.9
parstriangularis 3227 2103 5800 2.492 0.422 0.106 0.018 27 2.6
pericalcarine 2242 1527 1925 1.493 0.425 0.138 0.029 25 2.9
postcentral 9176 5776 13397 2.130 0.563 0.105 0.020 75 7.4
posteriorcingulate 2181 1498 3680 2.359 0.605 0.127 0.028 28 2.6
precentral 9433 5597 15533 2.594 0.492 0.095 0.019 65 7.1
precuneus 7350 4878 12294 2.319 0.440 0.116 0.022 73 6.8
rostralanteriorcingulate 1932 1401 3812 2.535 0.521 0.131 0.028 29 2.2
rostralmiddlefrontal 7161 4873 12237 2.321 0.421 0.120 0.022 77 6.5
superiorfrontal 14014 9384 27204 2.573 0.500 0.115 0.022 131 12.9
superiorparietal 7367 4811 11009 2.122 0.428 0.116 0.020 74 6.1
superiortemporal 9423 6289 18327 2.636 0.580 0.099 0.017 74 6.8
supramarginal 5918 3951 10116 2.418 0.418 0.112 0.020 54 5.2
transversetemporal 915 585 1527 2.279 0.372 0.124 0.025 10 1.0
insula 3128 2070 6307 2.986 0.711 0.106 0.024 28 2.8
