StructName NumVert SurfArea GrayVol ThickAvg ThickStd MeanCurv GausCurv FoldInd CurvInd
caudalanteriorcingulate 2086 1340 3801 2.706 0.500 0.104 0.017 18 1.4
caudalmiddlefrontal 4973 3181 8569 2.508 0.461 0.102 0.018 35 3.6
cuneus 3830 2660 4742 1.749 0.426 0.141 0.028 47 4.5
entorhinal 851 567 2776 3.447 0.816 0.091 0.018 4 0.6
fusiform 4821 3187 9899 2.657 0.598 0.113 0.021 44 4.1
inferiorparietal 6514 4645 11037 2.208 0.439 0.128 0.023 75 6.3
inferiortemporal 5705 3952 13234 2.792 0.643 0.114 0.022 62 5.2
isthmuscingulate 1808 1195 3166 2.411 0.740 0.112 0.022 17 1.5
lateraloccipital 8444 5904 13204 2.049 0.439 0.136 0.027 100 9.7
lateralorbitofrontal 5333 3661 9973 2.592 0.694 0.123 0.027 61 6.1
lingual 5198 3620 7811 1.996 0.557 0.133 0.029 58 6.3
medialorbitofrontal 2832 1956 5047 2.336 0.694 0.124 0.031 40 3.3
middletemporal 6985 4774 14870 2.685 0.694 0.108 0.019 61 5.6
parahippocampal 1232 782 2637 2.872 0.855 0.081 0.014 6 0.7
paracentral 3224 1953 5571 2.537 0.582 0.099 0.019 21 2.4
parsopercularis 2746 1782 5251 2.698 0.417 0.104 0.018 21 1.9
parsorbitalis 1163 791 2208 2.495 0.546 0.112 0.018 10 0.8
parstriangularis 3183 2109 6038 2.556 0.459 0.108 0.018 28 2.6
pericalcarine 2211 1524 2015 1.559 0.349 0.130 0.026 22 2.4
postcentral 9269 5923 13549 2.085 0.614 0.107 0.020 74 7.6
posteriorcingulate 2048 1454 3666 2.427 0.614 0.128 0.027 25 2.3
precentral 9188 5468 15684 2.633 0.559 0.097 0.018 62 7.0
precuneus 6903 4652 11370 2.216 0.522 0.115 0.021 62 6.5
rostralanteriorcingulate 1908 1365 3996 2.667 0.531 0.125 0.025 24 1.9
rostralmiddlefrontal 7028 4809 12528 2.399 0.417 0.122 0.022 72 6.5
superiorfrontal 13821 9239 27362 2.650 0.500 0.113 0.020 118 11.7
superiorparietal 7357 4941 11225 2.086 0.460 0.118 0.021 74 6.3
superiortemporal 9283 6293 18707 2.667 0.611 0.101 0.017 69 6.9
supramarginal 6161 4185 10760 2.388 0.455 0.112 0.020 54 5.0
transversetemporal 895 583 1465 2.221 0.374 0.123 0.027 9 1.0
insula 3150 2086 6570 3.085 0.709 0.102 0.023 30 3.2
