StructName NumVert SurfArea GrayVol ThickAvg ThickStd MeanCurv GausCurv FoldInd CurvInd
caudalanteriorcingulate 2210 1403 3929 2.670 0.504 0.102 0.016 17 1.4
caudalmiddlefrontal 4833 3152 8250 2.452 0.430 0.104 0.020 34 3.7
cuneus 3893 2702 4717 1.718 0.430 0.143 0.029 49 4.8
entorhinal 836 589 2656 3.219 0.868 0.100 0.023 5 0.7
fusiform 4879 3269 9936 2.625 0.579 0.115 0.023 47 4.4
inferiorparietal 6803 4845 11314 2.167 0.438 0.128 0.023 80 6.4
inferiortemporal 5799 4039 13381 2.792 0.637 0.115 0.021 63 5.1
isthmuscingulate 1861 1215 3118 2.332 0.707 0.110 0.022 17 1.7
lateraloccipital 8581 5881 12838 1.990 0.463 0.134 0.027 98 9.7
lateralorbitofrontal 5253 3631 9659 2.546 0.651 0.123 0.026 55 5.9
lingual 5225 3619 7828 1.975 0.594 0.132 0.028 58 6.1
medialorbitofrontal 2713 1944 4956 2.332 0.678 0.131 0.033 45 3.6
middletemporal 6882 4710 14699 2.717 0.683 0.110 0.019 62 5.5
parahippocampal 1269 785 2730 2.971 0.895 0.082 0.016 7 0.7
paracentral 3247 1936 5492 2.490 0.599 0.096 0.018 20 2.4
parsopercularis 2746 1791 5239 2.691 0.458 0.106 0.017 21 1.9
parsorbitalis 1212 808 2209 2.424 0.563 0.111 0.017 11 0.9
parstriangularis 3144 2077 5841 2.522 0.442 0.108 0.018 28 2.6
pericalcarine 2203 1520 1996 1.536 0.394 0.129 0.026 22 2.4
postcentral 9241 5943 13154 2.037 0.604 0.108 0.019 75 7.5
posteriorcingulate 2110 1460 3649 2.358 0.584 0.121 0.024 22 2.0
precentral 9066 5449 15357 2.604 0.524 0.097 0.018 60 6.9
precuneus 6913 4640 11142 2.197 0.511 0.114 0.020 62 6.2
rostralanteriorcingulate 1971 1393 3935 2.604 0.579 0.125 0.024 23 2.1
rostralmiddlefrontal 7016 4844 12352 2.354 0.430 0.122 0.022 74 6.3
superiorfrontal 13736 9179 26537 2.603 0.497 0.113 0.021 119 11.9
superiorparietal 7188 4880 10258 1.983 0.386 0.120 0.021 79 6.2
superiortemporal 9198 6230 18344 2.656 0.614 0.099 0.017 68 6.8
supramarginal 6134 4140 10546 2.391 0.450 0.111 0.020 53 5.1
transversetemporal 846 578 1443 2.236 0.389 0.130 0.026 9 1.0
insula 3120 2047 6523 3.093 0.758 0.102 0.021 24 2.4
