StructName NumVert SurfArea GrayVol ThickAvg ThickStd MeanCurv GausCurv FoldInd CurvInd
caudalanteriorcingulate 2146 1373 3707 2.610 0.473 0.103 0.013 18 1.3
caudalmiddlefrontal 4711 3073 7401 2.279 0.430 0.104 0.019 34 3.5
cuneus 4012 2627 4444 1.699 0.428 0.132 0.026 44 4.6
entorhinal 858 562 2741 3.441 0.741 0.083 0.016 4 0.5
fusiform 4887 3233 9421 2.627 0.501 0.113 0.018 47 3.8
inferiorparietal 6550 4600 10822 2.240 0.409 0.124 0.022 76 6.0
inferiortemporal 5606 3987 12541 2.679 0.601 0.115 0.021 61 5.1
isthmuscingulate 1819 1199 2975 2.347 0.720 0.111 0.021 17 1.6
lateraloccipital 8771 5809 12459 2.009 0.482 0.130 0.026 99 9.6
lateralorbitofrontal 5133 3561 8804 2.392 0.661 0.120 0.024 56 5.1
lingual 5383 3702 7342 1.858 0.583 0.130 0.029 57 6.8
medialorbitofrontal 2648 1866 4529 2.235 0.682 0.124 0.028 40 2.8
middletemporal 6542 4593 13187 2.584 0.540 0.112 0.019 64 5.4
parahippocampal 1216 758 2518 2.900 0.747 0.078 0.013 5 0.6
paracentral 3289 1875 5065 2.436 0.598 0.097 0.017 22 2.3
parsopercularis 2597 1715 4857 2.642 0.416 0.104 0.017 19 1.7
parsorbitalis 1117 771 1903 2.329 0.420 0.109 0.017 9 0.8
parstriangularis 3003 2006 5343 2.434 0.438 0.111 0.018 28 2.6
pericalcarine 2231 1482 1686 1.329 0.361 0.130 0.027 23 2.6
postcentral 8776 5722 12275 1.992 0.575 0.108 0.019 72 7.0
posteriorcingulate 2019 1411 3526 2.417 0.631 0.122 0.022 27 1.8
precentral 8617 5275 14260 2.525 0.525 0.096 0.016 59 5.9
precuneus 7161 4804 11318 2.223 0.499 0.115 0.020 65 6.5
rostralanteriorcingulate 1837 1314 3623 2.514 0.562 0.125 0.021 25 1.6
rostralmiddlefrontal 6859 4826 11054 2.144 0.423 0.124 0.022 78 6.5
superiorfrontal 13202 8956 23859 2.415 0.513 0.115 0.020 120 11.4
superiorparietal 6879 4660 9905 2.003 0.401 0.118 0.019 69 5.6
superiortemporal 8930 5987 17322 2.615 0.605 0.096 0.016 66 5.7
supramarginal 6159 4194 10650 2.393 0.440 0.112 0.019 56 5.0
transversetemporal 819 537 1458 2.350 0.413 0.116 0.020 8 0.7
insula 3031 2012 6327 3.095 0.723 0.097 0.019 22 2.1
