StructName NumVert SurfArea GrayVol ThickAvg ThickStd MeanCurv GausCurv FoldInd CurvInd
caudalanteriorcingulate 2162 1397 3669 2.483 0.555 0.105 0.017 18 1.5
caudalmiddlefrontal 4890 3205 7942 2.323 0.425 0.106 0.020 35 3.9
cuneus 3905 2691 4698 1.738 0.443 0.140 0.028 47 4.7
entorhinal 815 557 2561 3.128 0.870 0.099 0.024 4 0.7
fusiform 4824 3226 9775 2.627 0.582 0.114 0.022 44 4.2
inferiorparietal 6568 4647 11109 2.258 0.433 0.127 0.022 75 6.2
inferiortemporal 5588 3938 13225 2.783 0.639 0.117 0.023 64 5.2
isthmuscingulate 1835 1220 3097 2.336 0.683 0.115 0.023 19 1.6
lateraloccipital 9139 6094 13598 2.050 0.487 0.131 0.027 102 10.2
lateralorbitofrontal 5008 3499 8997 2.431 0.696 0.122 0.026 54 5.5
lingual 5293 3691 7945 1.994 0.602 0.133 0.030 57 6.5
medialorbitofrontal 2677 1845 4634 2.272 0.680 0.118 0.027 38 2.9
middletemporal 6998 4753 14668 2.684 0.686 0.109 0.019 64 5.6
parahippocampal 1264 804 2604 2.756 0.774 0.088 0.016 7 0.8
paracentral 3192 1915 5346 2.463 0.594 0.096 0.019 19 2.5
parsopercularis 2746 1812 5112 2.588 0.452 0.107 0.018 21 2.0
parsorbitalis 1232 846 2237 2.310 0.575 0.119 0.019 12 1.0
parstriangularis 3130 2041 5587 2.436 0.479 0.107 0.018 27 2.6
pericalcarine 2197 1471 1844 1.483 0.395 0.131 0.026 22 2.5
postcentral 9091 5813 12673 2.013 0.616 0.108 0.020 72 7.6
posteriorcingulate 2098 1463 3645 2.398 0.589 0.121 0.025 24 2.1
precentral 9019 5437 14831 2.510 0.543 0.097 0.017 59 6.6
precuneus 6903 4651 11343 2.229 0.532 0.115 0.020 63 6.2
rostralanteriorcingulate 1902 1365 3756 2.536 0.557 0.127 0.024 26 1.9
rostralmiddlefrontal 6960 4812 11522 2.185 0.471 0.124 0.023 74 6.7
superiorfrontal 13465 9086 25372 2.489 0.529 0.114 0.021 119 11.7
superiorparietal 7556 5038 11296 2.060 0.489 0.119 0.022 78 6.7
superiortemporal 9263 6196 18408 2.656 0.628 0.098 0.017 70 6.5
supramarginal 6336 4268 10877 2.386 0.443 0.112 0.020 57 5.2
transversetemporal 911 614 1510 2.220 0.385 0.125 0.024 10 0.9
insula 3164 2084 6494 3.075 0.732 0.104 0.024 24 3.0
