StructName NumVert SurfArea GrayVol ThickAvg ThickStd MeanCurv GausCurv FoldInd CurvInd
caudalanteriorcingulate 2262 1460 4276 2.632 0.598 0.107 0.025 20 2.1
caudalmiddlefrontal 5032 3259 9989 2.636 0.630 0.105 0.023 38 4.4
cuneus 3799 2689 5671 1.994 0.521 0.141 0.035 55 5.4
entorhinal 779 555 2747 3.383 0.836 0.113 0.030 5 0.9
fusiform 4875 3282 10803 2.729 0.610 0.116 0.025 48 5.0
inferiorparietal 6299 4278 11694 2.390 0.565 0.125 0.031 88 8.5
inferiortemporal 5997 4226 15640 2.921 0.787 0.119 0.028 69 6.9
isthmuscingulate 1882 1226 3298 2.406 0.758 0.112 0.025 17 1.8
lateraloccipital 9144 6072 15662 2.213 0.577 0.127 0.030 116 10.6
lateralorbitofrontal 5701 3973 10402 2.451 0.668 0.132 0.034 78 8.1
lingual 5537 3920 8956 2.083 0.628 0.135 0.033 65 7.3
medialorbitofrontal 3108 2214 6020 2.405 0.718 0.129 0.039 44 4.3
middletemporal 7150 4844 16809 2.803 0.762 0.112 0.024 134 6.8
parahippocampal 1251 813 2904 2.929 0.888 0.091 0.018 7 0.9
paracentral 3827 2440 5766 2.311 0.611 0.138 0.045 47 7.6
parsopercularis 2870 1914 5872 2.700 0.552 0.112 0.027 28 2.7
parsorbitalis 1245 841 2684 2.639 0.637 0.114 0.021 12 1.1
parstriangularis 3263 2178 7015 2.703 0.550 0.110 0.023 36 3.0
pericalcarine 2038 1444 2415 1.920 0.465 0.133 0.032 20 2.7
postcentral 10566 6882 16689 2.224 0.590 0.119 0.032 110 13.2
posteriorcingulate 2196 1537 3979 2.368 0.688 0.127 0.032 30 2.7
precentral 9904 6401 17222 2.541 0.574 0.121 0.033 98 13.7
precuneus 7331 4938 13124 2.355 0.492 0.115 0.023 72 7.0
rostralanteriorcingulate 2086 1470 4080 2.556 0.590 0.125 0.031 27 2.4
rostralmiddlefrontal 7636 5131 15655 2.533 0.636 0.120 0.026 85 7.8
superiorfrontal 14397 9598 31596 2.770 0.606 0.115 0.027 142 14.7
superiorparietal 7513 4909 13510 2.356 0.578 0.117 0.025 83 7.2
superiortemporal 9929 6682 21081 2.689 0.695 0.108 0.025 92 9.9
supramarginal 7190 4805 14463 2.587 0.553 0.112 0.025 71 7.0
transversetemporal 901 605 1754 2.505 0.396 0.127 0.038 11 1.2
insula 3084 2116 6813 3.061 0.769 0.115 0.029 29 3.7
