StructName NumVert SurfArea GrayVol ThickAvg ThickStd MeanCurv GausCurv FoldInd CurvInd
caudalanteriorcingulate 1987 1329 3445 2.529 0.594 0.108 0.019 21 1.6
caudalmiddlefrontal 4342 2847 8819 2.639 0.585 0.104 0.020 31 3.6
cuneus 3630 2514 4733 1.835 0.506 0.145 0.032 46 4.8
entorhinal 589 392 1879 2.796 0.989 0.124 0.035 7 0.8
fusiform 4931 3407 8959 2.432 0.577 0.121 0.022 53 4.6
inferiorparietal 8569 5960 15317 2.324 0.476 0.123 0.023 98 8.2
inferiortemporal 5102 3526 11483 2.746 0.689 0.121 0.026 56 5.4
isthmuscingulate 1632 1129 2826 2.309 0.728 0.126 0.027 19 1.8
lateraloccipital 8515 5571 12630 2.085 0.528 0.129 0.027 93 9.5
lateralorbitofrontal 4566 3288 8686 2.359 0.608 0.134 0.032 58 5.9
lingual 5209 3548 7379 1.926 0.613 0.134 0.028 58 6.3
medialorbitofrontal 2368 1653 4690 2.479 0.641 0.126 0.029 31 2.6
middletemporal 7025 4791 15831 2.789 0.612 0.111 0.020 66 5.9
parahippocampal 1137 715 2102 2.350 0.762 0.085 0.021 10 0.8
paracentral 2881 1815 4711 2.412 0.546 0.105 0.019 22 2.3
parsopercularis 2189 1459 4730 2.750 0.571 0.102 0.018 17 1.6
parsorbitalis 1165 780 2363 2.599 0.671 0.117 0.020 11 0.9
parstriangularis 2444 1657 4569 2.418 0.553 0.112 0.021 22 2.1
pericalcarine 2351 1609 2061 1.510 0.444 0.125 0.027 22 2.6
postcentral 8130 5348 12052 2.065 0.679 0.116 0.023 78 7.5
posteriorcingulate 1938 1328 3424 2.429 0.614 0.124 0.023 21 1.8
precentral 7149 4376 12462 2.593 0.620 0.103 0.022 52 6.2
precuneus 6046 4307 10572 2.273 0.495 0.129 0.026 73 6.2
rostralanteriorcingulate 1786 1345 4036 2.698 0.749 0.150 0.039 35 3.2
rostralmiddlefrontal 6700 4752 12966 2.365 0.530 0.131 0.027 85 7.7
superiorfrontal 12387 8658 26490 2.643 0.606 0.120 0.024 118 12.0
superiorparietal 7221 4845 10680 2.088 0.407 0.120 0.023 72 6.9
superiortemporal 7539 4899 17337 2.968 0.732 0.100 0.020 61 6.0
supramarginal 6252 4291 12026 2.561 0.525 0.121 0.022 64 5.8
transversetemporal 598 419 936 2.217 0.611 0.130 0.026 8 0.6
insula 2791 1831 6136 3.143 0.747 0.102 0.022 20 2.4
