StructName NumVert SurfArea GrayVol ThickAvg ThickStd MeanCurv GausCurv FoldInd CurvInd
caudalanteriorcingulate 2273 1473 3924 2.398 0.647 0.108 0.018 21 1.6
caudalmiddlefrontal 4521 2990 7301 2.342 0.397 0.106 0.020 37 3.4
cuneus 3434 2281 4389 1.836 0.526 0.126 0.025 33 3.7
entorhinal 851 573 2775 3.224 0.978 0.121 0.035 16 0.9
fusiform 5764 4057 11330 2.528 0.560 0.125 0.028 65 6.2
inferiorparietal 7725 5366 12191 2.120 0.503 0.122 0.024 84 7.8
inferiortemporal 5940 4273 12556 2.586 0.635 0.122 0.026 64 6.6
isthmuscingulate 1992 1324 3024 2.012 0.762 0.112 0.025 22 1.8
lateraloccipital 8188 5486 11789 1.973 0.478 0.135 0.028 96 9.4
lateralorbitofrontal 4845 3482 8967 2.448 0.608 0.131 0.031 57 5.9
lingual 3955 2702 5275 1.839 0.570 0.131 0.029 44 4.7
medialorbitofrontal 2697 1887 4998 2.439 0.598 0.118 0.029 34 3.1
middletemporal 7260 5028 15024 2.599 0.629 0.118 0.023 75 6.8
parahippocampal 1364 860 2183 2.278 0.811 0.082 0.018 8 1.0
paracentral 2175 1356 3527 2.412 0.509 0.095 0.019 12 1.6
parsopercularis 2345 1602 4697 2.559 0.456 0.112 0.023 22 2.1
parsorbitalis 1263 806 2000 2.257 0.463 0.098 0.018 9 0.9
parstriangularis 3365 2292 5681 2.294 0.453 0.117 0.022 31 3.1
pericalcarine 1599 1061 1256 1.381 0.305 0.108 0.021 13 1.4
postcentral 8128 5202 11280 2.052 0.579 0.105 0.021 66 6.9
posteriorcingulate 2391 1650 3830 2.225 0.607 0.129 0.024 29 2.6
precentral 8042 5037 13741 2.503 0.511 0.099 0.019 51 6.3
precuneus 6329 4397 10440 2.225 0.550 0.127 0.028 66 7.2
rostralanteriorcingulate 2245 1518 4031 2.486 0.607 0.113 0.022 25 1.9
rostralmiddlefrontal 7352 5092 12489 2.210 0.518 0.125 0.024 80 7.5
superiorfrontal 11375 7967 21856 2.445 0.524 0.120 0.025 105 11.9
superiorparietal 6434 4489 9532 1.982 0.454 0.123 0.024 70 6.4
superiortemporal 9855 6709 19688 2.650 0.706 0.110 0.022 88 8.9
supramarginal 6152 4229 10796 2.406 0.532 0.114 0.022 56 5.6
transversetemporal 921 545 1613 2.563 0.347 0.092 0.017 7 0.5
insula 3387 2252 7229 3.132 0.743 0.100 0.022 24 2.8
