StructName NumVert SurfArea GrayVol ThickAvg ThickStd MeanCurv GausCurv FoldInd CurvInd
caudalanteriorcingulate 1951 1272 3550 2.663 0.587 0.105 0.021 19 1.6
caudalmiddlefrontal 4090 2710 7639 2.533 0.534 0.107 0.021 32 3.6
cuneus 3583 2458 4819 1.908 0.485 0.143 0.035 47 5.1
entorhinal 608 424 1536 2.688 0.782 0.145 0.054 7 1.3
fusiform 5009 3490 9177 2.405 0.591 0.123 0.025 56 5.0
inferiorparietal 9554 6605 16594 2.329 0.461 0.120 0.022 111 8.6
inferiortemporal 4543 3257 9655 2.490 0.650 0.131 0.033 64 6.5
isthmuscingulate 1600 1102 2739 2.314 0.732 0.131 0.031 21 1.8
lateraloccipital 8053 5336 12460 2.103 0.524 0.133 0.029 96 9.7
lateralorbitofrontal 4291 3128 8150 2.277 0.678 0.150 0.046 60 8.5
lingual 5153 3540 7310 1.947 0.575 0.137 0.032 62 6.9
medialorbitofrontal 2474 1749 4515 2.243 0.780 0.147 0.042 44 4.3
middletemporal 7197 5020 15490 2.674 0.555 0.116 0.022 76 6.9
parahippocampal 1109 730 1991 2.271 0.629 0.092 0.024 18 1.0
paracentral 2796 1815 4860 2.476 0.561 0.108 0.023 22 2.5
parsopercularis 2227 1491 4420 2.578 0.513 0.103 0.020 18 1.8
parsorbitalis 1142 790 2265 2.405 0.592 0.119 0.023 11 1.1
parstriangularis 2354 1675 4341 2.342 0.492 0.119 0.028 25 2.5
pericalcarine 2378 1632 2355 1.678 0.469 0.125 0.027 21 2.6
postcentral 7978 5266 11821 2.060 0.579 0.118 0.025 82 7.9
posteriorcingulate 1907 1320 3377 2.397 0.669 0.124 0.026 21 2.0
precentral 7016 4401 12337 2.571 0.576 0.105 0.023 54 6.7
precuneus 6236 4398 10911 2.301 0.498 0.127 0.025 80 6.2
rostralanteriorcingulate 1732 1304 3592 2.490 0.673 0.142 0.034 25 2.6
rostralmiddlefrontal 6454 4671 12322 2.245 0.559 0.132 0.031 81 8.2
superiorfrontal 12162 8572 27164 2.617 0.699 0.122 0.029 131 14.4
superiorparietal 7086 4777 10721 2.100 0.414 0.120 0.024 76 6.8
superiortemporal 7443 4871 16441 2.834 0.661 0.100 0.021 58 6.3
supramarginal 5504 3822 10478 2.532 0.446 0.125 0.025 62 5.6
transversetemporal 632 424 1103 2.399 0.641 0.124 0.034 7 0.8
insula 2767 1866 5521 2.763 0.639 0.114 0.030 24 3.6
