StructName NumVert SurfArea GrayVol ThickAvg ThickStd MeanCurv GausCurv FoldInd CurvInd
caudalanteriorcingulate 2449 1542 4303 2.449 0.766 0.105 0.020 22 1.8
caudalmiddlefrontal 4491 2945 8225 2.459 0.592 0.104 0.024 37 4.1
cuneus 3303 2189 4376 1.848 0.485 0.121 0.030 32 4.0
entorhinal 869 610 3126 3.101 0.970 0.130 0.036 11 1.0
fusiform 5423 3860 11739 2.614 0.585 0.121 0.027 61 5.5
inferiorparietal 7840 5372 13736 2.216 0.609 0.120 0.025 88 7.7
inferiortemporal 6067 4361 13565 2.621 0.728 0.125 0.031 73 7.5
isthmuscingulate 1978 1312 3015 2.005 0.772 0.111 0.024 19 1.8
lateraloccipital 7977 5413 12637 2.032 0.569 0.135 0.031 99 10.0
lateralorbitofrontal 5110 3636 9549 2.417 0.685 0.127 0.032 59 6.6
lingual 3975 2752 5509 1.900 0.566 0.132 0.032 46 5.4
medialorbitofrontal 3270 2256 6520 2.544 0.674 0.119 0.030 48 3.8
middletemporal 7509 5205 16553 2.614 0.704 0.117 0.024 78 7.0
parahippocampal 1379 879 2613 2.532 0.819 0.085 0.022 8 1.2
paracentral 2224 1324 3609 2.528 0.590 0.105 0.036 38 3.5
parsopercularis 2251 1595 4826 2.587 0.491 0.115 0.023 22 2.0
parsorbitalis 1271 801 2196 2.437 0.514 0.095 0.020 9 1.0
parstriangularis 3565 2423 6510 2.390 0.541 0.116 0.024 35 3.3
pericalcarine 1486 993 1272 1.480 0.365 0.106 0.022 10 1.4
postcentral 8390 5445 12340 2.091 0.624 0.110 0.030 76 9.2
posteriorcingulate 2423 1652 3985 2.294 0.640 0.123 0.027 28 2.5
precentral 8038 5151 14521 2.521 0.578 0.106 0.025 67 8.3
precuneus 6550 4497 10933 2.224 0.558 0.124 0.030 69 7.4
rostralanteriorcingulate 2694 1758 4536 2.454 0.750 0.119 0.037 37 4.1
rostralmiddlefrontal 7524 5159 13694 2.291 0.592 0.124 0.026 84 7.7
superiorfrontal 11659 7933 23701 2.642 0.620 0.119 0.028 114 13.1
superiorparietal 6294 4361 9857 1.998 0.548 0.123 0.026 68 6.6
superiortemporal 10135 6863 21292 2.710 0.740 0.111 0.026 103 10.1
supramarginal 6619 4518 12126 2.429 0.604 0.118 0.028 67 7.4
transversetemporal 817 524 1634 2.640 0.357 0.098 0.028 6 0.7
insula 3284 2187 7511 3.260 0.779 0.097 0.022 19 2.9
