StructName NumVert SurfArea GrayVol ThickAvg ThickStd MeanCurv GausCurv FoldInd CurvInd
caudalanteriorcingulate 1980 1309 3484 2.574 0.604 0.108 0.019 20 1.7
caudalmiddlefrontal 4344 2824 8877 2.691 0.550 0.105 0.020 32 3.6
cuneus 3508 2397 4746 1.887 0.499 0.144 0.032 44 4.7
entorhinal 698 484 2071 2.835 1.092 0.129 0.039 8 1.1
fusiform 5095 3492 9406 2.444 0.595 0.122 0.023 55 4.8
inferiorparietal 9494 6530 16450 2.274 0.517 0.119 0.021 101 8.3
inferiortemporal 4861 3355 10603 2.707 0.658 0.122 0.026 53 5.1
isthmuscingulate 1591 1082 2751 2.332 0.756 0.123 0.024 20 1.6
lateraloccipital 8249 5527 12633 2.066 0.488 0.134 0.027 98 9.4
lateralorbitofrontal 4664 3309 9095 2.444 0.666 0.136 0.033 56 6.6
lingual 5131 3501 7329 1.934 0.612 0.134 0.029 58 6.3
medialorbitofrontal 2336 1623 4542 2.475 0.690 0.123 0.029 31 2.6
middletemporal 7129 4864 15825 2.755 0.632 0.112 0.020 68 6.2
parahippocampal 1147 726 2069 2.326 0.793 0.084 0.020 7 1.0
paracentral 2956 1833 4840 2.449 0.581 0.102 0.018 22 2.1
parsopercularis 2229 1463 4758 2.782 0.550 0.098 0.016 17 1.5
parsorbitalis 1152 767 2463 2.724 0.669 0.115 0.018 11 0.9
parstriangularis 2461 1669 4681 2.469 0.524 0.111 0.022 22 2.1
pericalcarine 2450 1660 2280 1.615 0.500 0.124 0.026 22 2.6
postcentral 8233 5317 12117 2.091 0.668 0.115 0.024 75 7.9
posteriorcingulate 1982 1343 3496 2.448 0.672 0.123 0.023 21 1.9
precentral 7443 4503 12850 2.617 0.630 0.103 0.022 55 6.8
precuneus 6232 4385 10876 2.298 0.498 0.126 0.024 75 6.1
rostralanteriorcingulate 1806 1337 3924 2.676 0.722 0.144 0.032 32 2.8
rostralmiddlefrontal 6859 4799 13306 2.402 0.549 0.130 0.027 81 8.1
superiorfrontal 12889 8773 27466 2.687 0.651 0.117 0.023 122 12.2
superiorparietal 7175 4794 10605 2.084 0.410 0.118 0.022 74 6.5
superiortemporal 7629 4936 17297 2.972 0.748 0.100 0.019 59 6.2
supramarginal 5469 3749 10558 2.556 0.475 0.126 0.024 61 5.4
transversetemporal 616 420 983 2.249 0.613 0.129 0.029 7 0.7
insula 2867 1882 6247 3.162 0.733 0.101 0.022 23 2.4
