StructName NumVert SurfArea GrayVol ThickAvg ThickStd MeanCurv GausCurv FoldInd CurvInd
caudalanteriorcingulate 2421 1576 4225 2.429 0.699 0.107 0.020 22 2.1
caudalmiddlefrontal 4609 3067 7328 2.310 0.434 0.106 0.021 38 3.7
cuneus 3516 2218 4457 1.919 0.481 0.120 0.027 35 4.0
entorhinal 819 580 2711 3.294 0.995 0.118 0.033 7 1.0
fusiform 5560 3937 11268 2.563 0.565 0.129 0.030 66 6.4
inferiorparietal 7631 5292 12557 2.201 0.504 0.124 0.026 85 8.2
inferiortemporal 5601 4007 11548 2.583 0.622 0.129 0.030 69 7.2
isthmuscingulate 1971 1318 2909 1.994 0.723 0.117 0.028 23 2.1
lateraloccipital 7829 5382 11535 2.007 0.453 0.142 0.032 99 10.4
lateralorbitofrontal 4791 3421 8908 2.495 0.604 0.135 0.035 65 6.9
lingual 3971 2810 5092 1.753 0.558 0.139 0.033 47 5.6
medialorbitofrontal 2875 2040 5325 2.350 0.613 0.126 0.030 41 3.3
middletemporal 7045 5139 15029 2.517 0.582 0.127 0.027 89 8.2
parahippocampal 1408 854 2393 2.401 0.731 0.084 0.021 11 1.3
paracentral 2205 1354 3481 2.417 0.506 0.097 0.022 14 1.7
parsopercularis 2349 1652 4689 2.537 0.428 0.123 0.027 26 2.6
parsorbitalis 1347 841 2191 2.353 0.450 0.093 0.017 10 0.9
parstriangularis 3275 2254 5829 2.366 0.440 0.118 0.024 36 3.4
pericalcarine 1562 1069 1314 1.449 0.371 0.116 0.026 13 1.7
postcentral 7644 5068 11040 2.032 0.600 0.109 0.022 68 7.1
posteriorcingulate 2368 1625 3873 2.290 0.619 0.131 0.029 36 3.0
precentral 7964 5086 13374 2.481 0.471 0.104 0.021 64 7.1
precuneus 6534 4431 10614 2.259 0.506 0.128 0.030 75 7.6
rostralanteriorcingulate 2228 1531 4056 2.450 0.553 0.117 0.022 22 2.0
rostralmiddlefrontal 6709 4901 11429 2.134 0.480 0.137 0.030 91 8.8
superiorfrontal 11040 7706 21111 2.490 0.512 0.120 0.025 112 11.6
superiorparietal 6302 4333 9192 1.980 0.469 0.124 0.025 70 6.5
superiortemporal 9550 6717 19624 2.653 0.663 0.118 0.026 104 10.5
supramarginal 5998 4295 10770 2.349 0.532 0.124 0.026 65 6.4
transversetemporal 853 501 1541 2.609 0.388 0.094 0.021 6 0.6
insula 3381 2262 7042 3.070 0.762 0.116 0.029 33 4.1
