StructName NumVert SurfArea GrayVol ThickAvg ThickStd MeanCurv GausCurv FoldInd CurvInd
caudalanteriorcingulate 2311 1493 3977 2.399 0.663 0.106 0.016 21 1.5
caudalmiddlefrontal 4765 3118 7828 2.402 0.389 0.103 0.019 37 3.6
cuneus 3577 2330 4591 1.865 0.508 0.122 0.024 35 3.6
entorhinal 945 650 2856 3.159 0.892 0.124 0.034 13 1.2
fusiform 5885 4078 11529 2.558 0.546 0.123 0.028 73 6.1
inferiorparietal 8041 5532 12949 2.188 0.486 0.120 0.024 87 7.9
inferiortemporal 6302 4400 13026 2.649 0.585 0.119 0.027 69 6.6
isthmuscingulate 1943 1295 3029 2.065 0.753 0.112 0.023 20 1.7
lateraloccipital 8519 5676 12415 2.017 0.496 0.136 0.028 100 10.2
lateralorbitofrontal 4950 3510 9357 2.523 0.604 0.129 0.033 55 6.1
lingual 3984 2763 5189 1.803 0.558 0.132 0.030 44 4.7
medialorbitofrontal 2800 1957 5227 2.482 0.599 0.122 0.029 37 3.1
middletemporal 7553 5194 15848 2.664 0.588 0.117 0.023 80 6.8
parahippocampal 1404 860 2285 2.310 0.749 0.078 0.019 7 1.0
paracentral 2138 1346 3514 2.439 0.506 0.098 0.018 13 1.5
parsopercularis 2351 1627 4828 2.593 0.444 0.116 0.024 25 2.2
parsorbitalis 1332 842 2219 2.366 0.481 0.099 0.019 10 1.0
parstriangularis 3382 2284 5899 2.355 0.456 0.116 0.022 32 3.0
pericalcarine 1550 1032 1243 1.401 0.329 0.107 0.022 12 1.4
postcentral 8315 5245 11243 2.050 0.620 0.102 0.021 61 7.0
posteriorcingulate 2456 1648 3906 2.230 0.652 0.122 0.023 30 2.3
precentral 8177 5046 14153 2.597 0.481 0.096 0.018 52 6.1
precuneus 6440 4408 10775 2.275 0.542 0.123 0.026 67 6.7
rostralanteriorcingulate 2334 1575 4342 2.517 0.566 0.116 0.024 28 2.4
rostralmiddlefrontal 7243 5000 12216 2.240 0.486 0.128 0.025 83 7.4
superiorfrontal 11624 8053 22692 2.534 0.514 0.118 0.024 110 11.6
superiorparietal 6513 4505 9807 2.016 0.458 0.122 0.023 69 6.1
superiortemporal 10063 6786 20501 2.721 0.683 0.112 0.023 94 9.3
supramarginal 6256 4264 11057 2.455 0.564 0.117 0.023 59 5.9
transversetemporal 875 532 1560 2.566 0.346 0.099 0.022 6 0.7
insula 3404 2305 7419 3.147 0.768 0.106 0.027 32 3.4
