StructName NumVert SurfArea GrayVol ThickAvg ThickStd MeanCurv GausCurv FoldInd CurvInd
caudalanteriorcingulate 1988 1310 3571 2.552 0.669 0.112 0.024 20 2.0
caudalmiddlefrontal 4479 2936 10087 2.758 0.698 0.105 0.024 37 3.9
cuneus 3517 2471 5435 1.962 0.597 0.146 0.038 50 5.5
entorhinal 787 569 2121 2.535 0.948 0.151 0.054 14 1.7
fusiform 4651 3289 9053 2.421 0.593 0.123 0.026 50 5.0
inferiorparietal 9098 6235 17471 2.359 0.633 0.122 0.025 112 9.0
inferiortemporal 5626 3939 12830 2.704 0.821 0.137 0.039 79 9.2
isthmuscingulate 1518 1080 3005 2.447 0.759 0.128 0.031 19 1.9
lateraloccipital 8323 5427 14248 2.212 0.618 0.127 0.030 99 9.7
lateralorbitofrontal 4561 3363 9699 2.459 0.712 0.138 0.038 60 6.9
lingual 5068 3624 8332 2.098 0.631 0.137 0.032 59 7.1
medialorbitofrontal 2840 1926 5298 2.447 0.824 0.121 0.036 33 3.4
middletemporal 7148 4855 17270 2.872 0.709 0.112 0.024 73 7.0
parahippocampal 1135 720 2269 2.534 0.830 0.093 0.026 9 1.0
paracentral 2942 1901 5082 2.427 0.634 0.116 0.035 53 4.2
parsopercularis 2265 1529 5275 2.822 0.650 0.107 0.024 21 2.3
parsorbitalis 1207 817 2609 2.658 0.628 0.118 0.027 12 1.3
parstriangularis 2488 1712 4994 2.508 0.562 0.113 0.026 25 2.2
pericalcarine 2241 1601 2573 1.819 0.517 0.124 0.029 22 3.0
postcentral 9080 6009 14092 2.138 0.683 0.125 0.034 111 11.9
posteriorcingulate 1915 1321 3505 2.431 0.621 0.127 0.027 22 2.2
precentral 7542 4821 14222 2.660 0.634 0.113 0.032 67 9.2
precuneus 6299 4536 11858 2.294 0.545 0.125 0.026 77 6.3
rostralanteriorcingulate 2016 1403 4495 2.739 0.814 0.131 0.035 23 3.1
rostralmiddlefrontal 7573 5282 16142 2.467 0.686 0.132 0.034 100 10.0
superiorfrontal 12901 8994 29531 2.775 0.684 0.123 0.031 135 15.2
superiorparietal 7157 4750 12110 2.183 0.551 0.121 0.024 83 6.7
superiortemporal 8034 5303 18709 2.932 0.816 0.110 0.029 82 9.5
supramarginal 6317 4349 12778 2.550 0.612 0.121 0.026 70 6.3
transversetemporal 580 419 1028 2.385 0.494 0.138 0.038 8 0.8
insula 2729 1846 6238 3.226 0.810 0.104 0.024 18 2.8
