StructName NumVert SurfArea GrayVol ThickAvg ThickStd MeanCurv GausCurv FoldInd CurvInd
caudalanteriorcingulate 2242 1441 3735 2.362 0.629 0.106 0.016 19 1.5
caudalmiddlefrontal 4678 3014 7742 2.413 0.432 0.100 0.018 33 3.4
cuneus 3499 2293 4272 1.792 0.506 0.126 0.025 35 3.8
entorhinal 809 610 2779 2.993 0.986 0.134 0.045 10 1.3
fusiform 5916 4109 11377 2.521 0.582 0.125 0.029 68 6.3
inferiorparietal 8008 5454 12661 2.147 0.519 0.120 0.024 84 7.9
inferiortemporal 5959 4242 12616 2.642 0.603 0.121 0.027 67 6.2
isthmuscingulate 1920 1302 2964 1.995 0.734 0.114 0.023 19 1.7
lateraloccipital 8321 5629 12161 1.998 0.495 0.138 0.029 98 10.3
lateralorbitofrontal 5044 3611 9377 2.480 0.626 0.135 0.035 61 6.9
lingual 4020 2808 5313 1.808 0.561 0.132 0.029 44 4.9
medialorbitofrontal 2690 1900 5010 2.435 0.586 0.119 0.028 33 2.8
middletemporal 7402 5142 15452 2.581 0.607 0.119 0.023 77 7.0
parahippocampal 1359 852 2303 2.327 0.889 0.080 0.021 9 0.9
paracentral 2205 1359 3554 2.427 0.509 0.096 0.019 13 1.7
parsopercularis 2414 1620 4883 2.622 0.457 0.110 0.021 24 2.0
parsorbitalis 1347 852 2140 2.262 0.463 0.096 0.018 9 0.9
parstriangularis 3379 2311 5907 2.335 0.468 0.119 0.024 35 3.1
pericalcarine 1609 1061 1263 1.387 0.333 0.102 0.021 12 1.3
postcentral 8293 5266 11305 2.046 0.596 0.103 0.021 60 7.0
posteriorcingulate 2414 1662 3857 2.225 0.681 0.128 0.024 30 2.5
precentral 8159 4991 14193 2.588 0.544 0.096 0.019 52 6.2
precuneus 6533 4488 10738 2.236 0.533 0.124 0.027 66 7.0
rostralanteriorcingulate 2291 1535 4199 2.442 0.572 0.114 0.022 22 2.2
rostralmiddlefrontal 7282 5046 12418 2.245 0.494 0.127 0.025 84 7.3
superiorfrontal 11704 8080 22348 2.472 0.516 0.117 0.024 109 11.7
superiorparietal 6840 4611 9906 1.993 0.467 0.121 0.024 72 6.8
superiortemporal 10161 6864 19858 2.642 0.664 0.113 0.024 93 10.3
supramarginal 6288 4262 11028 2.437 0.526 0.115 0.022 59 5.7
transversetemporal 919 548 1616 2.562 0.331 0.093 0.019 7 0.6
insula 3346 2209 7194 3.138 0.785 0.097 0.022 23 2.9
