StructName NumVert SurfArea GrayVol ThickAvg ThickStd MeanCurv GausCurv FoldInd CurvInd
caudalanteriorcingulate 2251 1447 3909 2.455 0.639 0.109 0.020 20 1.9
caudalmiddlefrontal 4564 3003 7751 2.446 0.436 0.103 0.019 34 3.6
cuneus 3391 2269 4440 1.839 0.570 0.130 0.026 34 3.7
entorhinal 826 580 2782 3.187 0.975 0.134 0.038 10 1.2
fusiform 5932 4102 11368 2.505 0.547 0.126 0.029 69 6.6
inferiorparietal 7913 5453 12445 2.145 0.515 0.124 0.024 85 8.4
inferiortemporal 5884 4244 12412 2.609 0.643 0.127 0.029 72 7.2
isthmuscingulate 1938 1312 2996 2.052 0.754 0.115 0.027 20 1.9
lateraloccipital 8165 5531 12161 2.029 0.516 0.138 0.029 100 10.1
lateralorbitofrontal 4897 3502 8975 2.436 0.604 0.136 0.035 59 7.0
lingual 3966 2751 5134 1.797 0.564 0.138 0.030 46 5.0
medialorbitofrontal 2701 1940 5142 2.464 0.611 0.124 0.032 37 3.6
middletemporal 7155 5031 14992 2.593 0.600 0.121 0.023 77 6.8
parahippocampal 1354 833 2208 2.277 0.840 0.075 0.018 8 0.8
paracentral 2182 1350 3526 2.435 0.514 0.096 0.020 13 1.7
parsopercularis 2503 1662 4883 2.591 0.448 0.108 0.021 23 2.1
parsorbitalis 1266 817 2112 2.340 0.465 0.103 0.020 9 1.0
parstriangularis 3437 2342 5862 2.300 0.470 0.119 0.023 33 3.1
pericalcarine 1589 1049 1262 1.397 0.351 0.109 0.022 13 1.5
postcentral 8101 5049 11072 2.091 0.596 0.103 0.020 62 6.8
posteriorcingulate 2352 1641 3886 2.329 0.668 0.132 0.027 28 2.8
precentral 8126 5003 14311 2.604 0.536 0.097 0.019 53 6.4
precuneus 6393 4437 10705 2.254 0.551 0.127 0.028 66 7.2
rostralanteriorcingulate 2265 1534 4232 2.520 0.573 0.115 0.021 25 2.1
rostralmiddlefrontal 7213 5017 12473 2.294 0.466 0.128 0.025 83 7.5
superiorfrontal 11496 7949 22497 2.553 0.535 0.119 0.025 110 12.0
superiorparietal 6870 4687 10080 1.994 0.466 0.123 0.024 74 6.7
superiortemporal 9819 6730 19965 2.671 0.709 0.114 0.023 92 9.5
supramarginal 6185 4175 10926 2.455 0.523 0.115 0.023 61 5.9
transversetemporal 883 533 1595 2.599 0.351 0.093 0.018 7 0.6
insula 3398 2246 7095 3.109 0.758 0.103 0.022 25 3.1
