StructName NumVert SurfArea GrayVol ThickAvg ThickStd MeanCurv GausCurv FoldInd CurvInd
caudalanteriorcingulate 1939 1266 3379 2.614 0.635 0.104 0.017 18 1.5
caudalmiddlefrontal 4314 2815 8859 2.698 0.548 0.104 0.021 32 3.6
cuneus 3591 2469 4788 1.871 0.507 0.145 0.032 45 4.8
entorhinal 738 507 1997 2.665 0.966 0.139 0.043 9 1.2
fusiform 4815 3365 8539 2.371 0.553 0.122 0.024 51 4.6
inferiorparietal 9398 6508 16436 2.296 0.493 0.122 0.022 108 8.7
inferiortemporal 5086 3549 11631 2.774 0.657 0.126 0.028 62 5.8
isthmuscingulate 1536 1053 2776 2.388 0.762 0.126 0.029 18 1.7
lateraloccipital 8185 5563 12541 2.075 0.497 0.133 0.028 93 9.4
lateralorbitofrontal 4442 3260 9136 2.528 0.645 0.137 0.030 59 5.7
lingual 5159 3578 7291 1.890 0.598 0.136 0.030 57 6.5
medialorbitofrontal 2419 1689 4687 2.469 0.599 0.129 0.038 43 4.2
middletemporal 6989 4762 15901 2.798 0.626 0.112 0.021 68 6.1
parahippocampal 1155 739 2166 2.384 0.681 0.096 0.029 10 1.4
paracentral 2939 1842 4847 2.463 0.568 0.102 0.020 21 2.3
parsopercularis 2210 1467 4760 2.789 0.549 0.101 0.017 19 1.5
parsorbitalis 1150 783 2552 2.779 0.622 0.115 0.018 11 0.9
parstriangularis 2468 1709 4783 2.515 0.504 0.113 0.022 23 2.2
pericalcarine 2352 1605 2109 1.545 0.443 0.124 0.026 22 2.5
postcentral 8138 5376 11943 2.061 0.639 0.116 0.023 76 7.7
posteriorcingulate 1898 1296 3468 2.540 0.625 0.123 0.022 20 1.8
precentral 7399 4538 12665 2.557 0.650 0.107 0.023 56 7.0
precuneus 6141 4400 10967 2.313 0.510 0.126 0.024 73 6.0
rostralanteriorcingulate 1840 1369 4181 2.828 0.678 0.147 0.033 36 2.6
rostralmiddlefrontal 6713 4718 13489 2.478 0.515 0.128 0.025 80 6.9
superiorfrontal 12667 8766 27728 2.759 0.601 0.119 0.023 121 12.0
superiorparietal 7141 4793 10456 2.086 0.399 0.120 0.022 72 6.5
superiortemporal 7221 4755 16898 2.965 0.699 0.100 0.020 58 5.7
supramarginal 5571 3863 10719 2.549 0.494 0.125 0.024 61 5.5
transversetemporal 591 423 951 2.236 0.591 0.130 0.028 7 0.7
insula 2908 1911 6267 3.142 0.685 0.105 0.024 23 2.8
