StructName NumVert SurfArea GrayVol ThickAvg ThickStd MeanCurv GausCurv FoldInd CurvInd
caudalanteriorcingulate 2292 1471 4007 2.429 0.673 0.107 0.018 22 1.7
caudalmiddlefrontal 4709 3073 8015 2.463 0.452 0.104 0.020 35 3.8
cuneus 3487 2297 4444 1.841 0.546 0.124 0.025 34 3.7
entorhinal 838 571 3003 3.286 1.046 0.121 0.030 9 0.9
fusiform 5930 4121 11377 2.505 0.568 0.126 0.028 70 6.6
inferiorparietal 8139 5508 13235 2.193 0.548 0.119 0.023 84 8.2
inferiortemporal 5882 4198 12349 2.616 0.592 0.122 0.026 67 6.6
isthmuscingulate 1994 1332 3076 2.036 0.783 0.110 0.026 20 1.8
lateraloccipital 8218 5616 12014 1.981 0.491 0.140 0.030 98 10.5
lateralorbitofrontal 5039 3528 9309 2.483 0.646 0.135 0.034 65 7.4
lingual 4022 2769 5235 1.804 0.542 0.133 0.030 47 4.7
medialorbitofrontal 2678 1906 5047 2.441 0.560 0.121 0.029 32 3.2
middletemporal 7145 4970 15211 2.651 0.591 0.120 0.023 80 6.6
parahippocampal 1368 858 2268 2.297 0.844 0.078 0.020 8 0.9
paracentral 2242 1364 3627 2.504 0.530 0.095 0.020 13 1.8
parsopercularis 2457 1678 4963 2.625 0.443 0.116 0.023 23 2.4
parsorbitalis 1281 843 2197 2.375 0.473 0.103 0.021 10 1.1
parstriangularis 3238 2174 5788 2.392 0.469 0.116 0.025 42 3.1
pericalcarine 1614 1048 1229 1.367 0.328 0.103 0.020 12 1.4
postcentral 8260 5154 11277 2.083 0.660 0.102 0.020 59 6.9
posteriorcingulate 2410 1627 4017 2.335 0.650 0.125 0.024 30 2.4
precentral 8249 5012 14602 2.661 0.517 0.096 0.019 53 6.2
precuneus 6460 4455 10739 2.245 0.553 0.127 0.028 68 7.3
rostralanteriorcingulate 2243 1522 4216 2.548 0.545 0.117 0.022 27 2.2
rostralmiddlefrontal 7122 4937 12500 2.326 0.468 0.127 0.025 79 7.2
superiorfrontal 11670 7992 22857 2.566 0.525 0.118 0.025 109 12.0
superiorparietal 6668 4498 9767 2.015 0.500 0.121 0.024 69 6.3
superiortemporal 9834 6735 20509 2.705 0.687 0.114 0.023 95 9.8
supramarginal 6194 4236 11157 2.487 0.563 0.117 0.024 58 6.1
transversetemporal 887 528 1585 2.601 0.385 0.096 0.021 7 0.6
insula 3383 2257 7117 3.157 0.713 0.108 0.025 29 3.5
