StructName NumVert SurfArea GrayVol ThickAvg ThickStd MeanCurv GausCurv FoldInd CurvInd
caudalanteriorcingulate 2302 1464 4008 2.531 0.600 0.106 0.017 20 1.6
caudalmiddlefrontal 4518 2961 7802 2.499 0.409 0.102 0.018 33 3.3
cuneus 3273 2207 4232 1.822 0.490 0.127 0.025 33 3.5
entorhinal 848 584 2911 3.045 0.961 0.128 0.035 8 1.2
fusiform 5745 4043 11057 2.503 0.514 0.125 0.028 70 5.9
inferiorparietal 7640 5352 12071 2.115 0.484 0.122 0.023 81 7.5
inferiortemporal 6315 4499 12796 2.526 0.672 0.128 0.031 74 8.1
isthmuscingulate 1854 1221 2880 2.075 0.734 0.107 0.024 18 1.6
lateraloccipital 8016 5574 11971 1.969 0.470 0.141 0.029 100 9.7
lateralorbitofrontal 4871 3482 9335 2.588 0.624 0.127 0.027 55 5.2
lingual 3826 2699 5282 1.844 0.529 0.132 0.030 42 4.7
medialorbitofrontal 2714 1925 5339 2.542 0.581 0.119 0.027 32 2.8
middletemporal 7268 5055 15220 2.596 0.603 0.120 0.023 77 6.9
parahippocampal 1412 897 2226 2.225 0.779 0.082 0.019 10 1.0
paracentral 2210 1351 3551 2.461 0.500 0.099 0.019 14 1.6
parsopercularis 2554 1737 5040 2.580 0.413 0.114 0.023 26 2.3
parsorbitalis 1266 813 2201 2.430 0.495 0.100 0.016 9 0.9
parstriangularis 3411 2323 5984 2.409 0.446 0.116 0.022 31 3.0
pericalcarine 1614 1063 1289 1.416 0.331 0.100 0.020 11 1.3
postcentral 8423 5355 11760 2.086 0.642 0.104 0.021 63 7.1
posteriorcingulate 2420 1677 3923 2.230 0.650 0.126 0.024 29 2.5
precentral 8054 5003 14212 2.601 0.526 0.097 0.019 50 6.1
precuneus 6358 4420 10664 2.247 0.544 0.126 0.026 68 6.6
rostralanteriorcingulate 2173 1481 4184 2.636 0.545 0.116 0.021 26 1.9
rostralmiddlefrontal 7138 5011 12772 2.352 0.458 0.127 0.024 81 7.0
superiorfrontal 11613 8055 23300 2.624 0.492 0.118 0.024 113 11.4
superiorparietal 6363 4369 9219 1.971 0.452 0.120 0.021 67 5.6
superiortemporal 10093 6849 20404 2.657 0.698 0.110 0.023 93 9.4
supramarginal 6426 4351 11468 2.455 0.561 0.114 0.023 61 5.9
transversetemporal 887 540 1614 2.576 0.337 0.094 0.021 6 0.7
insula 3322 2218 7291 3.245 0.776 0.101 0.022 25 2.8
