StructName NumVert SurfArea GrayVol ThickAvg ThickStd MeanCurv GausCurv FoldInd CurvInd
caudalanteriorcingulate 2227 1410 3928 2.543 0.634 0.106 0.017 20 1.6
caudalmiddlefrontal 4484 2918 7744 2.530 0.427 0.103 0.019 33 3.4
cuneus 3440 2252 4390 1.816 0.475 0.125 0.025 34 3.8
entorhinal 858 572 2974 3.216 0.993 0.128 0.034 9 1.2
fusiform 5837 4061 11083 2.484 0.578 0.124 0.027 64 5.9
inferiorparietal 7867 5396 11960 2.081 0.498 0.123 0.023 84 8.0
inferiortemporal 5962 4252 12518 2.598 0.615 0.122 0.027 65 6.6
isthmuscingulate 1925 1281 2945 2.028 0.781 0.115 0.027 21 2.0
lateraloccipital 8202 5622 11794 1.934 0.466 0.140 0.030 101 10.3
lateralorbitofrontal 4911 3446 8964 2.533 0.627 0.128 0.030 57 5.9
lingual 3907 2686 5180 1.826 0.562 0.130 0.029 44 4.7
medialorbitofrontal 2899 2074 5273 2.394 0.553 0.129 0.034 39 4.4
middletemporal 7229 5030 15010 2.593 0.622 0.121 0.024 75 7.3
parahippocampal 1348 833 2186 2.283 0.796 0.078 0.020 8 1.0
paracentral 2303 1367 3582 2.433 0.508 0.093 0.019 13 1.7
parsopercularis 2445 1644 4911 2.632 0.418 0.111 0.022 23 2.2
parsorbitalis 1276 823 2099 2.343 0.471 0.100 0.018 9 1.0
parstriangularis 3229 2208 5730 2.377 0.442 0.121 0.024 35 3.3
pericalcarine 1617 1051 1283 1.403 0.329 0.103 0.022 13 1.3
postcentral 8356 5261 11574 2.082 0.621 0.104 0.021 64 7.2
posteriorcingulate 2429 1675 3988 2.282 0.650 0.131 0.025 30 2.7
precentral 8382 5035 14449 2.639 0.538 0.095 0.019 53 6.4
precuneus 6493 4428 10737 2.248 0.556 0.124 0.026 67 7.0
rostralanteriorcingulate 2267 1532 4231 2.573 0.539 0.115 0.021 24 2.1
rostralmiddlefrontal 7263 5060 12809 2.321 0.486 0.129 0.025 83 7.6
superiorfrontal 11658 7978 23332 2.633 0.538 0.118 0.025 109 11.7
superiorparietal 6373 4338 9138 1.968 0.464 0.120 0.022 67 5.9
superiortemporal 9892 6661 20115 2.703 0.733 0.111 0.022 88 9.0
supramarginal 6434 4282 11095 2.424 0.563 0.114 0.023 60 6.1
transversetemporal 902 540 1605 2.579 0.346 0.102 0.020 8 0.7
insula 3338 2200 7255 3.199 0.783 0.099 0.022 24 3.0
