StructName NumVert SurfArea GrayVol ThickAvg ThickStd MeanCurv GausCurv FoldInd CurvInd
caudalanteriorcingulate 2254 1442 3837 2.368 0.693 0.105 0.015 19 1.5
caudalmiddlefrontal 4425 2993 7175 2.296 0.427 0.103 0.018 34 3.1
cuneus 3439 2168 4045 1.829 0.485 0.119 0.025 33 3.6
entorhinal 813 569 2790 3.409 1.030 0.120 0.032 8 0.8
fusiform 5688 3989 11115 2.564 0.500 0.125 0.028 66 6.4
inferiorparietal 7789 5422 12811 2.214 0.456 0.122 0.023 93 7.8
inferiortemporal 5563 4008 11559 2.642 0.577 0.120 0.024 62 5.4
isthmuscingulate 1930 1269 3023 2.123 0.793 0.110 0.026 20 1.8
lateraloccipital 7961 5294 12166 2.080 0.508 0.134 0.029 99 9.3
lateralorbitofrontal 4655 3331 8816 2.550 0.656 0.128 0.028 54 5.1
lingual 4020 2750 5049 1.789 0.594 0.132 0.029 45 5.1
medialorbitofrontal 2757 1909 5064 2.410 0.650 0.118 0.026 31 3.2
middletemporal 7329 5212 15409 2.611 0.561 0.119 0.023 81 6.9
parahippocampal 1379 842 2333 2.456 0.760 0.078 0.017 9 0.8
paracentral 2172 1294 3368 2.442 0.516 0.091 0.018 12 1.4
parsopercularis 2332 1612 4676 2.572 0.411 0.112 0.022 23 2.1
parsorbitalis 1270 791 1993 2.327 0.404 0.089 0.017 8 0.8
parstriangularis 3257 2227 5779 2.359 0.405 0.115 0.022 33 2.8
pericalcarine 1591 1085 1237 1.322 0.364 0.107 0.023 13 1.5
postcentral 7852 5096 11174 2.065 0.580 0.103 0.020 64 6.3
posteriorcingulate 2242 1557 3761 2.367 0.627 0.131 0.023 29 2.4
precentral 7799 4975 13214 2.490 0.466 0.100 0.018 52 5.8
precuneus 6512 4313 10568 2.319 0.523 0.119 0.026 63 6.8
rostralanteriorcingulate 2179 1475 3866 2.475 0.590 0.112 0.019 23 1.6
rostralmiddlefrontal 6750 4867 11478 2.130 0.479 0.128 0.026 88 7.3
superiorfrontal 11114 7693 21587 2.507 0.539 0.115 0.023 105 10.5
superiorparietal 6124 4225 9264 2.028 0.457 0.120 0.023 65 6.0
superiortemporal 9417 6507 19408 2.681 0.665 0.110 0.021 92 8.3
supramarginal 6089 4196 10761 2.407 0.499 0.114 0.022 57 5.6
transversetemporal 844 523 1600 2.622 0.281 0.094 0.018 7 0.5
insula 3277 2206 7144 3.156 0.737 0.102 0.022 25 3.2
