StructName NumVert SurfArea GrayVol ThickAvg ThickStd MeanCurv GausCurv FoldInd CurvInd
caudalanteriorcingulate 1862 1220 3186 2.584 0.606 0.107 0.016 19 1.3
caudalmiddlefrontal 3998 2610 7277 2.554 0.467 0.102 0.018 29 3.0
cuneus 3806 2526 4603 1.820 0.482 0.140 0.033 46 5.3
entorhinal 627 412 1858 3.052 0.975 0.113 0.028 6 0.7
fusiform 5104 3509 9905 2.536 0.608 0.124 0.023 60 4.7
inferiorparietal 9551 6463 16255 2.341 0.447 0.120 0.022 103 8.7
inferiortemporal 4499 3136 9948 2.744 0.676 0.124 0.026 50 4.9
isthmuscingulate 1543 1034 2587 2.335 0.751 0.126 0.027 19 1.7
lateraloccipital 8404 5269 12005 2.109 0.546 0.126 0.028 91 9.7
lateralorbitofrontal 4274 3070 8012 2.377 0.742 0.138 0.037 52 6.9
lingual 5249 3496 7145 1.916 0.652 0.131 0.030 59 6.6
medialorbitofrontal 2401 1637 4384 2.353 0.707 0.126 0.032 31 3.0
middletemporal 7005 4842 15270 2.736 0.557 0.115 0.021 70 6.3
parahippocampal 1135 712 2080 2.442 0.722 0.077 0.016 6 0.6
paracentral 2904 1794 4796 2.513 0.537 0.101 0.018 22 2.1
parsopercularis 2080 1368 4247 2.717 0.518 0.099 0.017 16 1.5
parsorbitalis 1153 798 2336 2.574 0.617 0.121 0.023 14 1.1
parstriangularis 2431 1651 4367 2.379 0.479 0.114 0.022 24 2.1
pericalcarine 2319 1628 2009 1.471 0.530 0.135 0.030 24 2.9
postcentral 7902 5094 11264 2.051 0.639 0.113 0.022 71 7.1
posteriorcingulate 1920 1310 3400 2.470 0.651 0.123 0.022 22 1.8
precentral 7145 4371 12153 2.559 0.595 0.102 0.022 53 6.4
precuneus 6264 4283 10671 2.331 0.540 0.123 0.023 69 6.2
rostralanteriorcingulate 1768 1329 3851 2.649 0.730 0.143 0.035 31 2.8
rostralmiddlefrontal 6254 4505 11574 2.234 0.545 0.135 0.028 82 7.5
superiorfrontal 11956 8321 25160 2.620 0.615 0.120 0.024 121 12.1
superiorparietal 7029 4602 10375 2.121 0.396 0.117 0.021 72 6.2
superiortemporal 7298 4767 16760 3.016 0.699 0.096 0.018 57 5.3
supramarginal 5134 3579 10063 2.601 0.456 0.127 0.024 60 5.1
transversetemporal 574 380 917 2.317 0.513 0.120 0.031 6 0.7
insula 2726 1805 6033 3.247 0.731 0.103 0.022 21 2.4
