StructName NumVert SurfArea GrayVol ThickAvg ThickStd MeanCurv GausCurv FoldInd CurvInd
caudalanteriorcingulate 2279 1471 4092 2.507 0.617 0.112 0.018 23 1.8
caudalmiddlefrontal 4622 3046 7731 2.448 0.405 0.104 0.019 35 3.6
cuneus 3409 2239 4440 1.861 0.561 0.126 0.026 34 3.7
entorhinal 858 594 2732 3.200 0.941 0.125 0.035 10 1.0
fusiform 5672 4020 11612 2.547 0.578 0.128 0.028 67 6.2
inferiorparietal 7821 5333 12564 2.195 0.527 0.121 0.024 83 7.9
inferiortemporal 5941 4297 12729 2.641 0.622 0.126 0.028 68 6.9
isthmuscingulate 1866 1258 2914 2.038 0.771 0.116 0.027 19 1.9
lateraloccipital 8181 5494 12086 2.026 0.511 0.138 0.029 97 10.0
lateralorbitofrontal 4691 3362 8977 2.515 0.600 0.132 0.032 56 6.0
lingual 4040 2827 5154 1.773 0.544 0.134 0.031 46 4.9
medialorbitofrontal 2633 1881 5005 2.421 0.578 0.123 0.030 35 3.4
middletemporal 7130 4959 15012 2.631 0.647 0.120 0.024 76 6.9
parahippocampal 1343 827 2289 2.394 0.817 0.082 0.021 9 1.1
paracentral 2167 1347 3514 2.438 0.474 0.097 0.019 13 1.6
parsopercularis 2487 1678 4901 2.595 0.462 0.113 0.022 25 2.3
parsorbitalis 1294 822 2154 2.352 0.552 0.101 0.019 10 1.0
parstriangularis 3348 2243 5691 2.341 0.510 0.117 0.023 31 3.0
pericalcarine 1633 1067 1276 1.402 0.337 0.106 0.021 13 1.4
postcentral 8247 5216 11383 2.084 0.647 0.105 0.021 62 7.2
posteriorcingulate 2376 1638 3893 2.274 0.675 0.129 0.024 28 2.6
precentral 8193 5033 14242 2.610 0.542 0.097 0.019 51 6.2
precuneus 6424 4421 10746 2.274 0.539 0.126 0.026 65 7.3
rostralanteriorcingulate 2130 1454 4085 2.608 0.546 0.117 0.022 23 1.9
rostralmiddlefrontal 7136 4919 12396 2.301 0.517 0.127 0.024 78 7.2
superiorfrontal 11631 8024 22527 2.538 0.513 0.119 0.024 109 11.8
superiorparietal 6846 4573 9975 2.030 0.489 0.119 0.023 71 6.5
superiortemporal 9896 6733 20110 2.665 0.675 0.114 0.024 94 10.3
supramarginal 6256 4204 10933 2.459 0.568 0.114 0.022 58 5.8
transversetemporal 912 549 1622 2.572 0.357 0.093 0.019 6 0.6
insula 3327 2227 7224 3.201 0.747 0.103 0.024 26 3.0
