StructName NumVert SurfArea GrayVol ThickAvg ThickStd MeanCurv GausCurv FoldInd CurvInd
caudalanteriorcingulate 1540 1048 3171 2.798 0.425 0.120 0.018 17 1.2
caudalmiddlefrontal 3444 2309 6966 2.746 0.517 0.107 0.019 26 2.7
cuneus 2562 1899 3737 1.944 0.529 0.153 0.032 34 3.4
entorhinal 547 385 1723 3.018 0.812 0.127 0.039 5 0.8
fusiform 3840 2630 8171 2.770 0.595 0.123 0.025 37 4.2
inferiorparietal 6594 4661 12324 2.416 0.494 0.125 0.023 73 6.3
inferiortemporal 4266 3095 11168 2.817 0.718 0.130 0.028 52 5.1
isthmuscingulate 1301 942 2687 2.535 0.801 0.134 0.028 18 1.5
lateraloccipital 6148 4351 10544 2.222 0.551 0.141 0.030 76 7.8
lateralorbitofrontal 3662 2801 7880 2.531 0.689 0.153 0.038 55 5.9
lingual 3662 2706 5998 2.050 0.651 0.147 0.032 45 4.9
medialorbitofrontal 2075 1546 4491 2.609 0.722 0.128 0.034 57 3.1
middletemporal 5138 3513 11821 2.814 0.659 0.105 0.018 44 3.8
parahippocampal 1025 702 2633 3.031 0.951 0.123 0.030 15 1.2
paracentral 1971 1272 3748 2.603 0.662 0.106 0.020 15 1.5
parsopercularis 1982 1399 4586 2.822 0.490 0.118 0.021 19 1.8
parsorbitalis 921 662 1811 2.409 0.543 0.124 0.028 10 1.0
parstriangularis 2211 1496 4408 2.602 0.548 0.114 0.019 21 1.8
pericalcarine 1852 1338 1667 1.541 0.359 0.156 0.039 24 3.3
postcentral 6409 4164 10169 2.251 0.698 0.108 0.019 54 5.1
posteriorcingulate 1678 1259 3111 2.413 0.661 0.144 0.029 26 2.4
precentral 6619 4244 13068 2.819 0.561 0.108 0.020 50 5.4
precuneus 4253 3012 8267 2.513 0.598 0.134 0.025 51 4.7
rostralanteriorcingulate 1366 1004 3313 3.027 0.642 0.123 0.024 19 1.4
rostralmiddlefrontal 5321 3915 10607 2.438 0.504 0.131 0.025 68 5.5
superiorfrontal 9434 6942 22256 2.853 0.626 0.131 0.027 109 10.7
superiorparietal 5570 3822 9411 2.248 0.497 0.118 0.021 55 4.7
superiortemporal 6383 4314 15200 2.942 0.721 0.112 0.024 56 6.4
supramarginal 4114 2830 8561 2.728 0.522 0.122 0.022 42 3.8
transversetemporal 418 278 849 3.054 0.534 0.122 0.022 4 0.3
insula 2427 1665 5803 3.406 0.743 0.109 0.026 21 2.4
