StructName NumVert SurfArea GrayVol ThickAvg ThickStd MeanCurv GausCurv FoldInd CurvInd
caudalanteriorcingulate 1689 1093 3290 2.797 0.436 0.115 0.019 18 1.3
caudalmiddlefrontal 3341 2259 6271 2.507 0.494 0.110 0.020 27 2.8
cuneus 2680 1899 3784 1.979 0.531 0.148 0.032 33 3.7
entorhinal 572 402 1391 2.818 0.659 0.120 0.025 5 0.5
fusiform 3833 2633 7879 2.691 0.588 0.126 0.025 40 4.2
inferiorparietal 6771 4672 12273 2.432 0.482 0.121 0.023 70 6.5
inferiortemporal 4517 3276 10894 2.706 0.671 0.127 0.025 53 4.8
isthmuscingulate 1455 1026 2793 2.498 0.742 0.134 0.028 20 1.8
lateraloccipital 6273 4200 9803 2.124 0.523 0.135 0.029 72 7.8
lateralorbitofrontal 3592 2737 7951 2.694 0.648 0.141 0.033 51 4.7
lingual 3786 2672 6059 2.076 0.632 0.141 0.031 46 5.0
medialorbitofrontal 2054 1506 4260 2.473 0.634 0.122 0.036 36 2.5
middletemporal 5301 3658 11563 2.747 0.529 0.105 0.018 46 4.0
parahippocampal 1044 697 2503 2.920 0.791 0.115 0.020 12 1.0
paracentral 2065 1291 3830 2.661 0.622 0.105 0.019 16 1.5
parsopercularis 2013 1397 4227 2.677 0.438 0.115 0.021 19 1.8
parsorbitalis 968 686 1991 2.568 0.492 0.124 0.025 11 1.0
parstriangularis 2224 1526 4139 2.445 0.437 0.115 0.020 23 1.9
pericalcarine 1672 1172 1357 1.441 0.413 0.149 0.033 23 2.4
postcentral 6271 4079 10014 2.220 0.631 0.110 0.020 57 5.2
posteriorcingulate 1718 1248 3030 2.361 0.697 0.135 0.025 25 1.9
precentral 6596 4216 12591 2.719 0.521 0.109 0.021 54 5.5
precuneus 4241 2964 8175 2.539 0.550 0.132 0.026 47 4.8
rostralanteriorcingulate 1444 1043 3280 2.938 0.646 0.122 0.026 16 1.7
rostralmiddlefrontal 5318 3924 9895 2.271 0.460 0.131 0.025 70 5.4
superiorfrontal 9556 6997 21743 2.757 0.612 0.132 0.028 120 11.3
superiorparietal 5642 3793 9335 2.244 0.469 0.115 0.020 53 4.7
superiortemporal 6113 4096 15053 3.040 0.691 0.109 0.020 56 5.2
supramarginal 4163 2871 8224 2.631 0.456 0.125 0.022 43 4.0
transversetemporal 418 265 839 3.123 0.463 0.118 0.022 4 0.3
insula 2496 1677 5617 3.284 0.705 0.104 0.022 21 2.2
