StructName NumVert SurfArea GrayVol ThickAvg ThickStd MeanCurv GausCurv FoldInd CurvInd
caudalanteriorcingulate 1598 1037 3155 2.720 0.502 0.114 0.018 19 1.1
caudalmiddlefrontal 3365 2263 6588 2.664 0.537 0.111 0.021 28 2.9
cuneus 2527 1877 3672 1.926 0.530 0.152 0.032 33 3.5
entorhinal 572 408 1875 3.174 0.848 0.124 0.027 5 0.6
fusiform 3855 2650 8385 2.778 0.616 0.123 0.024 36 4.2
inferiorparietal 6595 4604 11958 2.367 0.500 0.123 0.023 72 6.4
inferiortemporal 4438 3226 11289 2.780 0.712 0.133 0.028 68 5.2
isthmuscingulate 1357 960 2795 2.632 0.810 0.132 0.028 18 1.7
lateraloccipital 6308 4428 10313 2.157 0.543 0.141 0.030 77 8.0
lateralorbitofrontal 3665 2765 8176 2.725 0.624 0.145 0.036 61 5.3
lingual 3699 2660 6080 2.059 0.655 0.143 0.031 44 4.7
medialorbitofrontal 2136 1607 4660 2.545 0.743 0.126 0.033 30 3.1
middletemporal 5156 3507 11494 2.784 0.663 0.104 0.019 43 3.8
parahippocampal 998 676 2594 3.085 0.961 0.130 0.040 31 1.5
paracentral 2031 1284 3764 2.551 0.692 0.102 0.021 14 1.6
parsopercularis 2087 1440 4652 2.744 0.529 0.116 0.020 21 1.7
parsorbitalis 950 653 1976 2.674 0.535 0.121 0.025 11 1.1
parstriangularis 2189 1476 4327 2.574 0.591 0.113 0.018 20 1.8
pericalcarine 1760 1258 1531 1.528 0.355 0.156 0.037 22 3.1
postcentral 6307 4124 9795 2.176 0.673 0.109 0.021 55 5.5
posteriorcingulate 1696 1243 3018 2.298 0.657 0.139 0.029 25 2.2
precentral 6630 4217 12812 2.780 0.549 0.107 0.021 51 5.8
precuneus 4164 2934 7930 2.438 0.615 0.132 0.025 46 4.6
rostralanteriorcingulate 1288 965 3225 3.074 0.679 0.137 0.034 23 2.3
rostralmiddlefrontal 5344 3887 10306 2.361 0.526 0.129 0.025 66 5.2
superiorfrontal 9451 6894 21684 2.775 0.628 0.131 0.028 110 11.0
superiorparietal 5555 3753 8934 2.159 0.525 0.114 0.021 53 4.6
superiortemporal 6068 4097 15343 3.084 0.730 0.110 0.022 55 6.0
supramarginal 4110 2828 8255 2.625 0.506 0.124 0.022 43 4.0
transversetemporal 418 270 780 2.914 0.496 0.121 0.026 4 0.4
insula 2422 1647 5756 3.383 0.739 0.106 0.022 19 2.1
