StructName NumVert SurfArea GrayVol ThickAvg ThickStd MeanCurv GausCurv FoldInd CurvInd
caudalanteriorcingulate 1545 1012 3088 2.776 0.468 0.114 0.017 16 1.1
caudalmiddlefrontal 3435 2292 6787 2.697 0.509 0.109 0.020 27 2.9
cuneus 2588 1902 3754 1.918 0.525 0.153 0.034 34 3.7
entorhinal 659 511 1526 2.307 0.788 0.161 0.051 11 1.7
fusiform 3921 2687 8350 2.768 0.621 0.123 0.025 40 4.3
inferiorparietal 6586 4587 12037 2.373 0.517 0.124 0.023 67 6.5
inferiortemporal 4499 3258 11376 2.816 0.698 0.134 0.030 63 5.7
isthmuscingulate 1354 974 2771 2.529 0.738 0.135 0.029 18 1.8
lateraloccipital 6213 4357 10509 2.188 0.566 0.142 0.030 75 8.0
lateralorbitofrontal 3689 2741 8319 2.801 0.707 0.147 0.039 63 6.5
lingual 3731 2754 6215 2.037 0.663 0.145 0.033 43 5.1
medialorbitofrontal 2121 1589 4557 2.566 0.767 0.125 0.032 31 3.0
middletemporal 5191 3511 11783 2.836 0.682 0.105 0.019 42 4.1
parahippocampal 1083 708 2641 2.961 0.819 0.117 0.024 11 1.0
paracentral 2064 1329 3736 2.503 0.674 0.108 0.021 16 1.6
parsopercularis 2127 1465 4723 2.782 0.506 0.117 0.021 22 1.9
parsorbitalis 1041 703 2106 2.752 0.564 0.121 0.025 9 1.2
parstriangularis 2201 1465 4324 2.602 0.592 0.113 0.019 22 1.8
pericalcarine 1740 1291 1575 1.518 0.369 0.164 0.040 23 3.3
postcentral 6314 4108 9815 2.181 0.706 0.109 0.020 55 5.4
posteriorcingulate 1760 1297 3144 2.325 0.678 0.138 0.029 26 2.5
precentral 6615 4176 12729 2.781 0.590 0.107 0.022 50 5.8
precuneus 4133 2920 8236 2.492 0.635 0.136 0.027 48 4.9
rostralanteriorcingulate 1413 1024 3466 3.040 0.710 0.126 0.030 17 2.0
rostralmiddlefrontal 5241 3865 10200 2.359 0.534 0.130 0.026 63 6.0
superiorfrontal 9518 6872 22203 2.869 0.631 0.131 0.027 113 10.8
superiorparietal 5501 3779 8997 2.170 0.527 0.116 0.021 51 4.7
superiortemporal 6385 4278 16016 3.137 0.722 0.109 0.022 55 5.5
supramarginal 4166 2850 8465 2.704 0.515 0.123 0.023 42 4.0
transversetemporal 380 262 757 2.868 0.453 0.140 0.026 5 0.4
insula 2370 1604 5772 3.500 0.717 0.104 0.021 18 2.1
