StructName NumVert SurfArea GrayVol ThickAvg ThickStd MeanCurv GausCurv FoldInd CurvInd
caudalanteriorcingulate 1570 1041 3117 2.775 0.423 0.114 0.017 16 1.1
caudalmiddlefrontal 3432 2273 6695 2.691 0.490 0.107 0.020 29 2.9
cuneus 2555 1893 3645 1.908 0.516 0.154 0.031 33 3.5
entorhinal 550 390 1742 3.151 0.768 0.120 0.026 4 0.5
fusiform 3830 2651 8322 2.762 0.601 0.125 0.026 39 4.1
inferiorparietal 6736 4617 12242 2.395 0.503 0.121 0.022 72 6.3
inferiortemporal 4328 3186 11262 2.836 0.700 0.133 0.026 54 5.0
isthmuscingulate 1389 972 2792 2.533 0.789 0.133 0.029 18 1.8
lateraloccipital 6274 4401 10243 2.146 0.522 0.139 0.029 76 7.7
lateralorbitofrontal 3461 2619 7866 2.739 0.615 0.141 0.030 50 4.5
lingual 3613 2652 5957 2.061 0.669 0.143 0.030 42 4.7
medialorbitofrontal 2079 1566 4609 2.597 0.772 0.126 0.036 36 2.6
middletemporal 5064 3475 11373 2.770 0.658 0.104 0.019 43 3.9
parahippocampal 984 654 2545 3.075 0.891 0.120 0.026 17 0.9
paracentral 2055 1308 3786 2.546 0.638 0.102 0.020 15 1.4
parsopercularis 2089 1437 4596 2.746 0.492 0.113 0.020 19 1.8
parsorbitalis 1000 682 2018 2.625 0.530 0.116 0.020 9 0.9
parstriangularis 2161 1469 4108 2.492 0.548 0.113 0.019 20 1.7
pericalcarine 1767 1284 1590 1.540 0.362 0.157 0.039 22 3.1
postcentral 6342 4112 10117 2.239 0.683 0.107 0.019 55 5.0
posteriorcingulate 1788 1271 3098 2.335 0.679 0.130 0.025 27 2.0
precentral 6539 4191 12829 2.792 0.515 0.106 0.020 49 5.2
precuneus 4140 2952 8033 2.441 0.602 0.133 0.026 48 4.7
rostralanteriorcingulate 1377 998 3303 3.074 0.697 0.125 0.026 20 1.6
rostralmiddlefrontal 5353 3915 10408 2.382 0.495 0.129 0.025 69 5.3
superiorfrontal 9494 6947 22129 2.822 0.619 0.129 0.026 109 10.1
superiorparietal 5508 3745 9043 2.193 0.495 0.115 0.020 52 4.6
superiortemporal 6228 4167 15714 3.122 0.748 0.106 0.022 62 5.1
supramarginal 4072 2817 8290 2.673 0.507 0.125 0.023 45 4.0
transversetemporal 413 272 817 2.993 0.425 0.117 0.020 4 0.3
insula 2426 1632 5740 3.446 0.740 0.105 0.020 20 2.1
