StructName NumVert SurfArea GrayVol ThickAvg ThickStd MeanCurv GausCurv FoldInd CurvInd
caudalanteriorcingulate 1617 1096 3351 2.716 0.491 0.119 0.020 18 1.4
caudalmiddlefrontal 3384 2257 7602 2.711 0.758 0.109 0.022 27 3.0
cuneus 2433 1801 4090 2.100 0.530 0.152 0.040 36 4.2
entorhinal 546 408 1681 2.923 0.769 0.127 0.032 5 0.6
fusiform 3725 2591 8279 2.761 0.632 0.124 0.027 38 4.5
inferiorparietal 6957 4799 14400 2.487 0.673 0.122 0.024 78 7.1
inferiortemporal 4511 3250 12251 2.831 0.819 0.130 0.029 60 5.7
isthmuscingulate 1367 952 2953 2.595 0.803 0.127 0.029 18 1.4
lateraloccipital 6320 4395 11604 2.287 0.657 0.139 0.032 78 8.4
lateralorbitofrontal 3491 2666 8006 2.660 0.674 0.149 0.039 55 5.9
lingual 3358 2592 6585 2.284 0.633 0.147 0.034 45 4.9
medialorbitofrontal 2863 1910 5467 2.472 0.846 0.123 0.047 100 7.4
middletemporal 5270 3579 12935 2.872 0.781 0.105 0.020 48 4.4
parahippocampal 1084 757 3019 3.158 0.841 0.116 0.024 11 1.2
paracentral 2193 1398 4076 2.585 0.781 0.116 0.036 21 3.2
parsopercularis 1984 1394 4906 2.817 0.611 0.118 0.025 20 2.0
parsorbitalis 998 683 2262 2.696 0.677 0.118 0.023 9 1.0
parstriangularis 2216 1471 4680 2.625 0.673 0.109 0.020 21 1.7
pericalcarine 1526 1069 1847 1.973 0.550 0.128 0.029 15 2.0
postcentral 6518 4271 11057 2.288 0.765 0.111 0.025 60 6.8
posteriorcingulate 1689 1208 3066 2.353 0.734 0.137 0.030 25 2.5
precentral 6606 4292 14072 2.819 0.642 0.108 0.026 54 6.5
precuneus 4131 2919 8388 2.513 0.595 0.131 0.027 49 4.6
rostralanteriorcingulate 1460 1014 3709 3.099 0.743 0.112 0.024 17 1.3
rostralmiddlefrontal 5679 4005 12541 2.509 0.724 0.125 0.026 67 5.9
superiorfrontal 9838 6943 24792 2.932 0.761 0.127 0.029 110 11.4
superiorparietal 5770 3864 10895 2.307 0.641 0.113 0.022 55 4.9
superiortemporal 6224 4123 17107 3.214 0.777 0.106 0.023 52 5.7
supramarginal 4136 2832 9493 2.775 0.713 0.122 0.026 44 4.2
transversetemporal 460 303 931 3.020 0.382 0.107 0.018 3 0.3
insula 2439 1648 5938 3.360 0.928 0.110 0.027 40 2.8
