StructName NumVert SurfArea GrayVol ThickAvg ThickStd MeanCurv GausCurv FoldInd CurvInd
caudalanteriorcingulate 1647 1051 3190 2.729 0.446 0.110 0.019 16 1.3
caudalmiddlefrontal 3517 2311 6740 2.617 0.492 0.106 0.019 28 2.9
cuneus 2558 1843 3760 1.962 0.508 0.148 0.032 33 3.3
entorhinal 528 386 1409 2.955 0.714 0.138 0.032 7 0.7
fusiform 3904 2726 8424 2.723 0.600 0.127 0.026 43 4.3
inferiorparietal 6683 4624 12035 2.361 0.495 0.122 0.023 73 6.2
inferiortemporal 4412 3198 11338 2.772 0.697 0.129 0.027 60 5.2
isthmuscingulate 1346 960 2763 2.536 0.764 0.135 0.032 19 1.8
lateraloccipital 6240 4333 10548 2.197 0.524 0.139 0.028 77 7.4
lateralorbitofrontal 3636 2738 7731 2.638 0.615 0.147 0.037 68 5.0
lingual 3573 2601 6043 2.111 0.651 0.143 0.033 45 4.8
medialorbitofrontal 2194 1591 4651 2.525 0.756 0.117 0.031 30 2.8
middletemporal 5095 3540 11412 2.738 0.665 0.106 0.019 44 4.1
parahippocampal 1043 681 2602 2.983 0.917 0.119 0.026 18 1.3
paracentral 2025 1294 3829 2.561 0.666 0.106 0.021 15 1.6
parsopercularis 2087 1456 4572 2.725 0.493 0.119 0.021 23 1.8
parsorbitalis 948 653 1924 2.633 0.520 0.121 0.024 10 1.0
parstriangularis 2204 1490 4250 2.533 0.580 0.113 0.019 21 1.8
pericalcarine 1651 1161 1689 1.754 0.427 0.138 0.031 18 2.1
postcentral 6321 4102 10086 2.248 0.674 0.109 0.020 57 5.2
posteriorcingulate 1698 1258 2989 2.313 0.624 0.144 0.029 26 2.4
precentral 6524 4172 12611 2.775 0.519 0.108 0.022 51 5.8
precuneus 4232 3003 8117 2.458 0.564 0.133 0.026 48 4.8
rostralanteriorcingulate 1295 950 3221 3.052 0.743 0.123 0.025 14 1.5
rostralmiddlefrontal 5465 3917 10296 2.348 0.488 0.125 0.023 65 5.3
superiorfrontal 9682 7071 22099 2.786 0.586 0.129 0.027 110 10.6
superiorparietal 5591 3767 8956 2.174 0.449 0.114 0.020 56 4.5
superiortemporal 6172 4173 15468 3.019 0.728 0.110 0.021 57 5.4
supramarginal 4168 2848 8394 2.660 0.514 0.122 0.022 44 3.9
transversetemporal 432 281 808 2.866 0.386 0.110 0.023 4 0.4
insula 2409 1639 5755 3.398 0.795 0.106 0.023 19 2.3
