StructName NumVert SurfArea GrayVol ThickAvg ThickStd MeanCurv GausCurv FoldInd CurvInd
caudalanteriorcingulate 1602 1072 3219 2.755 0.426 0.118 0.020 19 1.3
caudalmiddlefrontal 3416 2263 6804 2.699 0.526 0.106 0.019 27 2.7
cuneus 2523 1859 3795 2.003 0.526 0.151 0.032 33 3.4
entorhinal 595 413 1825 3.181 0.815 0.120 0.030 4 0.7
fusiform 3795 2641 8264 2.751 0.590 0.125 0.025 40 4.2
inferiorparietal 6760 4729 12466 2.363 0.505 0.122 0.022 72 6.3
inferiortemporal 4203 3059 10924 2.816 0.751 0.132 0.026 53 4.6
isthmuscingulate 1305 928 2707 2.604 0.755 0.139 0.033 20 1.8
lateraloccipital 6150 4339 10420 2.202 0.519 0.139 0.029 75 7.5
lateralorbitofrontal 3464 2635 7809 2.709 0.671 0.145 0.034 53 4.9
lingual 3547 2645 6028 2.116 0.660 0.149 0.033 44 4.8
medialorbitofrontal 2242 1663 4748 2.496 0.743 0.127 0.034 32 3.1
middletemporal 5096 3501 11624 2.760 0.694 0.105 0.018 43 3.7
parahippocampal 1019 700 2657 3.046 0.820 0.128 0.029 16 1.4
paracentral 1998 1293 3840 2.569 0.680 0.109 0.020 16 1.5
parsopercularis 2075 1431 4604 2.754 0.520 0.116 0.021 21 1.8
parsorbitalis 982 682 2092 2.715 0.561 0.121 0.022 10 0.9
parstriangularis 2225 1507 4421 2.579 0.563 0.111 0.018 21 1.6
pericalcarine 1735 1226 1592 1.583 0.376 0.149 0.036 22 2.8
postcentral 6258 4094 9955 2.213 0.678 0.109 0.020 55 5.2
posteriorcingulate 1701 1259 3053 2.307 0.616 0.139 0.029 25 2.3
precentral 6589 4173 12794 2.791 0.545 0.105 0.020 50 5.3
precuneus 4200 2972 8117 2.435 0.591 0.134 0.026 48 4.8
rostralanteriorcingulate 1291 965 3231 2.994 0.761 0.132 0.026 21 1.6
rostralmiddlefrontal 5443 3961 10659 2.395 0.494 0.130 0.024 69 5.6
superiorfrontal 9619 6977 22208 2.813 0.618 0.129 0.027 109 10.8
superiorparietal 5649 3823 9109 2.187 0.493 0.115 0.020 55 4.6
superiortemporal 6093 4091 15532 3.132 0.715 0.108 0.022 58 5.5
supramarginal 4137 2860 8424 2.651 0.507 0.121 0.021 41 3.6
transversetemporal 413 277 818 2.940 0.447 0.125 0.022 4 0.4
insula 2400 1685 5737 3.386 0.701 0.113 0.023 22 2.2
