StructName NumVert SurfArea GrayVol ThickAvg ThickStd MeanCurv GausCurv FoldInd CurvInd
caudalanteriorcingulate 1561 1035 3138 2.805 0.398 0.118 0.018 17 1.2
caudalmiddlefrontal 3391 2236 6746 2.730 0.499 0.104 0.018 26 2.6
cuneus 2486 1836 3743 1.988 0.524 0.152 0.032 33 3.4
entorhinal 586 397 1802 3.136 0.720 0.116 0.027 5 0.6
fusiform 3905 2692 8329 2.737 0.592 0.123 0.024 39 4.2
inferiorparietal 6714 4664 12324 2.349 0.506 0.123 0.022 74 6.5
inferiortemporal 4521 3271 11334 2.823 0.684 0.131 0.027 62 5.4
isthmuscingulate 1332 925 2713 2.575 0.752 0.133 0.029 18 1.7
lateraloccipital 6333 4373 10609 2.198 0.518 0.138 0.028 78 7.8
lateralorbitofrontal 3427 2585 7920 2.775 0.625 0.145 0.032 53 4.5
lingual 3572 2622 5987 2.057 0.654 0.147 0.032 43 5.0
medialorbitofrontal 2142 1614 4436 2.496 0.716 0.126 0.036 33 2.9
middletemporal 5256 3560 11775 2.805 0.652 0.102 0.018 45 3.7
parahippocampal 1054 694 2679 3.118 0.901 0.116 0.020 14 0.9
paracentral 2059 1271 3783 2.584 0.690 0.102 0.018 15 1.5
parsopercularis 2108 1436 4623 2.737 0.483 0.116 0.020 22 1.8
parsorbitalis 981 667 1982 2.625 0.541 0.117 0.021 9 0.9
parstriangularis 2267 1496 4380 2.565 0.540 0.112 0.018 22 1.8
pericalcarine 1683 1259 1724 1.716 0.446 0.162 0.042 22 3.4
postcentral 6312 4119 10275 2.248 0.642 0.111 0.020 59 5.2
posteriorcingulate 1643 1253 3103 2.415 0.635 0.146 0.031 25 2.4
precentral 6608 4172 12927 2.819 0.537 0.105 0.021 50 5.6
precuneus 4250 3020 8180 2.421 0.554 0.136 0.026 50 5.0
rostralanteriorcingulate 1357 986 3299 2.981 0.692 0.128 0.026 17 1.7
rostralmiddlefrontal 5554 3984 10661 2.368 0.497 0.126 0.024 70 5.1
superiorfrontal 9661 6958 21994 2.809 0.609 0.128 0.026 108 10.8
superiorparietal 5498 3724 9003 2.195 0.459 0.116 0.020 55 4.6
superiortemporal 6333 4165 15676 3.135 0.739 0.107 0.020 55 5.4
supramarginal 4219 2876 8475 2.632 0.515 0.123 0.022 44 3.9
transversetemporal 408 275 821 2.948 0.453 0.131 0.026 5 0.4
insula 2515 1684 5902 3.383 0.722 0.105 0.022 21 2.3
