StructName NumVert SurfArea GrayVol ThickAvg ThickStd MeanCurv GausCurv FoldInd CurvInd
caudalanteriorcingulate 1536 1006 3047 2.802 0.388 0.113 0.015 16 1.0
caudalmiddlefrontal 3233 2218 5709 2.399 0.525 0.108 0.019 26 2.7
cuneus 2702 1895 3588 1.890 0.517 0.145 0.032 32 3.7
entorhinal 555 393 1720 3.159 0.702 0.121 0.026 5 0.6
fusiform 3838 2663 8245 2.820 0.631 0.124 0.028 39 4.4
inferiorparietal 6350 4554 11493 2.324 0.464 0.126 0.025 71 6.9
inferiortemporal 3885 2990 10397 2.796 0.723 0.138 0.029 55 5.4
isthmuscingulate 1309 938 2733 2.672 0.721 0.135 0.030 17 1.7
lateraloccipital 6184 4180 9379 2.082 0.529 0.133 0.030 72 7.6
lateralorbitofrontal 3455 2596 7227 2.618 0.693 0.138 0.030 51 4.6
lingual 4040 2932 5783 1.893 0.620 0.145 0.035 50 6.1
medialorbitofrontal 2192 1563 4212 2.484 0.823 0.127 0.033 37 3.1
middletemporal 4920 3507 11312 2.794 0.632 0.108 0.020 45 4.2
parahippocampal 1069 710 2518 2.992 0.847 0.111 0.022 10 0.9
paracentral 1961 1235 3432 2.512 0.670 0.103 0.018 14 1.4
parsopercularis 1921 1366 4213 2.707 0.489 0.117 0.023 21 1.9
parsorbitalis 939 665 2032 2.723 0.530 0.117 0.022 10 0.8
parstriangularis 2099 1488 4105 2.435 0.480 0.113 0.020 20 1.9
pericalcarine 1668 1128 1360 1.486 0.433 0.137 0.033 19 2.4
postcentral 5819 3933 9015 2.142 0.677 0.111 0.020 53 4.9
posteriorcingulate 1572 1180 2859 2.385 0.643 0.135 0.026 22 1.8
precentral 6164 4038 11714 2.668 0.528 0.108 0.020 49 5.0
precuneus 4196 2952 7881 2.561 0.594 0.130 0.026 46 4.6
rostralanteriorcingulate 1251 907 3224 3.189 0.694 0.122 0.024 16 1.3
rostralmiddlefrontal 4718 3648 9046 2.169 0.500 0.138 0.032 77 6.6
superiorfrontal 8555 6397 19811 2.723 0.670 0.131 0.028 98 10.7
superiorparietal 5374 3729 8483 2.152 0.434 0.117 0.021 52 4.6
superiortemporal 5671 3905 14643 3.091 0.731 0.109 0.020 50 4.9
supramarginal 3910 2825 7848 2.589 0.524 0.126 0.024 39 3.9
transversetemporal 416 263 798 2.952 0.362 0.112 0.019 4 0.3
insula 2318 1576 5610 3.396 0.772 0.103 0.023 19 2.0
