StructName NumVert SurfArea GrayVol ThickAvg ThickStd MeanCurv GausCurv FoldInd CurvInd
caudalanteriorcingulate 1627 1061 2963 2.519 0.535 0.115 0.017 17 1.2
caudalmiddlefrontal 3386 2286 6326 2.497 0.542 0.107 0.019 27 2.7
cuneus 2685 1938 3752 1.927 0.563 0.149 0.031 34 3.6
entorhinal 547 380 1767 2.988 0.835 0.111 0.023 3 0.5
fusiform 3974 2714 8638 2.800 0.607 0.123 0.026 40 4.4
inferiorparietal 6618 4615 12409 2.471 0.507 0.123 0.023 70 6.3
inferiortemporal 4480 3265 11409 2.827 0.672 0.132 0.027 59 5.4
isthmuscingulate 1385 958 2769 2.504 0.746 0.129 0.028 17 1.6
lateraloccipital 6600 4481 10642 2.178 0.574 0.136 0.029 76 8.2
lateralorbitofrontal 3502 2720 7812 2.638 0.616 0.149 0.036 59 5.7
lingual 3818 2792 6043 1.999 0.654 0.144 0.033 46 5.0
medialorbitofrontal 2126 1526 4234 2.400 0.712 0.118 0.028 28 2.4
middletemporal 5082 3444 11417 2.836 0.642 0.102 0.018 44 3.6
parahippocampal 1029 679 2598 3.007 0.858 0.117 0.025 16 1.1
paracentral 1984 1272 3615 2.498 0.627 0.106 0.020 15 1.5
parsopercularis 2020 1389 4367 2.674 0.532 0.116 0.020 19 1.7
parsorbitalis 961 679 1937 2.444 0.610 0.125 0.022 11 1.0
parstriangularis 2162 1464 4136 2.441 0.566 0.114 0.019 21 1.7
pericalcarine 1709 1196 1472 1.519 0.373 0.144 0.031 21 2.3
postcentral 6234 4085 9779 2.183 0.667 0.110 0.020 57 5.1
posteriorcingulate 1639 1228 3015 2.353 0.606 0.145 0.029 28 2.2
precentral 6428 4153 12545 2.727 0.546 0.108 0.021 49 5.5
precuneus 4170 2979 8056 2.470 0.593 0.134 0.026 49 4.9
rostralanteriorcingulate 1363 1019 3239 2.903 0.776 0.133 0.033 21 2.0
rostralmiddlefrontal 5113 3834 9610 2.163 0.565 0.132 0.026 68 5.7
superiorfrontal 9117 6836 20646 2.620 0.662 0.134 0.028 111 11.0
superiorparietal 5596 3817 9204 2.204 0.510 0.115 0.020 54 4.6
superiortemporal 6235 4189 15499 3.067 0.705 0.109 0.021 53 5.5
supramarginal 3995 2789 8171 2.647 0.508 0.125 0.022 41 3.8
transversetemporal 405 269 804 2.938 0.492 0.122 0.026 4 0.4
insula 2387 1612 5625 3.346 0.751 0.105 0.023 18 2.2
