StructName NumVert SurfArea GrayVol ThickAvg ThickStd MeanCurv GausCurv FoldInd CurvInd
caudalanteriorcingulate 1916 1182 3168 2.521 0.505 0.093 0.013 16 1.0
caudalmiddlefrontal 3053 2027 4985 2.313 0.408 0.103 0.018 25 2.1
cuneus 3385 2254 3779 1.655 0.384 0.138 0.029 43 4.1
entorhinal 575 341 2081 3.803 0.688 0.079 0.018 3 0.4
fusiform 4342 2936 8358 2.709 0.534 0.117 0.023 50 3.9
inferiorparietal 6564 4485 10295 2.129 0.461 0.122 0.023 77 6.2
inferiortemporal 4222 2894 10280 2.927 0.667 0.115 0.022 48 3.9
isthmuscingulate 1418 999 2436 2.296 0.754 0.143 0.032 22 1.9
lateraloccipital 6592 4381 9340 1.954 0.446 0.136 0.030 85 8.1
lateralorbitofrontal 4344 2984 7935 2.494 0.607 0.128 0.031 57 5.9
lingual 4927 3448 6523 1.857 0.615 0.147 0.036 67 7.7
medialorbitofrontal 2297 1621 4585 2.521 0.601 0.134 0.029 34 2.7
middletemporal 5677 3948 11893 2.690 0.545 0.120 0.022 67 5.2
parahippocampal 924 544 1856 2.855 0.669 0.080 0.016 6 0.6
paracentral 2515 1551 3662 2.232 0.515 0.107 0.018 20 1.9
parsopercularis 2063 1354 3607 2.547 0.430 0.101 0.019 16 1.5
parsorbitalis 1161 766 2286 2.602 0.392 0.122 0.021 14 1.1
parstriangularis 2197 1509 3736 2.283 0.504 0.115 0.020 22 2.0
pericalcarine 2294 1527 2145 1.579 0.450 0.135 0.034 27 3.1
postcentral 8049 5273 10920 1.989 0.604 0.115 0.022 81 7.4
posteriorcingulate 1738 1185 2984 2.471 0.564 0.129 0.026 22 2.0
precentral 6410 4102 10305 2.378 0.441 0.102 0.018 51 4.8
precuneus 5140 3464 8164 2.264 0.496 0.119 0.024 53 5.0
rostralanteriorcingulate 1603 1092 3127 2.690 0.643 0.124 0.024 21 1.5
rostralmiddlefrontal 5838 4147 9592 2.130 0.492 0.127 0.025 76 6.5
superiorfrontal 11295 7781 21314 2.422 0.549 0.119 0.023 119 11.0
superiorparietal 6331 4244 8471 1.897 0.385 0.118 0.021 66 5.7
superiortemporal 7179 4863 16287 2.911 0.676 0.114 0.021 70 6.2
supramarginal 5241 3553 9019 2.400 0.469 0.122 0.025 52 5.3
transversetemporal 785 516 1508 2.607 0.512 0.140 0.027 10 0.8
insula 3098 2074 6346 3.073 0.715 0.103 0.022 26 2.6
