StructName NumVert SurfArea GrayVol ThickAvg ThickStd MeanCurv GausCurv FoldInd CurvInd
caudalanteriorcingulate 1947 1232 3164 2.428 0.561 0.096 0.015 16 1.2
caudalmiddlefrontal 3095 2074 5224 2.357 0.451 0.105 0.020 24 2.5
cuneus 3274 2282 3925 1.677 0.396 0.145 0.033 43 4.4
entorhinal 596 395 2074 3.347 0.863 0.122 0.040 6 0.8
fusiform 4315 2975 8576 2.671 0.542 0.123 0.024 54 4.3
inferiorparietal 6394 4416 10575 2.174 0.504 0.124 0.024 73 6.5
inferiortemporal 4346 3019 10351 2.833 0.662 0.120 0.025 47 4.3
isthmuscingulate 1464 1070 2498 2.234 0.776 0.147 0.038 23 2.2
lateraloccipital 6544 4490 9400 1.941 0.479 0.141 0.029 86 8.1
lateralorbitofrontal 3757 2740 7526 2.513 0.600 0.142 0.037 53 5.7
lingual 4721 3355 6657 1.910 0.572 0.144 0.035 62 6.7
medialorbitofrontal 2082 1582 4642 2.538 0.713 0.146 0.037 34 3.6
middletemporal 5563 3899 11782 2.643 0.576 0.122 0.023 66 5.3
parahippocampal 946 589 1845 2.690 0.797 0.083 0.017 6 0.5
paracentral 2416 1569 3673 2.234 0.514 0.115 0.022 20 2.2
parsopercularis 2019 1350 3536 2.485 0.415 0.108 0.021 18 1.7
parsorbitalis 1237 856 2464 2.530 0.496 0.130 0.028 16 1.5
parstriangularis 2261 1551 3832 2.243 0.533 0.121 0.024 23 2.4
pericalcarine 2239 1522 2068 1.584 0.477 0.142 0.037 33 3.6
postcentral 8040 5397 11388 2.014 0.612 0.120 0.025 80 8.5
posteriorcingulate 1680 1166 2866 2.443 0.524 0.132 0.027 22 2.0
precentral 6499 4176 10656 2.375 0.487 0.104 0.020 50 5.3
precuneus 5047 3493 8184 2.246 0.498 0.125 0.027 55 5.8
rostralanteriorcingulate 1530 1064 3211 2.762 0.746 0.130 0.033 23 2.3
rostralmiddlefrontal 5346 3985 9913 2.237 0.550 0.135 0.030 70 6.8
superiorfrontal 10809 7649 21969 2.468 0.569 0.123 0.027 111 11.8
superiorparietal 6254 4294 8666 1.891 0.425 0.121 0.023 61 6.2
superiortemporal 7385 4999 16247 2.783 0.652 0.117 0.023 71 7.1
supramarginal 5177 3544 9092 2.365 0.492 0.121 0.024 50 5.2
transversetemporal 752 489 1423 2.545 0.431 0.141 0.035 10 1.0
insula 3215 2140 6402 3.029 0.692 0.105 0.024 27 3.3
