StructName NumVert SurfArea GrayVol ThickAvg ThickStd MeanCurv GausCurv FoldInd CurvInd
caudalanteriorcingulate 1923 1199 3266 2.488 0.617 0.094 0.015 15 1.1
caudalmiddlefrontal 3174 2086 5648 2.537 0.410 0.103 0.018 24 2.3
cuneus 3307 2288 3936 1.678 0.398 0.145 0.034 45 4.5
entorhinal 553 359 1977 3.538 0.720 0.098 0.025 4 0.3
fusiform 4466 3041 8323 2.565 0.538 0.120 0.025 52 4.5
inferiorparietal 6310 4456 10528 2.161 0.485 0.127 0.026 72 6.5
inferiortemporal 4056 2847 9662 2.840 0.649 0.122 0.024 45 4.2
isthmuscingulate 1518 1045 2464 2.207 0.757 0.140 0.034 22 2.0
lateraloccipital 6375 4449 9187 1.921 0.452 0.143 0.031 84 8.4
lateralorbitofrontal 3997 2885 7739 2.503 0.531 0.141 0.033 56 5.7
lingual 4725 3431 6562 1.851 0.563 0.150 0.038 65 7.5
medialorbitofrontal 1943 1535 4358 2.656 0.599 0.147 0.032 34 2.7
middletemporal 5688 3968 12032 2.652 0.582 0.120 0.023 62 5.4
parahippocampal 956 583 1740 2.618 0.600 0.078 0.015 5 0.5
paracentral 2442 1538 3731 2.316 0.560 0.111 0.020 19 2.0
parsopercularis 2037 1359 3595 2.528 0.392 0.106 0.020 18 1.6
parsorbitalis 1173 777 2312 2.551 0.431 0.130 0.024 16 1.2
parstriangularis 2220 1521 3858 2.306 0.514 0.117 0.021 22 2.0
pericalcarine 2121 1465 2071 1.629 0.433 0.142 0.035 25 3.2
postcentral 8168 5412 11313 2.005 0.604 0.119 0.023 83 7.7
posteriorcingulate 1698 1182 2906 2.449 0.527 0.138 0.031 22 2.4
precentral 6616 4174 10830 2.417 0.454 0.102 0.019 49 5.1
precuneus 5025 3464 8084 2.227 0.492 0.124 0.027 53 5.6
rostralanteriorcingulate 1608 1142 3282 2.792 0.665 0.132 0.029 21 1.8
rostralmiddlefrontal 5488 3966 9830 2.237 0.493 0.135 0.028 75 6.9
superiorfrontal 11243 7777 22780 2.543 0.560 0.121 0.024 118 11.6
superiorparietal 6168 4244 8402 1.868 0.387 0.122 0.023 61 6.2
superiortemporal 7471 5026 16432 2.782 0.659 0.117 0.022 72 6.9
supramarginal 5205 3547 9263 2.409 0.466 0.122 0.024 50 5.2
transversetemporal 745 483 1398 2.580 0.450 0.144 0.033 9 1.0
insula 3267 2159 6306 2.922 0.750 0.108 0.028 32 3.6
