StructName NumVert SurfArea GrayVol ThickAvg ThickStd MeanCurv GausCurv FoldInd CurvInd
caudalanteriorcingulate 1912 1204 3108 2.412 0.554 0.093 0.015 15 1.2
caudalmiddlefrontal 3359 2192 5520 2.349 0.410 0.103 0.019 26 2.6
cuneus 3352 2288 3759 1.612 0.354 0.144 0.031 45 4.3
entorhinal 597 385 1891 3.349 0.843 0.111 0.036 6 0.8
fusiform 4345 2986 8277 2.608 0.521 0.121 0.025 52 4.3
inferiorparietal 6410 4446 10515 2.160 0.501 0.124 0.023 74 6.1
inferiortemporal 4334 3002 10460 2.843 0.657 0.121 0.024 50 4.4
isthmuscingulate 1528 1057 2492 2.222 0.794 0.142 0.034 23 2.1
lateraloccipital 6275 4296 8896 1.922 0.438 0.141 0.029 83 7.5
lateralorbitofrontal 4196 2960 7990 2.508 0.575 0.138 0.034 62 5.6
lingual 4747 3364 6733 1.914 0.590 0.144 0.034 64 6.5
medialorbitofrontal 2179 1610 4351 2.427 0.578 0.144 0.039 38 3.9
middletemporal 5604 3924 11622 2.633 0.537 0.121 0.022 64 5.4
parahippocampal 949 594 1849 2.629 0.694 0.092 0.022 11 0.7
paracentral 2393 1536 3686 2.259 0.511 0.112 0.020 19 2.0
parsopercularis 2110 1396 3566 2.451 0.379 0.107 0.021 19 1.6
parsorbitalis 1183 795 2338 2.595 0.460 0.126 0.023 15 1.2
parstriangularis 2241 1516 3911 2.329 0.527 0.119 0.022 24 2.1
pericalcarine 2313 1537 2129 1.590 0.487 0.135 0.033 27 3.3
postcentral 8226 5403 11264 1.992 0.595 0.117 0.024 83 7.8
posteriorcingulate 1688 1195 2798 2.388 0.476 0.138 0.030 23 2.3
precentral 6668 4213 11032 2.422 0.472 0.102 0.019 50 5.1
precuneus 5114 3513 8131 2.209 0.503 0.124 0.026 55 5.4
rostralanteriorcingulate 1585 1094 3108 2.660 0.692 0.125 0.025 17 1.7
rostralmiddlefrontal 5327 3922 9587 2.231 0.526 0.135 0.028 74 6.3
superiorfrontal 11185 7860 21872 2.440 0.541 0.123 0.026 121 12.0
superiorparietal 6253 4263 8460 1.874 0.394 0.122 0.022 67 6.0
superiortemporal 7333 4908 16131 2.830 0.641 0.115 0.022 68 6.6
supramarginal 5235 3554 9245 2.386 0.483 0.121 0.024 51 5.2
transversetemporal 779 502 1456 2.551 0.370 0.139 0.026 9 0.8
insula 3191 2105 6402 3.012 0.678 0.103 0.024 29 2.9
