StructName NumVert SurfArea GrayVol ThickAvg ThickStd MeanCurv GausCurv FoldInd CurvInd
caudalanteriorcingulate 1932 1209 3161 2.472 0.519 0.092 0.015 14 1.1
caudalmiddlefrontal 3306 2138 6177 2.604 0.455 0.101 0.018 24 2.3
cuneus 3392 2383 4109 1.662 0.413 0.145 0.030 46 4.3
entorhinal 735 449 1926 2.885 1.013 0.118 0.052 16 1.6
fusiform 4436 3042 8942 2.637 0.622 0.121 0.026 50 4.6
inferiorparietal 6512 4530 11052 2.200 0.533 0.124 0.023 75 6.1
inferiortemporal 4216 2937 10577 2.915 0.734 0.120 0.024 45 4.2
isthmuscingulate 1484 1051 2487 2.202 0.784 0.140 0.031 21 2.1
lateraloccipital 6132 4271 8862 1.906 0.480 0.141 0.028 81 7.2
lateralorbitofrontal 4310 3047 8185 2.503 0.626 0.132 0.031 53 5.7
lingual 4714 3409 6812 1.882 0.578 0.146 0.035 62 6.8
medialorbitofrontal 2204 1644 4585 2.496 0.668 0.139 0.031 36 2.9
middletemporal 5738 3983 12702 2.723 0.668 0.121 0.022 63 5.3
parahippocampal 1003 623 1848 2.525 0.739 0.088 0.029 9 0.9
paracentral 2404 1549 3672 2.271 0.504 0.110 0.019 18 1.9
parsopercularis 2076 1371 3637 2.511 0.383 0.104 0.019 17 1.5
parsorbitalis 1145 785 2265 2.480 0.422 0.127 0.023 14 1.1
parstriangularis 2142 1465 3783 2.323 0.577 0.119 0.022 22 2.1
pericalcarine 2180 1450 2033 1.597 0.472 0.132 0.031 25 3.0
postcentral 8531 5548 12458 2.072 0.691 0.116 0.022 83 7.7
posteriorcingulate 1757 1236 2972 2.404 0.478 0.136 0.029 21 2.3
precentral 6615 4201 11475 2.494 0.517 0.103 0.020 51 5.2
precuneus 5143 3517 8368 2.236 0.508 0.122 0.025 54 5.3
rostralanteriorcingulate 1685 1171 3413 2.801 0.705 0.123 0.026 18 2.1
rostralmiddlefrontal 6029 4198 10579 2.312 0.498 0.127 0.023 71 5.9
superiorfrontal 11479 7901 23128 2.539 0.578 0.119 0.023 112 11.0
superiorparietal 6235 4282 8538 1.901 0.389 0.118 0.021 62 5.7
superiortemporal 7241 4869 16563 2.896 0.676 0.116 0.022 65 6.8
supramarginal 5243 3573 10044 2.472 0.590 0.121 0.024 51 5.2
transversetemporal 833 554 1505 2.480 0.376 0.142 0.032 9 1.1
insula 3210 2105 6389 3.039 0.696 0.100 0.022 23 3.0
