StructName NumVert SurfArea GrayVol ThickAvg ThickStd MeanCurv GausCurv FoldInd CurvInd
caudalanteriorcingulate 1994 1271 3585 2.525 0.630 0.098 0.021 18 1.5
caudalmiddlefrontal 3413 2209 7379 2.748 0.607 0.104 0.022 28 3.0
cuneus 3294 2348 4301 1.720 0.492 0.146 0.035 45 4.4
entorhinal 794 533 1962 2.544 1.063 0.139 0.048 13 1.6
fusiform 4458 3135 9414 2.684 0.707 0.128 0.031 58 5.8
inferiorparietal 6218 4289 13609 2.439 0.798 0.127 0.026 79 6.6
inferiortemporal 4854 3279 12731 2.950 0.847 0.120 0.030 56 5.6
isthmuscingulate 1533 1089 2791 2.277 0.826 0.139 0.038 20 2.4
lateraloccipital 6507 4432 11039 2.108 0.635 0.140 0.032 89 8.4
lateralorbitofrontal 4631 3260 9670 2.693 0.712 0.134 0.036 60 7.1
lingual 4791 3579 7599 2.019 0.669 0.153 0.041 71 8.3
medialorbitofrontal 2635 1955 5851 2.516 0.770 0.145 0.046 47 4.5
middletemporal 5904 4028 14754 2.881 0.765 0.115 0.023 68 5.2
parahippocampal 1094 723 2009 2.459 0.796 0.124 0.040 14 1.9
paracentral 2603 1814 4250 2.283 0.589 0.126 0.034 24 3.5
parsopercularis 1940 1308 3719 2.596 0.418 0.106 0.023 17 1.6
parsorbitalis 1257 858 2885 2.741 0.548 0.122 0.023 14 1.2
parstriangularis 2443 1668 5392 2.598 0.771 0.118 0.026 37 2.5
pericalcarine 2145 1442 2385 1.848 0.553 0.133 0.038 25 3.3
postcentral 9042 6042 15386 2.247 0.755 0.121 0.034 113 11.3
posteriorcingulate 1872 1297 3313 2.383 0.690 0.137 0.034 25 2.6
precentral 6743 4399 13322 2.645 0.604 0.109 0.025 56 6.3
precuneus 5390 3829 9493 2.313 0.542 0.124 0.031 64 6.2
rostralanteriorcingulate 1941 1376 3798 2.574 0.801 0.128 0.032 24 2.4
rostralmiddlefrontal 6151 4200 12948 2.505 0.684 0.122 0.025 74 6.0
superiorfrontal 12147 8311 28155 2.734 0.696 0.120 0.028 135 13.0
superiorparietal 6210 4253 10800 2.193 0.571 0.120 0.024 67 5.8
superiortemporal 7399 5035 19644 3.099 0.841 0.117 0.025 72 7.7
supramarginal 5707 3864 12241 2.596 0.697 0.120 0.025 58 5.9
transversetemporal 789 562 1681 2.687 0.430 0.157 0.033 11 1.1
insula 3076 2112 6625 3.146 0.754 0.110 0.028 28 3.7
