StructName NumVert SurfArea GrayVol ThickAvg ThickStd MeanCurv GausCurv FoldInd CurvInd
caudalanteriorcingulate 1824 1151 3087 2.488 0.475 0.098 0.016 16 1.2
caudalmiddlefrontal 3305 2163 5936 2.484 0.446 0.102 0.018 25 2.4
cuneus 3445 2385 4320 1.716 0.455 0.146 0.032 47 4.5
entorhinal 730 466 1839 2.737 0.959 0.141 0.072 57 1.6
fusiform 4471 3057 8724 2.604 0.630 0.121 0.027 50 4.6
inferiorparietal 6555 4481 11472 2.267 0.552 0.123 0.023 73 6.1
inferiortemporal 4267 2965 10663 2.921 0.679 0.121 0.024 47 4.1
isthmuscingulate 1423 989 2434 2.248 0.784 0.143 0.034 21 2.1
lateraloccipital 6537 4451 9696 1.970 0.528 0.138 0.029 83 7.8
lateralorbitofrontal 4298 2996 7896 2.459 0.625 0.131 0.031 57 5.4
lingual 4772 3444 6730 1.862 0.590 0.149 0.038 66 7.2
medialorbitofrontal 2222 1651 4614 2.489 0.669 0.142 0.035 37 3.3
middletemporal 5698 3941 12563 2.725 0.664 0.120 0.022 62 5.1
parahippocampal 983 614 1690 2.372 0.742 0.096 0.027 9 1.0
paracentral 2493 1602 3872 2.283 0.515 0.112 0.021 20 2.1
parsopercularis 1938 1295 3380 2.472 0.392 0.105 0.022 16 1.5
parsorbitalis 1221 826 2322 2.387 0.441 0.124 0.022 15 1.2
parstriangularis 2249 1531 3781 2.250 0.541 0.120 0.023 25 2.2
pericalcarine 2220 1496 2027 1.551 0.384 0.140 0.035 25 3.3
postcentral 8483 5509 12093 2.037 0.643 0.116 0.024 84 7.9
posteriorcingulate 1804 1246 2980 2.403 0.505 0.136 0.029 24 2.2
precentral 6629 4155 11324 2.486 0.488 0.102 0.019 50 5.3
precuneus 5168 3544 8595 2.264 0.498 0.121 0.025 54 5.2
rostralanteriorcingulate 1605 1087 3294 2.760 0.680 0.119 0.023 18 1.7
rostralmiddlefrontal 5963 4190 10203 2.195 0.490 0.129 0.024 74 6.1
superiorfrontal 11442 7829 22300 2.482 0.568 0.119 0.023 115 10.8
superiorparietal 6318 4311 8949 1.958 0.402 0.120 0.022 65 5.9
superiortemporal 7445 4978 16846 2.882 0.698 0.115 0.023 70 6.7
supramarginal 5457 3656 10102 2.460 0.555 0.118 0.023 52 5.3
transversetemporal 813 529 1506 2.543 0.403 0.138 0.028 9 0.9
insula 3187 2101 6352 3.034 0.690 0.101 0.022 23 2.9
