StructName NumVert SurfArea GrayVol ThickAvg ThickStd MeanCurv GausCurv FoldInd CurvInd
caudalanteriorcingulate 1964 1235 3298 2.473 0.588 0.094 0.015 15 1.2
caudalmiddlefrontal 3281 2172 5606 2.402 0.408 0.104 0.020 27 2.5
cuneus 3332 2265 3785 1.643 0.356 0.144 0.031 45 4.2
entorhinal 610 393 1836 3.309 0.912 0.104 0.028 6 0.5
fusiform 4392 3005 8540 2.637 0.527 0.121 0.026 58 4.4
inferiorparietal 6485 4498 10766 2.173 0.487 0.125 0.025 77 6.7
inferiortemporal 4202 2995 10220 2.801 0.649 0.125 0.025 48 4.5
isthmuscingulate 1542 1067 2532 2.224 0.773 0.137 0.034 24 2.1
lateraloccipital 6220 4258 8823 1.940 0.435 0.140 0.029 86 7.5
lateralorbitofrontal 4256 2964 7990 2.473 0.565 0.135 0.034 60 5.8
lingual 4723 3397 6670 1.880 0.579 0.146 0.035 63 7.0
medialorbitofrontal 2192 1634 4517 2.450 0.628 0.144 0.034 39 3.1
middletemporal 5531 3874 11645 2.678 0.558 0.122 0.023 62 5.4
parahippocampal 957 603 1791 2.557 0.639 0.089 0.025 7 0.8
paracentral 2417 1549 3578 2.216 0.517 0.112 0.021 19 2.1
parsopercularis 2061 1369 3590 2.468 0.410 0.106 0.019 18 1.6
parsorbitalis 1190 786 2375 2.581 0.486 0.122 0.023 14 1.1
parstriangularis 2306 1575 3988 2.310 0.548 0.119 0.022 23 2.2
pericalcarine 2251 1513 2090 1.559 0.398 0.132 0.031 22 3.1
postcentral 8229 5440 11558 2.021 0.613 0.118 0.024 81 7.9
posteriorcingulate 1773 1208 2933 2.382 0.498 0.134 0.029 22 2.3
precentral 6628 4177 11007 2.439 0.468 0.103 0.020 51 5.4
precuneus 5101 3467 8005 2.214 0.492 0.122 0.026 55 5.3
rostralanteriorcingulate 1626 1126 3155 2.619 0.694 0.129 0.031 22 1.9
rostralmiddlefrontal 5544 4000 9859 2.232 0.480 0.131 0.025 76 6.0
superiorfrontal 11314 7897 22123 2.467 0.535 0.122 0.025 123 11.7
superiorparietal 6270 4239 8392 1.872 0.399 0.120 0.022 64 6.0
superiortemporal 7228 4895 16266 2.846 0.667 0.117 0.023 70 7.1
supramarginal 5371 3652 9443 2.390 0.489 0.122 0.024 52 5.6
transversetemporal 795 515 1501 2.534 0.386 0.138 0.028 10 0.9
insula 3307 2190 6428 2.948 0.787 0.111 0.026 32 3.9
