StructName NumVert SurfArea GrayVol ThickAvg ThickStd MeanCurv GausCurv FoldInd CurvInd
caudalanteriorcingulate 1939 1209 3086 2.366 0.561 0.091 0.015 15 1.2
caudalmiddlefrontal 3221 2171 5271 2.242 0.448 0.107 0.020 27 2.6
cuneus 3382 2260 3710 1.599 0.345 0.139 0.032 44 4.2
entorhinal 632 393 1936 3.326 0.828 0.105 0.034 5 0.6
fusiform 4302 2951 8270 2.608 0.520 0.123 0.025 51 4.4
inferiorparietal 6362 4386 9989 2.095 0.483 0.123 0.024 74 6.2
inferiortemporal 4297 2971 10278 2.832 0.656 0.118 0.024 46 4.1
isthmuscingulate 1490 1056 2438 2.169 0.763 0.142 0.035 23 2.1
lateraloccipital 6415 4328 8547 1.847 0.428 0.137 0.028 81 7.5
lateralorbitofrontal 4082 2907 7601 2.454 0.609 0.137 0.034 58 5.7
lingual 4909 3443 6603 1.846 0.553 0.146 0.037 69 7.3
medialorbitofrontal 2151 1596 4307 2.393 0.641 0.140 0.037 33 3.4
middletemporal 5683 3958 11776 2.636 0.560 0.120 0.022 65 5.2
parahippocampal 925 564 1751 2.637 0.664 0.077 0.016 6 0.5
paracentral 2393 1548 3558 2.178 0.495 0.115 0.023 20 2.3
parsopercularis 1944 1276 3285 2.451 0.404 0.106 0.022 16 1.6
parsorbitalis 1176 792 2272 2.536 0.393 0.128 0.025 15 1.3
parstriangularis 2265 1536 3830 2.265 0.549 0.119 0.022 24 2.1
pericalcarine 2288 1526 2159 1.580 0.425 0.136 0.036 26 3.6
postcentral 8085 5291 10581 1.938 0.586 0.116 0.024 81 7.6
posteriorcingulate 1673 1154 2695 2.318 0.468 0.138 0.033 23 2.2
precentral 6523 4154 10508 2.350 0.457 0.103 0.020 52 5.2
precuneus 5082 3482 7985 2.168 0.486 0.122 0.026 54 5.6
rostralanteriorcingulate 1574 1099 3112 2.654 0.639 0.131 0.032 19 2.3
rostralmiddlefrontal 5474 3955 9364 2.156 0.523 0.131 0.027 74 5.9
superiorfrontal 10953 7708 21493 2.421 0.550 0.122 0.025 117 11.6
superiorparietal 6223 4215 8135 1.832 0.391 0.119 0.022 64 5.8
superiortemporal 7270 4879 16095 2.836 0.673 0.116 0.023 67 7.1
supramarginal 5170 3589 8952 2.316 0.473 0.125 0.025 50 5.6
transversetemporal 825 512 1469 2.519 0.433 0.133 0.028 9 0.9
insula 3162 2097 6352 3.040 0.709 0.100 0.020 23 2.5
