StructName NumVert SurfArea GrayVol ThickAvg ThickStd MeanCurv GausCurv FoldInd CurvInd
caudalanteriorcingulate 1952 1211 3316 2.524 0.534 0.093 0.015 16 1.2
caudalmiddlefrontal 3182 2075 5561 2.471 0.422 0.103 0.019 25 2.3
cuneus 3388 2274 3943 1.684 0.409 0.142 0.033 44 4.6
entorhinal 555 353 1928 3.475 0.760 0.102 0.027 4 0.5
fusiform 4361 2991 8264 2.578 0.536 0.123 0.028 50 4.4
inferiorparietal 6379 4410 10665 2.197 0.503 0.126 0.024 78 6.1
inferiortemporal 4380 3011 10431 2.851 0.620 0.120 0.025 49 4.7
isthmuscingulate 1438 1017 2364 2.190 0.741 0.144 0.033 22 2.0
lateraloccipital 6548 4447 9361 1.936 0.462 0.138 0.029 86 8.0
lateralorbitofrontal 4141 2993 7909 2.496 0.536 0.141 0.036 64 5.9
lingual 4829 3374 6741 1.907 0.589 0.145 0.036 65 7.3
medialorbitofrontal 2131 1621 4529 2.533 0.550 0.146 0.038 39 3.7
middletemporal 5842 4041 12346 2.693 0.601 0.121 0.022 64 5.5
parahippocampal 963 606 1849 2.608 0.621 0.093 0.020 11 0.7
paracentral 2467 1567 3813 2.283 0.549 0.109 0.020 19 2.0
parsopercularis 1974 1302 3413 2.507 0.391 0.106 0.021 19 1.6
parsorbitalis 1152 779 2274 2.537 0.420 0.129 0.024 15 1.1
parstriangularis 2268 1566 3901 2.270 0.531 0.121 0.023 25 2.2
pericalcarine 2239 1492 2135 1.633 0.448 0.133 0.034 25 3.1
postcentral 8299 5363 11348 2.016 0.603 0.115 0.023 80 7.6
posteriorcingulate 1740 1185 2899 2.346 0.555 0.135 0.029 24 2.1
precentral 6635 4170 10824 2.416 0.438 0.102 0.019 50 5.1
precuneus 5115 3477 8273 2.245 0.516 0.124 0.027 57 5.7
rostralanteriorcingulate 1668 1147 3282 2.747 0.715 0.128 0.028 19 2.0
rostralmiddlefrontal 5784 4130 10032 2.210 0.506 0.130 0.025 73 6.6
superiorfrontal 11427 7796 22908 2.545 0.560 0.119 0.023 114 11.3
superiorparietal 6305 4297 8633 1.898 0.404 0.121 0.022 63 5.9
superiortemporal 7463 4975 16589 2.820 0.666 0.114 0.021 69 6.8
supramarginal 5217 3512 9246 2.420 0.475 0.121 0.024 52 5.2
transversetemporal 777 489 1417 2.519 0.382 0.137 0.030 9 0.8
insula 3279 2178 6333 2.916 0.691 0.104 0.024 26 3.4
