StructName NumVert SurfArea GrayVol ThickAvg ThickStd MeanCurv GausCurv FoldInd CurvInd
caudalanteriorcingulate 1819 1153 3059 2.524 0.488 0.098 0.014 15 1.1
caudalmiddlefrontal 3181 2062 5935 2.595 0.460 0.101 0.018 23 2.2
cuneus 3318 2318 4059 1.691 0.410 0.141 0.030 42 4.1
entorhinal 706 431 2101 3.068 0.990 0.125 0.045 16 1.3
fusiform 4357 2995 8295 2.545 0.604 0.124 0.027 49 4.6
inferiorparietal 6458 4492 10930 2.195 0.551 0.124 0.023 72 6.0
inferiortemporal 4188 2954 10233 2.823 0.700 0.123 0.024 47 4.5
isthmuscingulate 1479 1041 2494 2.213 0.824 0.136 0.032 20 1.9
lateraloccipital 6120 4272 8896 1.902 0.498 0.142 0.028 79 7.3
lateralorbitofrontal 4170 2952 8047 2.560 0.624 0.132 0.031 55 5.3
lingual 4638 3360 6801 1.914 0.601 0.147 0.036 64 6.7
medialorbitofrontal 2182 1651 4659 2.534 0.634 0.146 0.032 37 2.9
middletemporal 5668 3918 12260 2.683 0.655 0.120 0.021 61 5.0
parahippocampal 998 615 1820 2.514 0.690 0.092 0.022 8 1.0
paracentral 2500 1599 3886 2.294 0.523 0.113 0.021 20 2.2
parsopercularis 1992 1329 3494 2.521 0.365 0.104 0.019 17 1.4
parsorbitalis 1161 816 2285 2.451 0.455 0.134 0.024 15 1.2
parstriangularis 2220 1528 3831 2.273 0.535 0.120 0.023 23 2.2
pericalcarine 2263 1533 2140 1.588 0.467 0.140 0.035 26 3.6
postcentral 8449 5488 12479 2.071 0.697 0.114 0.022 77 7.9
posteriorcingulate 1715 1193 2994 2.446 0.509 0.135 0.030 20 2.2
precentral 6655 4226 11389 2.496 0.527 0.105 0.020 51 5.3
precuneus 5117 3540 8415 2.235 0.506 0.122 0.024 52 5.2
rostralanteriorcingulate 1638 1132 3392 2.887 0.665 0.120 0.024 19 1.7
rostralmiddlefrontal 5934 4191 10595 2.311 0.497 0.129 0.024 72 6.1
superiorfrontal 11428 7924 23164 2.559 0.561 0.121 0.024 117 11.1
superiorparietal 6383 4327 8798 1.919 0.416 0.118 0.021 62 5.8
superiortemporal 7435 5023 16841 2.880 0.707 0.114 0.021 67 6.4
supramarginal 5154 3547 9661 2.416 0.569 0.122 0.024 50 5.3
transversetemporal 808 536 1436 2.477 0.406 0.142 0.032 10 0.9
insula 3161 2086 6342 3.084 0.677 0.103 0.023 26 2.9
