48.910154 
54.875296 
21.736455 
4.734520 
6.463117 
5.083312 
52.955756 
50.357394 
51.827161 
51.231475 
44.384098 
40.889050 
38.424549 
38.668100 
13.979561 
13.796989 
10.811283 
12.038432 
4.296364 
4.405425 
7.314943 
5.757546 
12.584515 
14.696855 
2.531079 
5.510867 
4.116388 
2.283885 
12.392862 
6.957410 
6.146631 
4.756387 
6.012385 
6.796038 
4.180135 
4.734211 
12.383213 
15.141993 
7.722869 
7.836013 
4.506483 
3.473110 
4.718093 
9.849190 
21.144277 
13.157916 
8.839198 
3.988699 
