50.583208 
56.053897 
23.734971 
6.355091 
6.666270 
6.675891 
53.765808 
48.569200 
52.194353 
50.262876 
44.722174 
40.108773 
37.461766 
36.263105 
11.710596 
11.008742 
12.589474 
16.118719 
4.066404 
4.234775 
7.536316 
3.368653 
12.328124 
17.081270 
2.721191 
7.584945 
4.867285 
2.319063 
14.249480 
6.496980 
5.779320 
5.313809 
5.440694 
6.980724 
5.027525 
6.751396 
12.249248 
13.712342 
7.587659 
5.556229 
5.019637 
4.887513 
4.653657 
11.212151 
20.576676 
11.282995 
10.248661 
4.107054 
