48.262473 
53.775857 
24.801530 
6.632151 
5.493304 
8.689805 
52.916378 
47.083977 
51.409204 
48.170361 
43.896377 
39.157724 
38.455769 
38.213721 
11.015809 
11.948181 
15.220218 
16.796052 
3.779280 
4.472059 
4.760309 
3.706736 
15.173831 
17.764727 
3.513358 
7.955633 
3.425759 
2.287099 
11.751916 
7.180743 
6.332921 
5.187595 
4.930728 
7.587951 
5.523604 
7.027720 
10.374956 
13.645220 
4.509274 
5.752070 
4.292137 
4.166390 
5.911907 
12.508809 
18.400010 
8.805503 
8.467320 
4.730205 
