48.621566 
55.394912 
24.198492 
6.034661 
5.863234 
7.609526 
50.957058 
48.650498 
51.171935 
50.614569 
43.349399 
40.494094 
37.595787 
37.807226 
9.864880 
12.000361 
11.974218 
16.226355 
3.748730 
4.413390 
5.540306 
3.946893 
11.700006 
17.709688 
2.433997 
7.072551 
3.526359 
2.144660 
10.982033 
6.625901 
6.051424 
4.737774 
5.790481 
7.819524 
5.167581 
6.211623 
11.261601 
14.278266 
6.033968 
6.203890 
3.534114 
4.279369 
3.839761 
11.177158 
21.303177 
7.841416 
7.405273 
4.131174 
