21.112466 
23.767229 
39.784375 
22.441539 
3.310200 
21.157270 
17.505416 
20.777087 
22.366521 
26.332400 
20.291509 
22.279610 
15.677332 
16.404675 
5.355174 
5.987683 
30.575428 
30.329158 
12.038215 
14.528171 
2.120280 
5.460340 
31.147666 
30.455132 
20.957136 
18.992013 
6.605268 
7.696645 
4.201797 
3.761134 
4.224163 
10.505558 
13.272283 
15.518117 
21.102518 
20.789537 
16.530760 
12.160280 
4.395932 
1.750894 
11.690628 
10.479024 
23.225161 
21.484616 
5.161712 
3.622561 
2.611637 
0.502895 
