21.570874 
28.028214 
25.065184 
8.153500 
8.050219 
10.863327 
26.829478 
31.737091 
24.591527 
27.060198 
26.160731 
24.701444 
29.461342 
24.881857 
12.544217 
15.241260 
19.126193 
13.798682 
5.225458 
4.537146 
7.491525 
5.561580 
19.305728 
13.030645 
6.864251 
2.798706 
5.688512 
6.640498 
14.224949 
12.039844 
9.662304 
6.078849 
6.727775 
4.422445 
8.917042 
7.807751 
23.373288 
22.894646 
10.590070 
8.763547 
5.940049 
4.337727 
10.773509 
5.273871 
3.819402 
5.806883 
12.358155 
10.768468 
