20.789517 
23.726461 
26.616898 
8.463939 
6.510278 
9.219442 
27.192269 
20.493403 
22.852822 
24.174952 
21.056409 
24.583944 
21.766537 
26.827520 
12.502744 
15.428564 
20.670678 
13.944447 
5.498591 
4.980919 
7.443725 
10.071226 
21.184330 
16.040683 
7.133215 
3.392822 
4.879083 
6.239762 
11.818524 
11.354370 
8.844317 
7.066324 
7.013910 
5.337439 
9.857537 
8.753401 
22.565120 
21.871393 
9.901315 
10.765966 
5.619512 
5.016422 
9.899779 
5.943022 
6.179158 
10.560997 
9.275699 
7.519330 
