24.437324 
23.953929 
30.345952 
9.933280 
8.208913 
11.322643 
25.334063 
28.752200 
23.943998 
27.136615 
25.947412 
26.413873 
27.300260 
24.809495 
12.076353 
12.910531 
22.394971 
15.647558 
5.558648 
4.954826 
7.094045 
8.011172 
25.935155 
18.631606 
8.377345 
4.281141 
5.583434 
6.714065 
12.876208 
11.826707 
9.528226 
6.202549 
8.483724 
5.386658 
10.895216 
9.431275 
22.869487 
22.692075 
10.144415 
9.593781 
5.843298 
4.503004 
13.055578 
8.836877 
3.843981 
7.502105 
10.758745 
9.362458 
