28.189690 
31.351607 
29.435987 
8.732784 
8.432442 
9.498854 
29.286191 
33.124267 
30.725749 
31.889514 
31.176443 
30.355676 
30.607503 
27.707442 
18.208886 
18.846874 
19.848763 
14.215518 
5.231286 
5.292610 
8.175365 
8.944086 
23.558455 
17.219553 
7.211941 
3.334649 
5.665278 
7.383664 
12.883341 
12.609858 
9.723119 
7.974556 
7.353327 
5.363249 
9.698908 
8.825450 
25.160195 
29.036719 
12.159603 
12.758650 
5.793846 
4.885245 
10.686266 
4.710841 
5.536614 
10.384706 
11.078694 
11.234643 
