24.628873 
29.499627 
29.124920 
9.846322 
6.818371 
10.765339 
25.977915 
30.452269 
27.197389 
29.524517 
27.653315 
26.746071 
28.252607 
24.245094 
15.253175 
15.246715 
21.183034 
16.366605 
5.330896 
5.209670 
7.373935 
9.150792 
23.160339 
17.657251 
7.921915 
3.924201 
5.149674 
6.652380 
11.747999 
12.702709 
8.054716 
7.609015 
7.334275 
5.796247 
10.246165 
9.750838 
22.883843 
25.419627 
10.028263 
12.456213 
5.972867 
4.620227 
11.159539 
7.487492 
3.889922 
8.671441 
9.393906 
10.285314 
