21.399866 
21.755887 
25.021823 
7.609803 
6.943100 
8.167890 
25.342391 
26.423564 
20.346154 
23.735050 
22.722516 
22.873280 
22.605636 
22.386039 
13.021976 
14.714041 
16.501240 
12.078937 
5.054991 
5.031759 
8.384564 
8.763771 
18.016742 
14.213502 
6.549752 
2.528570 
4.968661 
6.484606 
11.892086 
12.321929 
8.519266 
6.522376 
5.302002 
4.842253 
8.743012 
8.035093 
22.003597 
23.828668 
11.509271 
11.204926 
4.882752 
4.632137 
9.077766 
3.563395 
5.333212 
9.062168 
9.389854 
8.842424 
