21.636316 
17.400913 
16.657436 
20.559280 
15.073780 
11.821991 
17.936399 
17.152690 
16.745765 
20.329935 
12.840415 
16.710102 
4.281470 
3.202938 
10.770004 
9.417491 
10.945098 
12.371002 
12.357197 
15.313040 
21.061459 
21.597006 
10.820308 
11.709355 
18.582216 
22.457671 
16.090233 
16.726361 
22.115029 
21.443364 
29.644275 
30.114587 
9.212696 
9.990580 
19.086446 
19.114413 
29.545479 
37.165841 
19.468743 
18.194010 
18.636496 
22.859172 
19.877768 
20.639384 
3.680912 
18.202312 
18.848853 
20.398421 
