25.228404 
25.915550 
22.410958 
22.569359 
16.811978 
10.944357 
27.496865 
16.323675 
26.124902 
21.862543 
18.716242 
18.053407 
7.828548 
5.457429 
5.410420 
7.855217 
16.108592 
10.793853 
13.551720 
14.032487 
17.632401 
22.538698 
22.587457 
10.681708 
22.019598 
23.005512 
19.035032 
21.037477 
20.617971 
25.144421 
22.147861 
33.434276 
12.084219 
9.494198 
24.192851 
23.171399 
22.072457 
37.788367 
12.510223 
19.090799 
22.274901 
24.880352 
24.443018 
18.699393 
3.469060 
20.218636 
19.980074 
23.435352 
