42.152987 
38.155370 
8.243753 
18.427498 
15.295725 
8.208045 
38.372257 
29.280309 
35.320749 
36.854804 
28.573428 
31.965394 
10.341030 
10.120596 
3.615446 
5.712559 
6.078150 
3.457459 
4.339678 
4.873562 
8.958084 
12.101536 
7.995961 
14.721585 
18.458223 
18.759628 
13.462863 
14.022152 
14.662306 
15.896113 
13.556952 
19.885073 
6.906469 
14.655985 
20.907651 
20.091867 
14.660966 
27.119459 
9.956065 
11.168309 
17.569404 
19.263267 
11.532030 
8.105621 
20.959559 
44.169289 
12.853966 
16.151652 
