15.140505 
14.781711 
20.146258 
31.767415 
25.512814 
20.617751 
14.040755 
22.830333 
12.135839 
15.133321 
9.691229 
13.422180 
7.208585 
8.448380 
14.341996 
22.467762 
16.505547 
19.985976 
18.107938 
26.903715 
23.537133 
33.699561 
13.567795 
14.356012 
31.320419 
34.854735 
29.672353 
32.258798 
27.194973 
37.539848 
22.813270 
47.107047 
10.427916 
18.275223 
33.235427 
31.122329 
26.644413 
46.973191 
18.294294 
32.193009 
30.970897 
37.149324 
28.641521 
27.268159 
14.264305 
6.145686 
30.210144 
33.495471 
