18.410033 
15.007330 
21.686232 
30.821924 
25.097338 
22.254408 
17.480502 
17.654879 
11.519580 
15.178122 
12.471393 
15.836537 
7.596155 
7.136335 
19.042292 
20.081113 
18.305318 
21.009058 
19.849559 
24.120117 
25.908361 
29.379619 
14.941269 
16.065401 
27.785695 
30.968607 
22.935756 
23.823976 
29.812387 
31.256601 
32.807044 
33.055194 
13.771164 
15.028135 
29.441939 
28.807692 
33.949541 
40.263683 
25.167887 
24.729808 
28.730966 
34.524632 
30.117064 
31.039012 
3.173987 
13.473464 
26.663157 
29.562633 
