24.495381 
20.497720 
18.371710 
22.166843 
18.928790 
12.870107 
21.052206 
18.917419 
21.419101 
19.874105 
17.339660 
16.128807 
4.314765 
3.266776 
7.162710 
12.699918 
11.935109 
15.657842 
11.788375 
18.670595 
16.737561 
25.776877 
11.008408 
11.658562 
19.862637 
22.468937 
19.120341 
18.815075 
21.738002 
27.264092 
20.464214 
38.994806 
8.725905 
12.963848 
22.479476 
22.052066 
20.982822 
39.322062 
13.507443 
24.244584 
20.767553 
24.948275 
20.778737 
20.957990 
13.514427 
4.035961 
21.316414 
24.067732 
