StructName NumVert SurfArea GrayVol ThickAvg ThickStd MeanCurv GausCurv FoldInd CurvInd
caudalanteriorcingulate 1671 1123 2973 2.281 0.743 0.120 0.019 18 1.3
caudalmiddlefrontal 3426 2235 5789 2.484 0.470 0.102 0.016 24 2.5
cuneus 3753 2386 4823 1.902 0.414 0.122 0.024 36 4.0
entorhinal 730 485 2183 3.267 0.823 0.112 0.030 7 1.0
fusiform 4981 3260 9893 2.656 0.650 0.113 0.022 46 4.6
inferiorparietal 8896 5990 15372 2.372 0.502 0.121 0.023 84 8.3
inferiortemporal 5356 3579 12719 2.856 0.678 0.112 0.023 50 4.9
isthmuscingulate 1422 940 2152 1.994 0.832 0.110 0.027 16 1.3
lateraloccipital 8386 5459 12599 2.074 0.558 0.128 0.025 87 8.9
lateralorbitofrontal 4437 3121 8603 2.477 0.653 0.137 0.032 66 5.6
lingual 4359 2825 6012 1.933 0.612 0.133 0.029 50 5.6
medialorbitofrontal 2272 1635 4405 2.338 0.765 0.123 0.025 32 2.7
middletemporal 6552 4374 13461 2.659 0.605 0.110 0.019 58 5.5
parahippocampal 1076 664 2046 2.566 0.818 0.087 0.017 7 0.7
paracentral 3077 1791 4839 2.513 0.576 0.086 0.015 16 2.0
parsopercularis 2067 1364 3830 2.533 0.519 0.104 0.018 16 1.5
parsorbitalis 1029 666 2011 2.504 0.557 0.100 0.016 7 0.8
parstriangularis 2390 1545 4090 2.403 0.536 0.105 0.017 18 1.8
pericalcarine 2189 1445 2278 1.767 0.483 0.121 0.029 18 2.6
postcentral 6982 4297 8686 1.897 0.568 0.090 0.015 44 4.2
posteriorcingulate 1987 1371 3549 2.275 0.635 0.119 0.024 21 1.9
precentral 7927 4646 13566 2.702 0.540 0.087 0.016 46 5.4
precuneus 5776 3857 9444 2.295 0.565 0.112 0.020 51 4.7
rostralanteriorcingulate 1280 876 2474 2.547 0.638 0.114 0.018 13 1.0
rostralmiddlefrontal 5948 4225 10352 2.178 0.468 0.133 0.026 72 6.6
superiorfrontal 13337 9023 25049 2.496 0.548 0.113 0.021 121 12.0
superiorparietal 6613 4320 9633 2.058 0.412 0.101 0.015 51 4.4
superiortemporal 7326 4832 15736 2.782 0.707 0.101 0.017 58 5.2
supramarginal 4308 2888 7735 2.471 0.452 0.111 0.020 39 3.6
transversetemporal 566 353 745 2.013 0.337 0.129 0.019 7 0.5
insula 3112 2030 6387 3.037 0.872 0.104 0.021 23 2.7
