StructName NumVert SurfArea GrayVol ThickAvg ThickStd MeanCurv GausCurv FoldInd CurvInd
caudalanteriorcingulate 1583 1055 2783 2.348 0.761 0.120 0.019 18 1.2
caudalmiddlefrontal 3567 2298 6051 2.518 0.405 0.102 0.017 26 2.7
cuneus 3747 2400 4852 1.920 0.370 0.121 0.026 35 4.1
entorhinal 732 482 2178 3.521 0.695 0.092 0.023 4 0.6
fusiform 4849 3233 9688 2.621 0.598 0.113 0.022 47 4.2
inferiorparietal 8811 5946 14912 2.357 0.449 0.120 0.024 85 8.6
inferiortemporal 5235 3607 11702 2.707 0.605 0.114 0.023 51 4.9
isthmuscingulate 1456 963 2174 1.996 0.846 0.112 0.030 18 1.5
lateraloccipital 8171 5389 12296 2.063 0.484 0.128 0.026 86 9.0
lateralorbitofrontal 4681 3278 8762 2.516 0.559 0.136 0.033 61 6.6
lingual 4033 2670 5809 2.004 0.604 0.130 0.031 45 5.4
medialorbitofrontal 2145 1525 4234 2.425 0.645 0.120 0.027 26 2.4
middletemporal 6836 4514 13792 2.683 0.515 0.109 0.019 60 5.6
parahippocampal 1049 648 1947 2.613 0.740 0.085 0.015 7 0.6
paracentral 3104 1770 4801 2.533 0.597 0.085 0.016 15 2.0
parsopercularis 2082 1361 3899 2.586 0.424 0.107 0.018 16 1.6
parsorbitalis 979 648 1937 2.499 0.515 0.104 0.018 7 0.8
parstriangularis 2473 1604 4348 2.493 0.468 0.105 0.017 19 1.9
pericalcarine 2145 1459 2263 1.708 0.407 0.131 0.036 21 3.0
postcentral 6983 4310 8935 1.928 0.593 0.092 0.015 48 4.3
posteriorcingulate 2136 1413 3906 2.425 0.683 0.115 0.023 22 2.0
precentral 7724 4569 13578 2.728 0.552 0.087 0.015 42 5.0
precuneus 5737 3865 9302 2.273 0.551 0.112 0.022 52 4.8
rostralanteriorcingulate 1403 968 2636 2.520 0.604 0.116 0.025 18 1.4
rostralmiddlefrontal 6039 4287 10585 2.252 0.425 0.130 0.026 74 6.4
superiorfrontal 13598 9089 25771 2.591 0.491 0.112 0.021 122 12.2
superiorparietal 6677 4357 9573 2.030 0.426 0.102 0.015 51 4.6
superiortemporal 7339 4818 15299 2.781 0.630 0.098 0.017 55 5.2
supramarginal 4452 2949 7866 2.479 0.420 0.112 0.021 41 3.8
transversetemporal 608 362 815 2.115 0.355 0.124 0.028 8 0.6
insula 3079 2074 6479 3.048 0.818 0.109 0.024 24 2.9
