StructName NumVert SurfArea GrayVol ThickAvg ThickStd MeanCurv GausCurv FoldInd CurvInd
caudalanteriorcingulate 1583 1116 3055 2.411 0.784 0.128 0.026 19 1.6
caudalmiddlefrontal 3448 2269 6299 2.440 0.613 0.104 0.020 27 2.9
cuneus 3845 2385 5327 2.037 0.454 0.116 0.026 38 4.0
entorhinal 729 522 2440 3.391 0.821 0.120 0.037 6 0.9
fusiform 5045 3327 10537 2.696 0.662 0.113 0.024 47 4.6
inferiorparietal 8724 5907 15752 2.292 0.585 0.121 0.025 89 8.9
inferiortemporal 5508 3750 13723 2.760 0.794 0.116 0.028 53 6.2
isthmuscingulate 1544 1015 2328 1.994 0.860 0.114 0.031 19 1.6
lateraloccipital 8738 5470 14525 2.237 0.602 0.123 0.027 96 9.6
lateralorbitofrontal 4759 3358 9923 2.557 0.708 0.135 0.037 56 7.1
lingual 4324 2860 6685 2.105 0.608 0.130 0.033 52 5.8
medialorbitofrontal 2726 1872 5116 2.390 0.795 0.127 0.036 38 3.3
middletemporal 6668 4484 14296 2.611 0.713 0.110 0.021 61 5.9
parahippocampal 1044 651 2075 2.745 0.711 0.102 0.024 10 0.9
paracentral 3215 1919 5182 2.540 0.577 0.109 0.033 29 4.3
parsopercularis 2135 1409 4077 2.481 0.566 0.107 0.021 18 1.9
parsorbitalis 1073 695 2189 2.527 0.632 0.101 0.018 8 0.9
parstriangularis 2617 1720 4789 2.427 0.561 0.108 0.021 23 2.3
pericalcarine 2122 1505 2608 1.930 0.520 0.131 0.034 22 3.1
postcentral 7650 4659 10634 2.094 0.554 0.097 0.023 61 6.7
posteriorcingulate 2068 1429 4023 2.325 0.723 0.122 0.027 23 2.2
precentral 7601 4712 14446 2.744 0.641 0.097 0.025 59 7.1
precuneus 5760 3861 10219 2.382 0.573 0.110 0.021 52 4.6
rostralanteriorcingulate 1366 990 2716 2.385 0.680 0.126 0.029 15 1.6
rostralmiddlefrontal 6494 4557 12131 2.206 0.596 0.130 0.029 82 7.8
superiorfrontal 13444 9150 27006 2.558 0.628 0.114 0.025 120 13.5
superiorparietal 6775 4406 11115 2.174 0.559 0.102 0.017 54 5.0
superiortemporal 7372 4936 16288 2.734 0.692 0.102 0.021 61 6.3
supramarginal 4670 3114 8683 2.452 0.530 0.113 0.024 43 4.4
transversetemporal 533 363 877 2.245 0.269 0.133 0.031 8 0.6
insula 3006 2026 6519 3.045 0.839 0.109 0.027 26 3.2
