StructName NumVert SurfArea GrayVol ThickAvg ThickStd MeanCurv GausCurv FoldInd CurvInd
caudalanteriorcingulate 1631 1110 2914 2.304 0.703 0.123 0.020 19 1.4
caudalmiddlefrontal 3556 2312 5895 2.437 0.480 0.101 0.017 25 2.7
cuneus 3838 2467 5233 1.986 0.464 0.122 0.025 36 4.2
entorhinal 778 534 2294 3.291 0.831 0.119 0.031 8 1.1
fusiform 5049 3280 10250 2.747 0.628 0.114 0.021 47 4.6
inferiorparietal 9141 6111 16463 2.515 0.460 0.119 0.022 85 8.5
inferiortemporal 5450 3680 13047 2.923 0.664 0.113 0.022 50 4.8
isthmuscingulate 1463 980 2269 1.988 0.865 0.108 0.025 14 1.2
lateraloccipital 8599 5609 13592 2.165 0.601 0.128 0.026 89 9.2
lateralorbitofrontal 4407 3233 8862 2.492 0.649 0.147 0.035 70 6.6
lingual 4302 2881 6224 1.977 0.666 0.132 0.029 48 5.3
medialorbitofrontal 2183 1620 4314 2.364 0.683 0.129 0.029 32 2.8
middletemporal 6652 4418 14411 2.800 0.615 0.108 0.019 57 5.3
parahippocampal 1079 669 2126 2.631 0.783 0.089 0.016 7 0.6
paracentral 3033 1754 4794 2.527 0.657 0.087 0.016 16 1.9
parsopercularis 2031 1346 3785 2.501 0.508 0.105 0.017 16 1.5
parsorbitalis 1013 668 2012 2.479 0.578 0.103 0.016 7 0.8
parstriangularis 2380 1543 4151 2.423 0.509 0.105 0.016 18 1.7
pericalcarine 2098 1431 2090 1.695 0.537 0.130 0.030 19 2.6
postcentral 6975 4287 8681 1.899 0.582 0.089 0.013 45 3.9
posteriorcingulate 1954 1366 3585 2.315 0.615 0.122 0.025 22 2.0
precentral 7885 4621 13550 2.706 0.564 0.086 0.015 45 4.8
precuneus 5893 3870 9831 2.360 0.575 0.110 0.020 52 4.7
rostralanteriorcingulate 1276 893 2464 2.491 0.666 0.118 0.019 12 1.1
rostralmiddlefrontal 5812 4192 9935 2.123 0.462 0.135 0.026 76 6.4
superiorfrontal 13262 9065 24724 2.460 0.531 0.114 0.022 126 12.2
superiorparietal 6783 4323 10149 2.136 0.478 0.098 0.014 48 4.1
superiortemporal 7470 4928 16173 2.843 0.675 0.099 0.017 56 5.1
supramarginal 4296 2833 7874 2.555 0.480 0.110 0.020 37 3.6
transversetemporal 591 370 790 2.077 0.334 0.126 0.021 8 0.5
insula 3073 2070 6539 3.033 0.826 0.108 0.024 24 2.6
