StructName NumVert SurfArea GrayVol ThickAvg ThickStd MeanCurv GausCurv FoldInd CurvInd
caudalanteriorcingulate 1592 1086 2886 2.362 0.748 0.123 0.020 17 1.3
caudalmiddlefrontal 3433 2289 6000 2.499 0.428 0.103 0.017 26 2.7
cuneus 3794 2347 5035 1.982 0.426 0.119 0.025 37 4.1
entorhinal 685 449 2007 3.310 0.824 0.103 0.025 5 0.7
fusiform 4864 3248 9600 2.631 0.596 0.114 0.021 48 4.3
inferiorparietal 8746 5999 15213 2.397 0.409 0.122 0.023 89 8.5
inferiortemporal 5169 3549 11238 2.676 0.635 0.113 0.024 51 4.8
isthmuscingulate 1472 965 2234 2.100 0.831 0.113 0.026 17 1.3
lateraloccipital 8209 5308 12510 2.101 0.556 0.126 0.025 87 8.5
lateralorbitofrontal 3965 2858 7685 2.447 0.668 0.137 0.033 49 5.7
lingual 4188 2720 5817 1.935 0.622 0.131 0.031 51 5.3
medialorbitofrontal 2022 1442 3992 2.302 0.712 0.121 0.030 27 2.4
middletemporal 6472 4403 13320 2.671 0.515 0.112 0.019 59 5.4
parahippocampal 1059 659 1916 2.503 0.684 0.091 0.019 8 0.8
paracentral 2957 1710 4622 2.540 0.585 0.082 0.012 14 1.5
parsopercularis 2009 1362 3811 2.569 0.429 0.106 0.019 15 1.6
parsorbitalis 965 660 1857 2.394 0.539 0.105 0.017 7 0.7
parstriangularis 2263 1527 4023 2.385 0.520 0.110 0.020 19 2.0
pericalcarine 2207 1420 2325 1.787 0.495 0.117 0.028 19 2.5
postcentral 6632 4137 8548 1.912 0.577 0.089 0.014 41 3.8
posteriorcingulate 1992 1348 3677 2.405 0.696 0.117 0.023 21 1.8
precentral 7446 4473 13133 2.689 0.540 0.088 0.014 43 4.4
precuneus 5653 3781 9390 2.317 0.494 0.112 0.020 54 4.4
rostralanteriorcingulate 1237 860 2338 2.456 0.661 0.115 0.021 13 1.1
rostralmiddlefrontal 5701 4116 10510 2.234 0.472 0.133 0.028 71 7.0
superiorfrontal 12451 8621 24338 2.580 0.569 0.114 0.022 117 11.9
superiorparietal 6561 4199 9485 2.075 0.434 0.097 0.014 48 4.2
superiortemporal 7088 4762 15047 2.751 0.637 0.102 0.018 59 5.5
supramarginal 4164 2809 7425 2.474 0.427 0.111 0.021 37 3.6
transversetemporal 588 363 765 2.045 0.420 0.114 0.027 6 0.6
insula 3004 2019 6455 3.093 0.891 0.112 0.024 29 3.1
