StructName NumVert SurfArea GrayVol ThickAvg ThickStd MeanCurv GausCurv FoldInd CurvInd
caudalanteriorcingulate 1567 1070 2882 2.378 0.713 0.124 0.019 18 1.3
caudalmiddlefrontal 3595 2319 6132 2.527 0.448 0.101 0.016 25 2.6
cuneus 3752 2431 4861 1.890 0.421 0.125 0.024 36 3.9
entorhinal 727 472 2174 3.426 0.836 0.108 0.032 6 1.0
fusiform 4974 3255 10176 2.745 0.621 0.113 0.021 45 4.2
inferiorparietal 9067 6030 15928 2.455 0.497 0.119 0.023 85 8.5
inferiortemporal 5417 3634 13187 2.949 0.671 0.112 0.022 52 4.7
isthmuscingulate 1376 939 2205 2.045 0.884 0.111 0.025 15 1.2
lateraloccipital 8572 5513 13409 2.159 0.587 0.126 0.025 88 8.9
lateralorbitofrontal 4460 3198 8817 2.531 0.638 0.142 0.033 67 6.4
lingual 4403 2882 6236 1.964 0.648 0.131 0.030 51 5.7
medialorbitofrontal 2151 1593 4350 2.345 0.711 0.130 0.028 30 2.7
middletemporal 6675 4419 14255 2.775 0.626 0.108 0.019 56 5.4
parahippocampal 1052 654 2004 2.587 0.814 0.087 0.016 8 0.6
paracentral 3018 1753 4788 2.552 0.596 0.087 0.015 15 1.9
parsopercularis 2102 1372 3922 2.566 0.566 0.104 0.017 16 1.5
parsorbitalis 1002 669 2013 2.497 0.538 0.103 0.018 7 0.8
parstriangularis 2414 1553 4167 2.445 0.495 0.107 0.017 20 1.8
pericalcarine 2204 1455 2289 1.771 0.543 0.124 0.032 20 2.9
postcentral 6823 4270 8624 1.900 0.596 0.091 0.014 45 4.0
posteriorcingulate 1998 1383 3651 2.333 0.605 0.121 0.024 22 1.9
precentral 7897 4615 13435 2.702 0.537 0.085 0.015 49 4.8
precuneus 5888 3850 9715 2.363 0.572 0.110 0.020 52 4.6
rostralanteriorcingulate 1286 894 2521 2.531 0.634 0.117 0.020 13 1.1
rostralmiddlefrontal 6001 4244 10440 2.198 0.463 0.132 0.026 73 6.6
superiorfrontal 13395 8967 25284 2.547 0.539 0.111 0.021 116 11.7
superiorparietal 6686 4330 9657 2.068 0.423 0.100 0.015 48 4.4
superiortemporal 7467 4903 16068 2.840 0.668 0.099 0.017 56 5.2
supramarginal 4360 2895 7849 2.510 0.462 0.111 0.020 38 3.6
transversetemporal 604 400 788 1.962 0.356 0.135 0.019 7 0.5
insula 3124 2076 6372 3.042 0.789 0.111 0.023 26 2.9
