StructName NumVert SurfArea GrayVol ThickAvg ThickStd MeanCurv GausCurv FoldInd CurvInd
caudalanteriorcingulate 1138 815 1898 2.138 0.549 0.137 0.024 19 1.1
caudalmiddlefrontal 3446 2182 6213 2.564 0.530 0.104 0.018 25 2.6
cuneus 3442 2360 4716 1.752 0.621 0.152 0.031 46 4.7
entorhinal 584 425 2051 3.101 0.946 0.115 0.025 5 0.6
fusiform 4710 3206 8981 2.586 0.593 0.124 0.026 52 5.1
inferiorparietal 10946 7408 17760 2.181 0.509 0.121 0.022 116 10.1
inferiortemporal 5635 3878 13152 2.793 0.717 0.122 0.027 68 5.8
isthmuscingulate 1466 981 2260 2.063 0.691 0.129 0.026 20 1.6
lateraloccipital 8365 5629 12349 2.050 0.541 0.137 0.028 100 9.9
lateralorbitofrontal 4935 3506 8214 2.222 0.599 0.142 0.036 69 7.7
lingual 5134 3610 7373 1.904 0.621 0.148 0.034 67 7.4
medialorbitofrontal 2395 1731 4543 2.293 0.609 0.133 0.030 37 2.9
middletemporal 7372 5045 15433 2.636 0.617 0.110 0.020 70 6.3
parahippocampal 1174 710 1961 2.388 0.680 0.077 0.013 5 0.5
paracentral 2690 1617 3968 2.260 0.550 0.106 0.023 20 2.3
parsopercularis 3021 1989 5515 2.550 0.520 0.103 0.018 26 2.3
parsorbitalis 1166 755 2438 2.594 0.585 0.104 0.019 8 1.0
parstriangularis 2357 1530 3846 2.330 0.530 0.114 0.019 20 1.9
pericalcarine 1849 1250 1574 1.428 0.383 0.115 0.023 16 1.7
postcentral 7790 4957 10479 1.942 0.595 0.103 0.019 57 6.3
posteriorcingulate 2216 1536 3827 2.274 0.681 0.140 0.028 31 2.6
precentral 7594 4608 12677 2.435 0.685 0.101 0.021 53 6.5
precuneus 7005 4739 10846 2.204 0.519 0.127 0.026 77 7.4
rostralanteriorcingulate 1224 874 2323 2.418 0.515 0.118 0.023 15 1.1
rostralmiddlefrontal 6405 4489 10692 2.144 0.486 0.130 0.027 74 7.3
superiorfrontal 15453 10504 29144 2.424 0.595 0.122 0.024 161 15.6
superiorparietal 6545 4427 9392 1.975 0.418 0.127 0.025 71 6.9
superiortemporal 7327 4779 14170 2.592 0.664 0.107 0.021 61 6.5
supramarginal 5197 3532 8918 2.331 0.526 0.120 0.023 56 5.1
transversetemporal 479 306 720 2.140 0.406 0.131 0.029 5 0.5
insula 2883 1934 5594 2.757 0.722 0.112 0.025 26 2.8
