StructName NumVert SurfArea GrayVol ThickAvg ThickStd MeanCurv GausCurv FoldInd CurvInd
caudalanteriorcingulate 1190 831 2002 2.187 0.566 0.128 0.021 17 1.2
caudalmiddlefrontal 3483 2137 5786 2.526 0.477 0.100 0.019 24 2.8
cuneus 3709 2444 4797 1.775 0.600 0.144 0.031 47 4.8
entorhinal 761 487 1615 2.431 0.937 0.128 0.055 14 1.6
fusiform 4628 3145 8171 2.390 0.552 0.120 0.028 53 4.9
inferiorparietal 10511 7248 17177 2.154 0.467 0.123 0.024 116 10.8
inferiortemporal 5256 3613 11210 2.653 0.657 0.122 0.026 58 5.4
isthmuscingulate 1503 994 2201 2.063 0.742 0.123 0.026 18 1.6
lateraloccipital 8365 5526 11661 1.995 0.543 0.133 0.028 99 9.8
lateralorbitofrontal 4907 3407 8525 2.373 0.668 0.138 0.035 65 6.7
lingual 5056 3572 7126 1.861 0.602 0.145 0.035 63 7.5
medialorbitofrontal 2092 1530 4320 2.445 0.625 0.132 0.035 31 2.9
middletemporal 7227 5076 15068 2.583 0.600 0.114 0.021 80 6.4
parahippocampal 1160 729 1910 2.331 0.634 0.087 0.017 8 0.7
paracentral 2885 1728 4061 2.199 0.560 0.107 0.026 23 2.9
parsopercularis 3092 2060 5596 2.492 0.465 0.107 0.021 27 2.7
parsorbitalis 1158 770 2389 2.555 0.553 0.106 0.019 9 0.9
parstriangularis 2221 1458 3709 2.385 0.475 0.116 0.021 20 1.9
pericalcarine 1906 1292 1597 1.404 0.329 0.115 0.026 16 2.0
postcentral 7946 4982 10554 1.932 0.554 0.105 0.022 66 7.1
posteriorcingulate 2364 1590 3992 2.268 0.654 0.134 0.028 32 2.5
precentral 7495 4516 11711 2.400 0.567 0.102 0.022 56 6.7
precuneus 6749 4570 10551 2.171 0.529 0.125 0.027 75 7.1
rostralanteriorcingulate 1270 907 2398 2.454 0.517 0.118 0.025 17 1.2
rostralmiddlefrontal 6491 4473 11201 2.295 0.462 0.128 0.027 76 7.2
superiorfrontal 15469 10360 28578 2.466 0.537 0.119 0.025 159 15.8
superiorparietal 6711 4401 9440 1.964 0.499 0.125 0.027 77 7.3
superiortemporal 7273 4731 14719 2.699 0.650 0.106 0.022 60 6.4
supramarginal 4959 3469 8635 2.280 0.479 0.123 0.025 58 5.1
transversetemporal 426 274 719 2.279 0.444 0.141 0.031 8 0.6
insula 2878 1988 5623 2.708 0.752 0.119 0.028 28 3.2
