StructName NumVert SurfArea GrayVol ThickAvg ThickStd MeanCurv GausCurv FoldInd CurvInd
caudalanteriorcingulate 1207 836 2005 2.163 0.573 0.130 0.020 18 1.1
caudalmiddlefrontal 3584 2260 6311 2.565 0.527 0.102 0.018 24 2.7
cuneus 3280 2264 4432 1.782 0.620 0.148 0.031 42 4.4
entorhinal 656 439 1806 2.768 0.901 0.108 0.029 4 0.7
fusiform 4797 3305 9182 2.552 0.626 0.122 0.027 51 5.2
inferiorparietal 10595 7385 17614 2.168 0.497 0.122 0.023 114 9.9
inferiortemporal 5544 3747 12919 2.793 0.765 0.120 0.027 60 5.8
isthmuscingulate 1401 945 2212 2.100 0.738 0.127 0.026 19 1.5
lateraloccipital 8226 5674 12221 2.034 0.555 0.139 0.028 100 9.6
lateralorbitofrontal 4598 3263 8021 2.300 0.715 0.138 0.033 61 6.5
lingual 4850 3559 7136 1.862 0.616 0.153 0.036 65 7.4
medialorbitofrontal 2283 1725 4562 2.322 0.603 0.134 0.031 35 2.7
middletemporal 7192 4977 14889 2.614 0.617 0.112 0.021 71 6.4
parahippocampal 1149 690 1876 2.313 0.703 0.080 0.015 5 0.7
paracentral 2745 1663 4064 2.275 0.564 0.107 0.022 20 2.4
parsopercularis 2955 1968 5376 2.538 0.510 0.105 0.018 27 2.2
parsorbitalis 1141 761 2347 2.513 0.605 0.109 0.022 9 1.1
parstriangularis 2314 1545 4043 2.402 0.534 0.116 0.020 21 1.9
pericalcarine 1839 1230 1509 1.383 0.347 0.117 0.024 17 1.8
postcentral 7630 4850 10364 1.937 0.606 0.101 0.019 57 6.0
posteriorcingulate 2165 1471 3834 2.323 0.697 0.134 0.027 28 2.4
precentral 7483 4553 12640 2.455 0.676 0.102 0.021 54 6.6
precuneus 6879 4715 10741 2.171 0.525 0.126 0.025 74 7.0
rostralanteriorcingulate 1221 890 2365 2.418 0.497 0.116 0.022 15 1.1
rostralmiddlefrontal 6278 4422 10527 2.170 0.475 0.129 0.026 69 7.0
superiorfrontal 15206 10467 28839 2.407 0.594 0.122 0.024 159 15.1
superiorparietal 6541 4456 9323 1.950 0.424 0.126 0.025 69 6.9
superiortemporal 7046 4670 14478 2.657 0.706 0.108 0.021 57 6.0
supramarginal 5197 3541 8902 2.318 0.525 0.119 0.023 54 4.9
transversetemporal 491 313 725 2.152 0.457 0.132 0.025 6 0.5
insula 2797 1915 5565 2.769 0.761 0.112 0.024 24 2.5
