StructName NumVert SurfArea GrayVol ThickAvg ThickStd MeanCurv GausCurv FoldInd CurvInd
caudalanteriorcingulate 1175 817 1949 2.127 0.672 0.138 0.024 21 1.2
caudalmiddlefrontal 3321 2148 6262 2.525 0.650 0.103 0.021 24 2.7
cuneus 3250 2210 4646 1.862 0.609 0.144 0.031 42 4.2
entorhinal 699 478 1975 2.544 1.094 0.129 0.044 12 1.2
fusiform 4713 3224 9688 2.657 0.638 0.120 0.027 52 5.0
inferiorparietal 10293 7104 17783 2.153 0.595 0.121 0.026 116 10.2
inferiortemporal 5350 3765 13595 2.772 0.874 0.122 0.030 61 6.3
isthmuscingulate 1460 993 2485 2.205 0.773 0.125 0.028 19 1.5
lateraloccipital 8052 5377 13336 2.169 0.616 0.131 0.029 97 9.3
lateralorbitofrontal 5094 3651 8873 2.242 0.711 0.138 0.034 71 7.2
lingual 5125 3609 7980 2.008 0.696 0.141 0.033 63 7.0
medialorbitofrontal 2776 1932 4984 2.249 0.655 0.126 0.033 37 3.8
middletemporal 7374 5109 16734 2.626 0.748 0.113 0.022 76 7.1
parahippocampal 1244 777 2134 2.395 0.711 0.093 0.023 12 1.0
paracentral 2536 1586 3990 2.364 0.522 0.112 0.030 19 2.8
parsopercularis 2927 1955 5337 2.463 0.581 0.104 0.020 23 2.4
parsorbitalis 1238 806 2725 2.574 0.695 0.106 0.020 10 1.0
parstriangularis 2585 1677 4610 2.318 0.671 0.110 0.022 21 2.2
pericalcarine 1888 1283 1736 1.502 0.470 0.110 0.020 15 1.5
postcentral 8413 5342 11668 1.952 0.625 0.105 0.025 105 8.7
posteriorcingulate 2061 1448 3703 2.288 0.745 0.141 0.028 28 2.5
precentral 7959 4954 12913 2.377 0.650 0.113 0.032 69 10.8
precuneus 6566 4636 11037 2.226 0.539 0.129 0.027 74 7.0
rostralanteriorcingulate 1367 959 2486 2.292 0.551 0.123 0.027 21 1.3
rostralmiddlefrontal 6507 4613 11517 2.081 0.657 0.130 0.029 77 7.4
superiorfrontal 15157 10345 30045 2.431 0.701 0.122 0.027 158 16.6
superiorparietal 6409 4339 10195 2.027 0.565 0.125 0.025 70 6.5
superiortemporal 7609 5087 15557 2.582 0.727 0.111 0.027 71 7.9
supramarginal 5318 3589 9516 2.313 0.662 0.121 0.029 60 6.0
transversetemporal 436 288 769 2.315 0.387 0.134 0.031 5 0.6
insula 2699 1822 5762 2.811 0.866 0.109 0.025 21 2.6
