StructName NumVert SurfArea GrayVol ThickAvg ThickStd MeanCurv GausCurv FoldInd CurvInd
caudalanteriorcingulate 1142 763 1917 2.288 0.596 0.123 0.016 16 0.8
caudalmiddlefrontal 3227 2091 5160 2.283 0.472 0.107 0.018 26 2.4
cuneus 3398 2267 4165 1.695 0.580 0.143 0.031 42 4.5
entorhinal 580 369 1996 3.080 0.926 0.104 0.020 5 0.5
fusiform 4348 2971 8008 2.564 0.586 0.116 0.023 46 3.9
inferiorparietal 9689 6994 15233 2.003 0.449 0.128 0.024 122 9.9
inferiortemporal 5304 3741 11793 2.701 0.733 0.119 0.024 64 5.2
isthmuscingulate 1381 937 2042 2.034 0.765 0.127 0.029 17 1.5
lateraloccipital 7891 5275 10528 1.903 0.451 0.133 0.027 96 8.8
lateralorbitofrontal 4719 3287 7703 2.225 0.628 0.137 0.031 71 6.2
lingual 5057 3514 6587 1.813 0.604 0.146 0.033 63 7.3
medialorbitofrontal 2276 1637 4343 2.332 0.666 0.119 0.024 31 2.1
middletemporal 7161 5033 14250 2.461 0.602 0.111 0.019 70 6.1
parahippocampal 1108 680 1900 2.490 0.626 0.077 0.013 6 0.5
paracentral 2781 1696 3990 2.199 0.607 0.108 0.024 21 2.6
parsopercularis 3005 2025 5210 2.371 0.515 0.104 0.018 25 2.3
parsorbitalis 1132 758 2177 2.379 0.514 0.104 0.018 9 0.9
parstriangularis 2206 1451 3396 2.160 0.522 0.112 0.018 19 1.7
pericalcarine 1873 1250 1494 1.358 0.314 0.114 0.022 17 1.8
postcentral 7041 4603 9222 1.849 0.530 0.105 0.019 56 5.6
posteriorcingulate 2171 1512 3827 2.362 0.649 0.141 0.027 30 2.6
precentral 7045 4400 11194 2.336 0.549 0.103 0.020 52 5.8
precuneus 6568 4516 9954 2.140 0.526 0.127 0.027 70 7.0
rostralanteriorcingulate 1186 850 2214 2.356 0.484 0.119 0.021 17 1.0
rostralmiddlefrontal 6110 4321 9559 2.013 0.469 0.129 0.027 71 7.1
superiorfrontal 14597 10068 26173 2.313 0.571 0.122 0.024 168 14.5
superiorparietal 6198 4281 8563 1.875 0.413 0.128 0.026 74 6.5
superiortemporal 6833 4484 13819 2.643 0.697 0.101 0.018 54 5.1
supramarginal 4773 3437 7939 2.151 0.493 0.124 0.025 56 5.0
transversetemporal 448 282 750 2.310 0.364 0.125 0.020 6 0.3
insula 2797 1874 5482 2.699 0.796 0.103 0.020 23 2.3
