StructName NumVert SurfArea GrayVol ThickAvg ThickStd MeanCurv GausCurv FoldInd CurvInd
caudalanteriorcingulate 1114 770 1824 2.141 0.595 0.133 0.020 16 1.0
caudalmiddlefrontal 3379 2158 5517 2.330 0.531 0.102 0.017 23 2.5
cuneus 3404 2320 4924 1.792 0.685 0.149 0.031 44 4.7
entorhinal 639 456 1939 2.611 1.015 0.135 0.034 10 1.0
fusiform 4947 3361 9143 2.521 0.600 0.120 0.028 50 5.4
inferiorparietal 10875 7323 17571 2.166 0.525 0.121 0.023 113 10.3
inferiortemporal 5488 3721 12531 2.785 0.737 0.119 0.026 58 5.7
isthmuscingulate 1397 925 2186 2.124 0.700 0.123 0.025 17 1.4
lateraloccipital 8799 5857 12751 2.046 0.580 0.136 0.028 104 10.3
lateralorbitofrontal 4722 3327 7784 2.173 0.652 0.142 0.037 65 7.3
lingual 5124 3660 7250 1.844 0.638 0.151 0.035 66 7.7
medialorbitofrontal 2331 1689 4160 2.163 0.605 0.129 0.028 35 2.7
middletemporal 7291 4967 14997 2.608 0.626 0.109 0.019 67 6.0
parahippocampal 1172 715 1844 2.274 0.652 0.081 0.017 6 0.8
paracentral 2559 1578 3861 2.237 0.569 0.106 0.022 18 2.1
parsopercularis 3046 2007 5281 2.403 0.583 0.104 0.018 26 2.3
parsorbitalis 1131 747 2253 2.470 0.636 0.108 0.021 9 1.0
parstriangularis 2332 1539 3762 2.242 0.554 0.113 0.019 20 1.8
pericalcarine 1842 1229 1504 1.355 0.332 0.119 0.024 18 1.8
postcentral 7754 4947 10278 1.890 0.589 0.103 0.019 56 6.1
posteriorcingulate 2231 1568 3853 2.219 0.647 0.143 0.028 30 2.8
precentral 7341 4473 12343 2.382 0.683 0.101 0.020 49 6.2
precuneus 6867 4675 10569 2.155 0.531 0.127 0.026 74 7.2
rostralanteriorcingulate 1186 848 2131 2.168 0.589 0.129 0.027 20 1.5
rostralmiddlefrontal 6079 4351 9770 1.976 0.536 0.133 0.028 74 7.3
superiorfrontal 14870 10357 26098 2.174 0.621 0.124 0.024 157 15.2
superiorparietal 6525 4438 9193 1.935 0.463 0.128 0.025 69 6.8
superiortemporal 7332 4834 14730 2.605 0.708 0.106 0.021 59 6.2
supramarginal 5223 3489 8686 2.295 0.564 0.118 0.023 52 5.0
transversetemporal 481 323 741 2.094 0.387 0.128 0.024 5 0.5
insula 2811 1925 5447 2.679 0.711 0.115 0.024 26 2.5
