StructName NumVert SurfArea GrayVol ThickAvg ThickStd MeanCurv GausCurv FoldInd CurvInd
caudalanteriorcingulate 1584 1082 3397 2.879 0.681 0.112 0.018 18 1.2
caudalmiddlefrontal 3238 2225 5837 2.467 0.406 0.105 0.017 26 2.3
cuneus 2923 1967 4105 1.962 0.467 0.138 0.030 36 3.7
entorhinal 626 447 2201 3.213 0.916 0.136 0.028 6 0.8
fusiform 4724 3312 10255 2.796 0.560 0.122 0.025 58 4.7
inferiorparietal 9081 6413 17073 2.482 0.426 0.122 0.023 100 8.7
inferiortemporal 5780 4196 12494 2.585 0.610 0.117 0.021 64 5.1
isthmuscingulate 1772 1190 3225 2.392 0.804 0.120 0.024 20 1.7
lateraloccipital 6915 4805 11555 2.222 0.504 0.137 0.029 87 8.4
lateralorbitofrontal 4231 3185 8973 2.586 0.661 0.138 0.033 66 6.2
lingual 4497 3110 6832 2.116 0.624 0.128 0.028 50 5.2
medialorbitofrontal 2210 1650 5144 2.708 0.810 0.127 0.029 33 2.6
middletemporal 6492 4798 15082 2.752 0.575 0.118 0.022 73 6.1
parahippocampal 1196 743 2437 2.786 0.609 0.084 0.014 8 0.5
paracentral 2901 1764 4978 2.610 0.519 0.096 0.015 19 1.9
parsopercularis 2887 2043 5488 2.469 0.489 0.115 0.023 32 2.6
parsorbitalis 961 661 1680 2.307 0.520 0.109 0.019 9 0.7
parstriangularis 2498 1747 4565 2.311 0.520 0.118 0.023 27 2.1
pericalcarine 2039 1422 1863 1.478 0.406 0.133 0.028 21 2.6
postcentral 7304 4919 10946 2.037 0.547 0.112 0.020 71 6.2
posteriorcingulate 1893 1302 3422 2.535 0.666 0.116 0.019 20 1.6
precentral 8019 5127 14286 2.539 0.462 0.098 0.016 56 5.5
precuneus 6665 4611 12460 2.552 0.564 0.115 0.021 70 5.6
rostralanteriorcingulate 1506 1061 3236 2.890 0.736 0.120 0.019 16 1.3
rostralmiddlefrontal 6110 4495 11116 2.254 0.487 0.127 0.027 72 6.8
superiorfrontal 14071 10158 29648 2.604 0.523 0.124 0.024 152 14.5
superiorparietal 7110 4974 11575 2.183 0.419 0.120 0.020 78 6.1
superiortemporal 7996 5449 17359 2.824 0.634 0.099 0.019 65 6.1
supramarginal 6149 4210 10802 2.429 0.415 0.109 0.018 56 4.7
transversetemporal 643 419 1375 2.681 0.412 0.115 0.021 7 0.6
insula 3224 2144 7400 3.333 0.788 0.092 0.017 19 2.1
