StructName NumVert SurfArea GrayVol ThickAvg ThickStd MeanCurv GausCurv FoldInd CurvInd
caudalanteriorcingulate 1524 1086 3035 2.365 0.798 0.123 0.022 18 1.3
caudalmiddlefrontal 3397 2260 5950 2.372 0.525 0.102 0.017 25 2.4
cuneus 3029 2043 4482 1.989 0.519 0.141 0.029 37 3.8
entorhinal 712 487 1863 2.697 0.886 0.127 0.041 7 1.0
fusiform 5232 3508 10689 2.754 0.604 0.121 0.026 57 5.3
inferiorparietal 9550 6512 18803 2.616 0.458 0.120 0.023 101 9.3
inferiortemporal 6315 4423 14039 2.686 0.698 0.119 0.025 72 6.2
isthmuscingulate 1745 1195 3187 2.323 0.739 0.123 0.024 20 1.7
lateraloccipital 7499 4994 12852 2.316 0.548 0.133 0.028 91 8.7
lateralorbitofrontal 4284 3155 9013 2.457 0.711 0.138 0.033 57 6.1
lingual 4588 3114 7381 2.146 0.627 0.126 0.028 50 5.2
medialorbitofrontal 2348 1699 5020 2.416 0.773 0.124 0.027 43 2.8
middletemporal 7100 4978 16182 2.807 0.591 0.114 0.022 77 6.2
parahippocampal 1249 767 2500 2.737 0.759 0.083 0.014 8 0.7
paracentral 2986 1822 5148 2.592 0.541 0.096 0.017 20 2.1
parsopercularis 2959 2049 5493 2.408 0.512 0.114 0.021 31 2.5
parsorbitalis 1046 708 1838 2.242 0.640 0.112 0.018 11 0.7
parstriangularis 2545 1773 4829 2.293 0.592 0.119 0.022 28 2.1
pericalcarine 2171 1472 2064 1.560 0.379 0.133 0.027 23 2.7
postcentral 7712 5084 11808 2.115 0.562 0.111 0.020 74 6.2
posteriorcingulate 1944 1340 3535 2.473 0.659 0.116 0.022 21 1.8
precentral 8500 5338 15365 2.597 0.514 0.097 0.017 57 5.9
precuneus 7016 4793 13209 2.529 0.524 0.115 0.021 71 6.0
rostralanteriorcingulate 1497 1091 3089 2.555 0.884 0.131 0.025 18 1.7
rostralmiddlefrontal 6305 4567 11192 2.086 0.570 0.125 0.026 69 6.8
superiorfrontal 14747 10592 29838 2.408 0.611 0.125 0.025 159 15.3
superiorparietal 7209 4968 12330 2.266 0.483 0.120 0.021 75 6.3
superiortemporal 8539 5662 18129 2.795 0.600 0.102 0.020 71 7.0
supramarginal 6440 4310 12048 2.583 0.452 0.107 0.018 56 4.8
transversetemporal 719 462 1433 2.580 0.398 0.115 0.022 7 0.6
insula 3288 2179 7427 3.239 0.839 0.097 0.019 22 2.5
