StructName NumVert SurfArea GrayVol ThickAvg ThickStd MeanCurv GausCurv FoldInd CurvInd
caudalanteriorcingulate 1485 1075 3164 2.588 0.732 0.124 0.022 19 1.3
caudalmiddlefrontal 3381 2231 5940 2.451 0.475 0.100 0.016 24 2.2
cuneus 2970 2016 4149 1.898 0.491 0.140 0.028 35 3.6
entorhinal 736 471 2240 3.254 0.810 0.120 0.025 6 0.8
fusiform 5069 3408 10507 2.752 0.592 0.119 0.024 54 4.8
inferiorparietal 9182 6387 17807 2.526 0.461 0.121 0.023 95 9.0
inferiortemporal 6151 4370 13796 2.666 0.667 0.125 0.027 80 6.9
isthmuscingulate 1719 1151 3163 2.346 0.756 0.120 0.026 20 1.7
lateraloccipital 6981 4827 11934 2.265 0.517 0.138 0.028 87 8.1
lateralorbitofrontal 4382 3281 9149 2.497 0.679 0.141 0.035 56 6.9
lingual 4495 3067 6990 2.111 0.594 0.129 0.027 54 5.1
medialorbitofrontal 2379 1690 5051 2.515 0.772 0.122 0.029 35 2.7
middletemporal 6885 4877 15726 2.755 0.601 0.115 0.021 74 6.1
parahippocampal 1236 759 2393 2.677 0.704 0.078 0.015 6 0.6
paracentral 2945 1800 4834 2.490 0.562 0.095 0.016 18 2.1
parsopercularis 3048 2104 5625 2.415 0.509 0.112 0.021 30 2.5
parsorbitalis 1068 720 1804 2.238 0.604 0.108 0.018 9 0.8
parstriangularis 2445 1709 4678 2.310 0.563 0.121 0.022 28 2.1
pericalcarine 2045 1424 2051 1.574 0.364 0.133 0.028 22 2.5
postcentral 7561 5076 11337 2.054 0.577 0.111 0.020 69 6.2
posteriorcingulate 1836 1274 3365 2.488 0.650 0.118 0.022 21 1.6
precentral 8420 5286 14971 2.600 0.490 0.097 0.016 58 5.7
precuneus 6841 4671 12464 2.486 0.577 0.116 0.022 69 6.2
rostralanteriorcingulate 1482 1075 3170 2.647 0.808 0.131 0.024 18 1.5
rostralmiddlefrontal 6555 4674 11587 2.146 0.578 0.124 0.026 73 7.0
superiorfrontal 14773 10525 30235 2.487 0.596 0.123 0.024 156 14.6
superiorparietal 7290 5061 11911 2.180 0.484 0.122 0.021 74 6.7
superiortemporal 8668 5849 18005 2.732 0.596 0.105 0.022 72 8.2
supramarginal 6472 4358 11724 2.511 0.480 0.108 0.018 55 5.0
transversetemporal 671 434 1375 2.588 0.398 0.112 0.020 7 0.5
insula 3249 2181 7409 3.315 0.807 0.098 0.020 20 2.5
