StructName NumVert SurfArea GrayVol ThickAvg ThickStd MeanCurv GausCurv FoldInd CurvInd
caudalanteriorcingulate 1515 1077 3062 2.475 0.740 0.124 0.023 18 1.6
caudalmiddlefrontal 3382 2256 6017 2.437 0.492 0.101 0.016 24 2.3
cuneus 2906 1999 4090 1.895 0.492 0.141 0.028 35 3.5
entorhinal 674 475 2349 3.238 0.836 0.131 0.029 7 0.7
fusiform 5251 3511 10395 2.679 0.623 0.120 0.026 54 5.6
inferiorparietal 9078 6402 17716 2.506 0.479 0.122 0.022 93 8.9
inferiortemporal 6027 4224 13449 2.714 0.686 0.120 0.024 66 6.1
isthmuscingulate 1716 1166 3154 2.284 0.774 0.116 0.023 18 1.7
lateraloccipital 6968 4820 11636 2.213 0.498 0.135 0.027 85 7.8
lateralorbitofrontal 4109 3015 8964 2.561 0.738 0.134 0.031 51 5.6
lingual 4433 3082 6856 2.061 0.605 0.134 0.030 57 5.6
medialorbitofrontal 2425 1725 5325 2.567 0.769 0.118 0.024 29 2.3
middletemporal 6691 4887 15730 2.765 0.605 0.118 0.022 70 6.2
parahippocampal 1190 738 2395 2.708 0.796 0.078 0.015 6 0.6
paracentral 2948 1805 4821 2.472 0.549 0.094 0.017 17 2.0
parsopercularis 2900 2016 5436 2.458 0.495 0.114 0.022 30 2.5
parsorbitalis 1024 690 1750 2.260 0.607 0.106 0.018 9 0.7
parstriangularis 2526 1758 4821 2.332 0.571 0.118 0.020 26 2.1
pericalcarine 2083 1421 1991 1.543 0.362 0.129 0.027 22 2.4
postcentral 7580 5037 11257 2.044 0.559 0.110 0.019 69 6.1
posteriorcingulate 1831 1267 3357 2.483 0.663 0.115 0.021 18 1.7
precentral 8458 5305 15177 2.603 0.497 0.096 0.017 56 5.8
precuneus 6664 4686 12379 2.458 0.551 0.118 0.022 67 5.9
rostralanteriorcingulate 1487 1056 3005 2.649 0.739 0.130 0.023 18 1.6
rostralmiddlefrontal 6188 4520 11335 2.186 0.557 0.127 0.026 70 6.6
superiorfrontal 14798 10493 30088 2.474 0.601 0.123 0.024 160 14.7
superiorparietal 7076 4985 11530 2.154 0.475 0.123 0.021 74 6.4
superiortemporal 8316 5583 17837 2.796 0.662 0.099 0.018 64 6.2
supramarginal 6247 4252 11432 2.502 0.468 0.109 0.018 56 5.0
transversetemporal 630 415 1316 2.601 0.409 0.128 0.022 7 0.6
insula 3294 2188 7453 3.245 0.770 0.096 0.019 21 2.4
