StructName NumVert SurfArea GrayVol ThickAvg ThickStd MeanCurv GausCurv FoldInd CurvInd
caudalanteriorcingulate 1636 1145 3355 2.614 0.677 0.119 0.023 19 1.6
caudalmiddlefrontal 3410 2297 6150 2.456 0.438 0.105 0.017 27 2.3
cuneus 2889 1922 3995 1.988 0.470 0.138 0.029 34 3.6
entorhinal 607 422 1951 3.252 0.771 0.126 0.028 5 0.7
fusiform 5017 3451 10291 2.735 0.540 0.120 0.024 54 5.0
inferiorparietal 9162 6451 17440 2.475 0.424 0.123 0.023 102 9.2
inferiortemporal 6021 4345 12981 2.601 0.598 0.122 0.024 71 6.0
isthmuscingulate 1746 1167 3159 2.350 0.739 0.115 0.023 17 1.7
lateraloccipital 7146 4871 11712 2.222 0.474 0.135 0.027 90 8.0
lateralorbitofrontal 4368 3190 9152 2.548 0.634 0.136 0.033 60 6.0
lingual 4620 3133 7007 2.127 0.593 0.128 0.028 53 5.6
medialorbitofrontal 2489 1785 5236 2.531 0.653 0.141 0.040 52 4.2
middletemporal 6791 4964 15365 2.694 0.528 0.118 0.022 76 6.3
parahippocampal 1222 757 2416 2.727 0.655 0.085 0.015 8 0.6
paracentral 2936 1786 5029 2.582 0.516 0.095 0.018 19 2.2
parsopercularis 2809 1970 5451 2.522 0.443 0.117 0.023 31 2.4
parsorbitalis 975 680 1739 2.299 0.515 0.114 0.020 10 0.8
parstriangularis 2832 1975 5252 2.343 0.480 0.119 0.023 32 2.4
pericalcarine 2079 1411 2035 1.587 0.423 0.128 0.030 21 2.6
postcentral 7541 5005 11250 2.043 0.535 0.113 0.021 72 6.6
posteriorcingulate 1971 1323 3447 2.445 0.695 0.113 0.021 20 1.7
precentral 8323 5310 14963 2.578 0.441 0.101 0.018 60 6.3
precuneus 6806 4694 12670 2.554 0.493 0.116 0.021 68 5.9
rostralanteriorcingulate 1562 1070 3230 2.757 0.677 0.125 0.024 17 1.6
rostralmiddlefrontal 6017 4453 11420 2.326 0.463 0.130 0.028 78 7.0
superiorfrontal 15003 10600 30885 2.578 0.497 0.122 0.024 159 15.2
superiorparietal 7061 4946 11710 2.212 0.409 0.122 0.021 81 6.2
superiortemporal 8199 5603 17673 2.778 0.629 0.104 0.020 71 6.9
supramarginal 6297 4319 11227 2.457 0.412 0.112 0.020 60 5.6
transversetemporal 676 451 1463 2.665 0.369 0.119 0.025 7 0.7
insula 3248 2194 7059 3.075 0.694 0.102 0.022 23 2.8
