StructName NumVert SurfArea GrayVol ThickAvg ThickStd MeanCurv GausCurv FoldInd CurvInd
caudalanteriorcingulate 1671 1168 3465 2.581 0.729 0.132 0.031 23 2.2
caudalmiddlefrontal 3290 2209 6895 2.647 0.579 0.107 0.021 27 2.8
cuneus 3149 2142 4762 2.041 0.547 0.143 0.034 45 4.3
entorhinal 688 478 2175 3.045 0.842 0.140 0.041 9 1.2
fusiform 4873 3339 10948 2.864 0.581 0.120 0.026 61 5.2
inferiorparietal 9684 6689 20027 2.605 0.527 0.122 0.025 115 10.1
inferiortemporal 6495 4586 14758 2.640 0.750 0.128 0.033 92 8.6
isthmuscingulate 1817 1228 3484 2.396 0.820 0.122 0.028 23 1.9
lateraloccipital 7202 4881 14179 2.461 0.599 0.133 0.031 99 8.6
lateralorbitofrontal 4599 3351 10427 2.599 0.779 0.146 0.045 81 8.6
lingual 4692 3290 7921 2.220 0.717 0.135 0.032 59 6.5
medialorbitofrontal 2709 1884 5549 2.446 0.664 0.120 0.032 35 3.2
middletemporal 7369 5150 17701 2.814 0.687 0.116 0.025 83 7.5
parahippocampal 1239 786 2817 2.942 0.739 0.091 0.019 8 1.0
paracentral 3051 2007 5468 2.531 0.510 0.114 0.034 32 3.4
parsopercularis 3089 2115 5981 2.566 0.459 0.114 0.025 34 2.9
parsorbitalis 1149 758 2333 2.554 0.662 0.108 0.021 10 1.0
parstriangularis 2559 1746 5449 2.527 0.641 0.121 0.025 33 2.4
pericalcarine 1927 1336 2347 1.890 0.487 0.124 0.027 17 2.4
postcentral 8059 5419 13487 2.204 0.596 0.122 0.030 96 9.5
posteriorcingulate 1979 1356 3597 2.444 0.671 0.117 0.026 23 2.1
precentral 8933 5842 16836 2.585 0.607 0.113 0.028 73 10.5
precuneus 7061 4863 13726 2.577 0.494 0.118 0.024 78 6.6
rostralanteriorcingulate 1701 1205 3586 2.689 0.659 0.139 0.038 24 2.6
rostralmiddlefrontal 6799 4831 14444 2.432 0.663 0.130 0.030 97 8.2
superiorfrontal 15689 11003 35568 2.664 0.631 0.124 0.030 182 18.1
superiorparietal 7361 4980 13700 2.380 0.531 0.120 0.026 90 8.7
superiortemporal 8599 5714 19827 2.864 0.684 0.105 0.024 89 8.6
supramarginal 6693 4498 12685 2.542 0.541 0.113 0.025 64 7.0
transversetemporal 704 467 1555 2.715 0.325 0.122 0.033 9 0.8
insula 3233 2192 7559 3.360 0.770 0.107 0.027 25 3.3
