StructName NumVert SurfArea GrayVol ThickAvg ThickStd MeanCurv GausCurv FoldInd CurvInd
caudalanteriorcingulate 1412 1017 2588 2.326 0.562 0.120 0.022 17 1.3
caudalmiddlefrontal 3703 2498 6544 2.451 0.403 0.114 0.021 36 3.2
cuneus 3435 2304 4562 1.913 0.466 0.126 0.028 37 4.0
entorhinal 657 463 2219 3.339 0.741 0.119 0.033 8 0.8
fusiform 4048 2827 8503 2.750 0.447 0.119 0.026 44 4.3
inferiorparietal 9759 6852 17618 2.343 0.461 0.118 0.021 107 8.9
inferiortemporal 5512 3944 12104 2.659 0.612 0.115 0.025 58 5.5
isthmuscingulate 1852 1243 2839 2.078 0.789 0.116 0.027 22 1.9
lateraloccipital 8296 5615 13856 2.198 0.475 0.128 0.027 96 9.0
lateralorbitofrontal 4880 3645 9224 2.333 0.624 0.140 0.035 78 7.0
lingual 5277 3618 7408 2.014 0.671 0.134 0.031 60 7.2
medialorbitofrontal 2639 1958 5141 2.346 0.545 0.125 0.036 44 2.9
middletemporal 7200 5104 15848 2.722 0.521 0.114 0.021 77 6.3
parahippocampal 1239 876 2802 2.751 0.728 0.144 0.060 64 4.0
paracentral 3011 1749 4736 2.474 0.495 0.092 0.018 19 2.1
parsopercularis 2406 1579 4468 2.585 0.410 0.106 0.019 18 1.9
parsorbitalis 941 664 1769 2.403 0.457 0.119 0.028 9 1.1
parstriangularis 2834 1985 5765 2.563 0.501 0.116 0.022 29 2.5
pericalcarine 1808 1246 1433 1.362 0.391 0.131 0.035 18 2.5
postcentral 7646 4900 11050 2.093 0.584 0.107 0.020 64 6.2
posteriorcingulate 2554 1752 4639 2.364 0.734 0.127 0.027 32 2.9
precentral 8881 5514 15484 2.573 0.453 0.098 0.018 60 6.5
precuneus 6696 4563 11572 2.360 0.493 0.120 0.023 68 6.5
rostralanteriorcingulate 1536 1173 3197 2.543 0.598 0.133 0.028 24 1.9
rostralmiddlefrontal 7797 5582 13772 2.241 0.472 0.129 0.025 95 8.2
superiorfrontal 16588 11558 32541 2.522 0.512 0.120 0.024 175 15.9
superiorparietal 6423 4256 9525 2.101 0.412 0.115 0.020 64 5.2
superiortemporal 8495 5627 19125 2.901 0.621 0.100 0.018 68 6.1
supramarginal 5635 3862 10540 2.539 0.473 0.119 0.022 57 5.4
transversetemporal 518 354 938 2.401 0.547 0.115 0.025 5 0.5
insula 3466 2419 7491 2.981 0.650 0.116 0.027 33 3.9
