StructName NumVert SurfArea GrayVol ThickAvg ThickStd MeanCurv GausCurv FoldInd CurvInd
caudalanteriorcingulate 1397 1016 2565 2.260 0.572 0.123 0.020 17 1.2
caudalmiddlefrontal 3659 2456 6640 2.465 0.443 0.110 0.020 32 2.9
cuneus 3387 2329 4731 1.943 0.486 0.127 0.028 35 4.0
entorhinal 667 459 2230 3.337 0.864 0.105 0.029 6 0.6
fusiform 4206 2926 9110 2.801 0.561 0.116 0.024 43 3.9
inferiorparietal 9944 6874 19021 2.477 0.515 0.116 0.020 101 8.7
inferiortemporal 5785 4069 13146 2.772 0.617 0.117 0.025 62 6.0
isthmuscingulate 1743 1164 2739 2.087 0.785 0.114 0.026 19 1.7
lateraloccipital 8119 5561 13841 2.227 0.523 0.129 0.026 87 8.8
lateralorbitofrontal 5017 3720 9486 2.385 0.682 0.137 0.031 76 6.7
lingual 5197 3646 7529 1.992 0.701 0.137 0.033 75 7.2
medialorbitofrontal 2820 2010 5265 2.352 0.583 0.118 0.025 37 2.9
middletemporal 7082 5094 16372 2.784 0.563 0.114 0.020 74 6.0
parahippocampal 1278 917 2706 2.685 0.717 0.138 0.034 22 1.8
paracentral 2950 1768 4877 2.563 0.493 0.093 0.018 18 2.1
parsopercularis 2435 1582 4453 2.596 0.473 0.104 0.018 17 1.9
parsorbitalis 1000 679 1745 2.351 0.492 0.109 0.025 9 1.0
parstriangularis 2795 1947 5638 2.513 0.531 0.116 0.021 28 2.7
pericalcarine 1932 1303 1423 1.289 0.365 0.128 0.031 19 2.3
postcentral 7652 4923 11418 2.128 0.614 0.106 0.019 66 6.0
posteriorcingulate 2415 1710 4483 2.392 0.721 0.130 0.026 29 2.7
precentral 9049 5584 15800 2.594 0.488 0.098 0.017 61 6.5
precuneus 6580 4573 11826 2.414 0.528 0.122 0.023 69 6.2
rostralanteriorcingulate 1499 1105 3124 2.535 0.647 0.127 0.025 20 1.6
rostralmiddlefrontal 7671 5471 13278 2.154 0.538 0.129 0.025 94 7.9
superiorfrontal 16573 11569 32888 2.529 0.552 0.118 0.023 171 15.4
superiorparietal 6435 4292 10245 2.218 0.423 0.114 0.020 61 5.1
superiortemporal 8589 5702 19827 2.907 0.695 0.101 0.018 66 6.4
supramarginal 5729 3876 11087 2.637 0.519 0.116 0.020 54 5.1
transversetemporal 500 352 881 2.336 0.584 0.120 0.021 5 0.4
insula 3446 2330 7471 3.108 0.658 0.108 0.023 26 3.2
