StructName NumVert SurfArea GrayVol ThickAvg ThickStd MeanCurv GausCurv FoldInd CurvInd
caudalanteriorcingulate 1342 995 2481 2.189 0.550 0.129 0.022 18 1.3
caudalmiddlefrontal 3573 2436 6392 2.392 0.473 0.113 0.020 32 3.0
cuneus 3521 2443 4853 1.926 0.519 0.129 0.030 36 4.5
entorhinal 722 473 2789 3.603 0.850 0.104 0.026 6 0.6
fusiform 4251 2925 9436 2.874 0.574 0.117 0.024 44 4.2
inferiorparietal 10058 6902 19327 2.522 0.535 0.115 0.020 101 8.6
inferiortemporal 5793 4046 13120 2.786 0.621 0.118 0.026 64 6.1
isthmuscingulate 1715 1162 2861 2.200 0.819 0.118 0.027 20 1.8
lateraloccipital 8266 5585 13984 2.253 0.551 0.128 0.026 87 8.8
lateralorbitofrontal 4757 3605 9301 2.382 0.747 0.146 0.037 86 7.8
lingual 5360 3770 7488 1.961 0.711 0.136 0.032 59 7.2
medialorbitofrontal 2684 1960 5110 2.293 0.578 0.121 0.027 37 2.9
middletemporal 7255 5091 16680 2.825 0.592 0.112 0.020 72 6.0
parahippocampal 1303 896 2936 2.849 0.795 0.130 0.035 31 1.7
paracentral 2907 1760 4734 2.478 0.535 0.095 0.017 18 2.0
parsopercularis 2446 1589 4517 2.596 0.461 0.107 0.019 18 1.8
parsorbitalis 952 672 1682 2.298 0.524 0.120 0.028 11 1.2
parstriangularis 2754 1911 5539 2.535 0.540 0.114 0.021 27 2.6
pericalcarine 1759 1194 1270 1.293 0.380 0.131 0.031 18 2.2
postcentral 7666 4952 11197 2.097 0.631 0.107 0.019 62 6.0
posteriorcingulate 2326 1653 4380 2.370 0.740 0.133 0.025 29 2.6
precentral 8910 5524 15315 2.540 0.506 0.097 0.017 58 6.2
precuneus 6494 4497 11573 2.407 0.521 0.121 0.023 64 6.1
rostralanteriorcingulate 1453 1086 2985 2.460 0.668 0.134 0.026 21 1.9
rostralmiddlefrontal 7340 5389 12661 2.066 0.539 0.133 0.025 91 7.9
superiorfrontal 16147 11354 31077 2.423 0.580 0.120 0.023 165 15.7
superiorparietal 6329 4218 9830 2.179 0.459 0.116 0.020 60 5.0
superiortemporal 8509 5619 19713 2.965 0.711 0.100 0.018 65 6.1
supramarginal 5611 3799 11120 2.681 0.543 0.119 0.022 56 5.2
transversetemporal 509 370 905 2.343 0.582 0.125 0.020 6 0.4
insula 3362 2313 7369 3.095 0.635 0.110 0.024 45 2.9
