StructName NumVert SurfArea GrayVol ThickAvg ThickStd MeanCurv GausCurv FoldInd CurvInd
caudalanteriorcingulate 1446 1038 2648 2.266 0.553 0.121 0.019 18 1.2
caudalmiddlefrontal 3628 2463 6626 2.474 0.438 0.113 0.020 34 3.0
cuneus 3345 2291 4796 1.992 0.509 0.129 0.028 37 4.1
entorhinal 727 508 2530 3.350 0.798 0.112 0.031 6 0.7
fusiform 4307 2987 9569 2.853 0.576 0.118 0.025 47 4.4
inferiorparietal 10086 6897 19164 2.501 0.527 0.115 0.019 99 8.5
inferiortemporal 5820 4041 13090 2.751 0.632 0.117 0.027 67 6.3
isthmuscingulate 1805 1214 2929 2.146 0.821 0.119 0.025 21 1.8
lateraloccipital 8247 5612 14159 2.260 0.539 0.128 0.026 87 8.8
lateralorbitofrontal 5115 3720 9532 2.350 0.695 0.139 0.035 76 7.6
lingual 5282 3660 7562 2.024 0.707 0.135 0.032 58 6.9
medialorbitofrontal 2743 1969 5258 2.404 0.567 0.114 0.024 36 2.6
middletemporal 7390 5182 16455 2.772 0.573 0.114 0.021 75 6.7
parahippocampal 1380 954 2932 2.737 0.782 0.135 0.036 21 2.2
paracentral 2923 1747 4880 2.570 0.515 0.093 0.016 17 1.9
parsopercularis 2417 1583 4509 2.648 0.430 0.106 0.019 18 1.8
parsorbitalis 991 682 1678 2.300 0.470 0.113 0.025 9 1.0
parstriangularis 2859 1944 5690 2.537 0.529 0.111 0.020 27 2.4
pericalcarine 1841 1264 1389 1.319 0.364 0.130 0.033 18 2.4
postcentral 7744 4995 11605 2.144 0.616 0.107 0.019 63 6.2
posteriorcingulate 2425 1696 4514 2.361 0.743 0.128 0.025 28 2.7
precentral 8994 5578 15913 2.606 0.493 0.098 0.017 60 6.4
precuneus 6602 4542 11796 2.402 0.511 0.120 0.022 66 5.9
rostralanteriorcingulate 1487 1105 3021 2.444 0.650 0.130 0.025 21 1.7
rostralmiddlefrontal 7725 5569 13538 2.159 0.541 0.130 0.025 96 8.4
superiorfrontal 16514 11543 32658 2.514 0.571 0.119 0.024 169 15.9
superiorparietal 6402 4278 10302 2.239 0.439 0.115 0.019 63 5.0
superiortemporal 8757 5796 19855 2.899 0.669 0.102 0.020 73 7.1
supramarginal 5732 3868 11250 2.671 0.504 0.117 0.021 53 5.2
transversetemporal 517 366 939 2.373 0.531 0.126 0.025 6 0.5
insula 3518 2381 7414 3.071 0.653 0.108 0.024 30 3.3
