StructName NumVert SurfArea GrayVol ThickAvg ThickStd MeanCurv GausCurv FoldInd CurvInd
caudalanteriorcingulate 1364 991 2514 2.261 0.567 0.121 0.019 18 1.2
caudalmiddlefrontal 3741 2538 6357 2.368 0.464 0.113 0.020 35 3.1
cuneus 3456 2333 4575 1.908 0.523 0.124 0.028 38 4.1
entorhinal 715 473 2509 3.493 0.755 0.105 0.025 8 0.6
fusiform 3933 2740 8576 2.871 0.478 0.114 0.022 42 3.7
inferiorparietal 9917 6863 18082 2.415 0.469 0.115 0.019 103 8.4
inferiortemporal 5393 3855 12422 2.807 0.598 0.115 0.022 59 4.9
isthmuscingulate 1874 1259 2915 2.126 0.819 0.112 0.024 22 1.5
lateraloccipital 8343 5613 13841 2.218 0.526 0.126 0.026 88 9.0
lateralorbitofrontal 4598 3462 8696 2.407 0.656 0.135 0.029 68 5.6
lingual 5310 3630 7216 1.986 0.693 0.131 0.029 61 6.6
medialorbitofrontal 2573 1855 4951 2.403 0.568 0.116 0.023 38 2.4
middletemporal 7006 5016 15860 2.811 0.527 0.111 0.020 77 5.8
parahippocampal 1265 867 2927 2.969 0.635 0.114 0.025 15 1.2
paracentral 2875 1743 4672 2.485 0.493 0.092 0.015 17 1.8
parsopercularis 2342 1542 4345 2.616 0.432 0.105 0.018 18 1.8
parsorbitalis 936 647 1640 2.376 0.472 0.114 0.026 9 1.1
parstriangularis 2713 1880 5338 2.468 0.551 0.112 0.021 26 2.5
pericalcarine 1748 1188 1187 1.231 0.383 0.131 0.034 18 2.3
postcentral 7566 4851 10844 2.068 0.600 0.104 0.018 61 5.7
posteriorcingulate 2495 1729 4540 2.355 0.728 0.128 0.023 29 2.6
precentral 8689 5453 15040 2.528 0.471 0.097 0.016 58 5.8
precuneus 6579 4511 11519 2.394 0.514 0.119 0.022 69 5.7
rostralanteriorcingulate 1489 1130 3180 2.589 0.623 0.139 0.028 29 1.7
rostralmiddlefrontal 7361 5290 12845 2.172 0.489 0.128 0.025 92 7.4
superiorfrontal 15902 11224 31064 2.478 0.534 0.120 0.023 169 14.7
superiorparietal 6398 4206 9627 2.125 0.419 0.112 0.019 64 4.8
superiortemporal 8282 5555 19476 2.998 0.640 0.098 0.017 62 5.8
supramarginal 5502 3787 10609 2.614 0.522 0.118 0.021 54 5.2
transversetemporal 501 349 966 2.532 0.529 0.115 0.025 5 0.5
insula 3339 2277 7457 3.179 0.644 0.105 0.023 27 2.7
