StructName NumVert SurfArea GrayVol ThickAvg ThickStd MeanCurv GausCurv FoldInd CurvInd
caudalanteriorcingulate 1548 1123 2964 2.290 0.628 0.130 0.025 20 1.7
caudalmiddlefrontal 3597 2444 7523 2.599 0.626 0.115 0.025 36 3.5
cuneus 3426 2347 5156 2.086 0.538 0.125 0.032 40 4.3
entorhinal 648 466 2634 3.634 0.889 0.124 0.035 7 0.9
fusiform 3587 2464 7817 2.846 0.579 0.116 0.026 37 3.7
inferiorparietal 10138 7012 21211 2.551 0.632 0.116 0.022 129 9.0
inferiortemporal 6429 4438 15002 2.700 0.790 0.128 0.037 96 9.8
isthmuscingulate 1842 1256 3074 2.165 0.851 0.120 0.030 24 1.9
lateraloccipital 8483 5689 16560 2.401 0.640 0.125 0.028 97 9.4
lateralorbitofrontal 5783 4171 10773 2.326 0.784 0.143 0.038 89 9.4
lingual 5220 3755 9027 2.213 0.742 0.135 0.034 63 7.6
medialorbitofrontal 3371 2289 6283 2.354 0.670 0.118 0.033 47 3.9
middletemporal 7932 5414 18483 2.832 0.695 0.113 0.024 91 7.6
parahippocampal 1294 896 3284 3.125 0.645 0.120 0.029 16 1.5
paracentral 3031 1878 5209 2.518 0.547 0.107 0.031 27 3.6
parsopercularis 2268 1486 4540 2.700 0.497 0.106 0.023 18 1.9
parsorbitalis 1029 696 1985 2.416 0.609 0.113 0.029 11 1.2
parstriangularis 3075 2099 6555 2.583 0.640 0.117 0.027 32 3.1
pericalcarine 1805 1252 1792 1.639 0.496 0.122 0.032 17 2.3
postcentral 8552 5586 13106 2.132 0.683 0.117 0.031 84 10.8
posteriorcingulate 2376 1663 4726 2.444 0.859 0.127 0.026 27 2.7
precentral 9285 5972 17436 2.597 0.582 0.107 0.026 71 10.0
precuneus 6372 4564 12503 2.423 0.533 0.125 0.025 75 6.7
rostralanteriorcingulate 1683 1237 3567 2.528 0.677 0.133 0.031 26 2.0
rostralmiddlefrontal 8261 5831 16650 2.323 0.683 0.129 0.027 107 9.0
superiorfrontal 17113 11708 37359 2.646 0.686 0.121 0.028 184 19.0
superiorparietal 6335 4196 11258 2.294 0.587 0.115 0.021 64 5.3
superiortemporal 9376 6293 21043 2.802 0.785 0.114 0.028 88 11.6
supramarginal 6385 4294 12435 2.570 0.640 0.124 0.031 75 8.2
transversetemporal 456 323 953 2.559 0.469 0.127 0.031 5 0.6
insula 3390 2368 7699 3.027 0.752 0.121 0.031 46 4.0
