StructName NumVert SurfArea GrayVol ThickAvg ThickStd MeanCurv GausCurv FoldInd CurvInd
caudalanteriorcingulate 795 587 1596 2.601 0.617 0.145 0.026 16 1.0
caudalmiddlefrontal 3013 1975 5187 2.538 0.477 0.106 0.019 23 2.4
cuneus 3466 2325 4333 1.785 0.473 0.132 0.028 38 4.3
entorhinal 621 461 1849 2.648 0.844 0.146 0.058 12 1.6
fusiform 4831 3381 9434 2.501 0.596 0.125 0.031 55 5.8
inferiorparietal 7615 5315 12837 2.307 0.489 0.127 0.025 84 8.2
inferiortemporal 5830 4282 14244 2.688 0.681 0.134 0.033 79 8.2
isthmuscingulate 1353 910 2267 2.208 0.780 0.119 0.029 17 1.4
lateraloccipital 8170 5562 12875 2.188 0.530 0.141 0.029 97 10.2
lateralorbitofrontal 4299 3186 8466 2.481 0.637 0.150 0.041 76 7.3
lingual 5138 3618 7454 1.983 0.695 0.148 0.034 67 7.7
medialorbitofrontal 2057 1614 4127 2.230 0.648 0.146 0.038 44 3.3
middletemporal 5923 4170 13109 2.692 0.617 0.122 0.023 66 5.7
parahippocampal 1122 691 1749 2.195 0.679 0.090 0.023 8 0.9
paracentral 2347 1369 3558 2.443 0.562 0.092 0.018 14 1.7
parsopercularis 2472 1715 4491 2.438 0.469 0.119 0.024 27 2.5
parsorbitalis 1166 826 2549 2.602 0.541 0.143 0.029 16 1.5
parstriangularis 2083 1547 3823 2.319 0.522 0.139 0.029 27 2.5
pericalcarine 2818 1910 2634 1.594 0.432 0.133 0.031 28 3.7
postcentral 7197 4563 9761 1.967 0.662 0.103 0.020 55 5.9
posteriorcingulate 1460 1080 2972 2.591 0.586 0.140 0.027 21 1.9
precentral 7078 4478 12357 2.544 0.579 0.104 0.021 56 6.1
precuneus 5680 3872 9107 2.261 0.574 0.112 0.021 50 4.9
rostralanteriorcingulate 1419 970 2874 2.617 0.578 0.119 0.022 18 1.2
rostralmiddlefrontal 5014 3709 8900 2.213 0.484 0.138 0.027 66 5.9
superiorfrontal 11344 8076 22874 2.544 0.552 0.124 0.025 130 11.4
superiorparietal 5680 3881 8442 1.997 0.472 0.119 0.021 60 5.1
superiortemporal 6562 4458 14327 2.798 0.718 0.114 0.025 61 6.4
supramarginal 5007 3391 9393 2.561 0.536 0.120 0.024 49 5.5
transversetemporal 585 335 999 2.424 0.483 0.101 0.022 4 0.5
insula 3037 2016 6663 3.112 0.920 0.102 0.022 23 2.6
