StructName NumVert SurfArea GrayVol ThickAvg ThickStd MeanCurv GausCurv FoldInd CurvInd
caudalanteriorcingulate 776 575 1522 2.498 0.603 0.141 0.030 14 1.0
caudalmiddlefrontal 3023 2051 5260 2.463 0.438 0.108 0.022 24 2.7
cuneus 3392 2258 4415 1.840 0.441 0.128 0.029 37 4.0
entorhinal 592 407 1821 2.954 0.791 0.113 0.030 5 0.6
fusiform 4683 3268 8807 2.404 0.536 0.122 0.028 54 5.0
inferiorparietal 7302 5133 12092 2.250 0.413 0.128 0.026 87 8.0
inferiortemporal 5464 4064 12589 2.588 0.621 0.132 0.031 69 6.9
isthmuscingulate 1424 974 2311 2.181 0.832 0.116 0.032 19 1.5
lateraloccipital 8322 5610 12743 2.149 0.463 0.136 0.028 95 10.1
lateralorbitofrontal 4596 3616 9061 2.448 0.592 0.154 0.042 72 8.0
lingual 5167 3592 7548 1.983 0.643 0.142 0.035 68 7.2
medialorbitofrontal 1870 1468 3875 2.315 0.663 0.149 0.042 37 3.2
middletemporal 6084 4346 12927 2.596 0.553 0.121 0.024 72 6.0
parahippocampal 1024 659 1703 2.190 0.664 0.094 0.022 7 0.8
paracentral 2336 1444 3686 2.414 0.530 0.100 0.021 15 2.0
parsopercularis 2393 1668 4373 2.428 0.418 0.117 0.025 25 2.4
parsorbitalis 1160 832 2507 2.552 0.557 0.140 0.032 15 1.4
parstriangularis 2093 1529 3779 2.309 0.487 0.137 0.031 28 2.6
pericalcarine 2964 2005 3008 1.672 0.457 0.133 0.032 31 3.9
postcentral 7171 4638 10051 1.992 0.574 0.106 0.023 64 6.4
posteriorcingulate 1566 1172 3082 2.415 0.607 0.141 0.032 26 1.7
precentral 7023 4612 12307 2.507 0.512 0.112 0.025 62 7.3
precuneus 5618 3933 9372 2.265 0.506 0.115 0.024 60 5.5
rostralanteriorcingulate 1417 1011 2854 2.548 0.594 0.122 0.025 20 1.3
rostralmiddlefrontal 5056 3743 8936 2.194 0.449 0.133 0.028 63 5.9
superiorfrontal 11759 8474 23514 2.494 0.517 0.128 0.030 146 13.5
superiorparietal 5476 3790 8330 2.025 0.401 0.119 0.023 62 5.0
superiortemporal 6344 4405 13987 2.760 0.725 0.120 0.028 68 7.3
supramarginal 5061 3561 9554 2.457 0.479 0.123 0.025 55 5.4
transversetemporal 540 351 1064 2.425 0.498 0.116 0.033 4 0.6
insula 3079 2064 6532 2.945 0.928 0.109 0.030 29 3.5
