StructName NumVert SurfArea GrayVol ThickAvg ThickStd MeanCurv GausCurv FoldInd CurvInd
caudalanteriorcingulate 877 621 1641 2.493 0.748 0.138 0.025 16 1.0
caudalmiddlefrontal 3040 1996 5309 2.507 0.487 0.107 0.022 24 2.8
cuneus 3457 2298 4486 1.852 0.456 0.131 0.028 40 4.2
entorhinal 969 648 1971 2.226 0.962 0.136 0.053 24 1.7
fusiform 4867 3331 9428 2.496 0.591 0.121 0.030 53 5.4
inferiorparietal 7675 5309 12809 2.289 0.448 0.127 0.025 86 8.3
inferiortemporal 6135 4231 13330 2.609 0.699 0.126 0.033 74 8.1
isthmuscingulate 1387 928 2280 2.203 0.728 0.118 0.030 16 1.5
lateraloccipital 8159 5491 12835 2.192 0.517 0.138 0.029 95 10.1
lateralorbitofrontal 4513 3463 8782 2.441 0.633 0.152 0.044 63 8.5
lingual 5295 3663 7563 1.966 0.639 0.146 0.035 72 7.8
medialorbitofrontal 2226 1632 4223 2.290 0.672 0.145 0.041 44 4.1
middletemporal 6053 4230 13096 2.660 0.636 0.123 0.025 69 6.4
parahippocampal 1131 695 1689 2.105 0.655 0.091 0.022 10 1.0
paracentral 2333 1388 3651 2.462 0.529 0.096 0.019 14 1.9
parsopercularis 2405 1691 4306 2.396 0.472 0.120 0.026 24 2.6
parsorbitalis 1189 832 2444 2.557 0.480 0.140 0.031 16 1.6
parstriangularis 2064 1505 3777 2.323 0.509 0.137 0.028 25 2.3
pericalcarine 2882 1983 2786 1.598 0.444 0.137 0.034 29 4.2
postcentral 7138 4610 10077 1.997 0.632 0.108 0.023 63 6.7
posteriorcingulate 1523 1117 2990 2.493 0.591 0.138 0.031 24 1.8
precentral 7001 4514 12136 2.505 0.560 0.115 0.027 67 7.8
precuneus 5773 3961 9525 2.289 0.522 0.115 0.024 58 5.5
rostralanteriorcingulate 1395 980 2818 2.554 0.585 0.123 0.024 17 1.6
rostralmiddlefrontal 5130 3752 8948 2.173 0.480 0.137 0.030 68 6.4
superiorfrontal 11560 8229 23307 2.519 0.556 0.127 0.029 135 13.3
superiorparietal 5639 3841 8726 2.065 0.451 0.119 0.023 63 5.1
superiortemporal 6600 4521 14221 2.760 0.719 0.118 0.028 64 7.5
supramarginal 4941 3416 9299 2.501 0.496 0.124 0.027 55 5.5
transversetemporal 584 345 1056 2.471 0.452 0.108 0.023 5 0.5
insula 3025 2074 6615 3.009 0.876 0.113 0.029 28 3.6
