StructName NumVert SurfArea GrayVol ThickAvg ThickStd MeanCurv GausCurv FoldInd CurvInd
caudalanteriorcingulate 835 622 1687 2.566 0.625 0.155 0.035 16 1.4
caudalmiddlefrontal 2996 2026 5505 2.432 0.525 0.111 0.026 27 3.2
cuneus 3311 2213 4718 1.969 0.483 0.130 0.030 41 3.9
entorhinal 782 539 2255 2.675 1.017 0.127 0.050 12 1.2
fusiform 4732 3371 10135 2.547 0.605 0.125 0.031 55 5.3
inferiorparietal 7666 5248 13453 2.301 0.548 0.124 0.026 90 8.4
inferiortemporal 5753 4235 14557 2.604 0.777 0.130 0.036 74 7.7
isthmuscingulate 1366 935 2345 2.212 0.779 0.117 0.028 17 1.5
lateraloccipital 8169 5341 13943 2.315 0.571 0.131 0.030 102 9.9
lateralorbitofrontal 5579 4074 9644 2.220 0.677 0.148 0.044 81 10.3
lingual 5106 3622 8113 2.067 0.684 0.142 0.034 66 7.1
medialorbitofrontal 2607 1816 4408 2.173 0.745 0.122 0.032 34 2.8
middletemporal 6289 4434 13910 2.576 0.709 0.121 0.026 74 6.6
parahippocampal 1064 670 1821 2.304 0.678 0.097 0.023 7 0.8
paracentral 2519 1519 3883 2.353 0.591 0.110 0.035 24 3.5
parsopercularis 2417 1678 4439 2.432 0.455 0.117 0.030 26 2.5
parsorbitalis 1192 826 2570 2.539 0.570 0.135 0.033 15 1.6
parstriangularis 2133 1598 4150 2.252 0.601 0.140 0.034 32 2.8
pericalcarine 2744 1913 3227 1.824 0.440 0.129 0.033 27 3.4
postcentral 7445 4799 11120 2.074 0.589 0.111 0.030 88 8.6
posteriorcingulate 1632 1194 3133 2.352 0.691 0.141 0.035 27 2.2
precentral 7183 4705 13362 2.526 0.568 0.110 0.029 62 7.6
precuneus 5690 3906 9724 2.283 0.530 0.111 0.024 58 5.1
rostralanteriorcingulate 1570 1107 3116 2.523 0.660 0.123 0.032 21 1.8
rostralmiddlefrontal 5083 3811 9611 2.091 0.609 0.133 0.031 72 5.9
superiorfrontal 11924 8542 24625 2.472 0.623 0.128 0.033 143 14.7
superiorparietal 5694 3903 9516 2.115 0.504 0.117 0.024 68 5.3
superiortemporal 6672 4581 15000 2.784 0.714 0.117 0.030 64 7.6
supramarginal 5042 3478 10342 2.540 0.589 0.117 0.026 52 5.3
transversetemporal 595 374 1212 2.577 0.428 0.113 0.026 5 0.6
insula 2955 2006 6665 3.072 0.888 0.108 0.029 24 3.2
