StructName NumVert SurfArea GrayVol ThickAvg ThickStd MeanCurv GausCurv FoldInd CurvInd
caudalanteriorcingulate 817 597 1591 2.539 0.621 0.150 0.031 17 1.1
caudalmiddlefrontal 2971 1974 5122 2.489 0.464 0.104 0.019 22 2.2
cuneus 3432 2283 4617 1.890 0.534 0.130 0.028 37 4.2
entorhinal 846 539 2085 2.562 0.989 0.127 0.047 16 1.4
fusiform 4762 3297 9525 2.524 0.611 0.123 0.029 56 5.4
inferiorparietal 7782 5396 13012 2.278 0.461 0.126 0.025 88 8.1
inferiortemporal 6133 4264 14187 2.732 0.688 0.125 0.030 73 7.7
isthmuscingulate 1307 911 2243 2.232 0.768 0.127 0.034 19 1.9
lateraloccipital 8372 5592 13226 2.205 0.548 0.136 0.029 96 10.3
lateralorbitofrontal 4572 3371 8642 2.408 0.634 0.149 0.039 80 7.8
lingual 5256 3675 7400 1.930 0.631 0.147 0.035 67 8.1
medialorbitofrontal 2106 1587 4132 2.254 0.708 0.144 0.038 49 3.7
middletemporal 6043 4170 13004 2.683 0.620 0.119 0.023 66 5.8
parahippocampal 1141 695 1688 2.171 0.658 0.097 0.026 11 1.0
paracentral 2341 1373 3627 2.453 0.563 0.090 0.015 13 1.6
parsopercularis 2508 1722 4421 2.433 0.459 0.116 0.024 26 2.3
parsorbitalis 1182 819 2510 2.577 0.535 0.137 0.028 14 1.5
parstriangularis 2068 1509 3760 2.289 0.545 0.139 0.028 27 2.3
pericalcarine 2920 2024 2833 1.606 0.466 0.140 0.033 31 4.1
postcentral 7197 4595 9826 1.972 0.640 0.104 0.020 56 5.8
posteriorcingulate 1467 1088 2969 2.595 0.517 0.144 0.030 21 1.9
precentral 7066 4432 12253 2.559 0.551 0.104 0.022 56 6.4
precuneus 5780 3965 9321 2.254 0.561 0.114 0.023 57 5.4
rostralanteriorcingulate 1394 976 2848 2.597 0.591 0.119 0.020 16 1.1
rostralmiddlefrontal 5289 3800 9015 2.164 0.462 0.132 0.027 65 6.0
superiorfrontal 11592 8192 23071 2.519 0.567 0.126 0.026 134 12.2
superiorparietal 5599 3877 8559 2.017 0.447 0.119 0.022 60 5.0
superiortemporal 6582 4460 14558 2.829 0.797 0.113 0.023 61 6.3
supramarginal 4912 3360 9198 2.531 0.522 0.122 0.025 50 5.4
transversetemporal 573 332 997 2.412 0.443 0.102 0.025 4 0.5
insula 3048 2019 6565 3.062 0.853 0.102 0.022 23 2.7
