StructName NumVert SurfArea GrayVol ThickAvg ThickStd MeanCurv GausCurv FoldInd CurvInd
caudalanteriorcingulate 797 565 1562 2.550 0.648 0.134 0.023 13 0.9
caudalmiddlefrontal 3020 2054 5147 2.445 0.441 0.106 0.019 24 2.5
cuneus 3428 2284 4340 1.826 0.473 0.131 0.029 40 4.1
entorhinal 627 422 2164 3.045 1.013 0.122 0.046 10 1.1
fusiform 4650 3268 9329 2.561 0.544 0.124 0.025 57 5.1
inferiorparietal 7122 5090 11858 2.243 0.409 0.127 0.025 84 7.5
inferiortemporal 5436 3988 12776 2.688 0.610 0.125 0.027 66 5.9
isthmuscingulate 1413 951 2361 2.287 0.845 0.118 0.029 19 1.5
lateraloccipital 7988 5440 12536 2.191 0.440 0.136 0.029 94 10.0
lateralorbitofrontal 4600 3563 9017 2.492 0.612 0.146 0.035 63 6.8
lingual 5122 3628 7361 1.968 0.644 0.147 0.034 67 7.6
medialorbitofrontal 2018 1565 4053 2.304 0.674 0.149 0.038 40 3.8
middletemporal 5873 4190 12860 2.674 0.582 0.121 0.023 71 5.7
parahippocampal 1043 648 1734 2.289 0.650 0.087 0.019 6 0.7
paracentral 2380 1398 3508 2.378 0.568 0.091 0.016 15 1.7
parsopercularis 2373 1690 4399 2.466 0.403 0.114 0.022 25 2.2
parsorbitalis 1128 824 2477 2.566 0.535 0.142 0.030 16 1.4
parstriangularis 2107 1542 3730 2.293 0.474 0.135 0.029 26 2.5
pericalcarine 2974 2026 2999 1.653 0.463 0.135 0.034 32 4.3
postcentral 6781 4450 9650 1.987 0.592 0.106 0.021 57 5.7
posteriorcingulate 1442 1089 2979 2.577 0.595 0.144 0.029 31 1.5
precentral 6774 4476 11763 2.452 0.513 0.110 0.022 64 5.8
precuneus 5600 3847 9299 2.312 0.544 0.112 0.022 65 5.2
rostralanteriorcingulate 1389 990 2925 2.625 0.606 0.121 0.020 18 1.2
rostralmiddlefrontal 4943 3653 8420 2.166 0.424 0.132 0.027 65 5.5
superiorfrontal 11226 8058 22233 2.488 0.552 0.124 0.025 132 10.8
superiorparietal 5314 3741 7896 1.952 0.391 0.119 0.022 61 4.7
superiortemporal 6063 4259 13990 2.849 0.750 0.116 0.024 65 6.2
supramarginal 4933 3506 9164 2.425 0.454 0.121 0.023 53 5.2
transversetemporal 551 325 1022 2.480 0.439 0.102 0.030 5 0.5
insula 3086 2092 6653 3.111 0.875 0.105 0.024 24 3.0
