StructName NumVert SurfArea GrayVol ThickAvg ThickStd MeanCurv GausCurv FoldInd CurvInd
caudalanteriorcingulate 804 597 1551 2.508 0.627 0.152 0.030 22 1.1
caudalmiddlefrontal 2958 1951 5154 2.508 0.498 0.105 0.019 22 2.3
cuneus 3441 2282 4523 1.876 0.473 0.133 0.028 40 4.2
entorhinal 786 536 1905 2.418 0.939 0.148 0.053 14 1.9
fusiform 4879 3350 9547 2.508 0.612 0.121 0.028 54 5.3
inferiorparietal 7585 5267 12736 2.268 0.476 0.128 0.025 87 8.1
inferiortemporal 6082 4250 13789 2.683 0.653 0.126 0.031 73 7.5
isthmuscingulate 1381 947 2263 2.173 0.760 0.123 0.034 20 1.7
lateraloccipital 8284 5546 13165 2.225 0.529 0.138 0.029 96 10.2
lateralorbitofrontal 4656 3697 9093 2.397 0.655 0.158 0.041 74 8.4
lingual 5250 3615 7537 1.968 0.665 0.146 0.034 70 7.6
medialorbitofrontal 2202 1611 4143 2.245 0.683 0.139 0.037 39 3.7
middletemporal 6036 4189 12993 2.660 0.630 0.119 0.023 65 5.8
parahippocampal 1123 685 1669 2.124 0.672 0.093 0.026 9 1.1
paracentral 2365 1390 3637 2.431 0.512 0.095 0.019 16 1.8
parsopercularis 2500 1710 4465 2.455 0.450 0.114 0.023 24 2.3
parsorbitalis 1166 836 2472 2.554 0.499 0.144 0.030 15 1.6
parstriangularis 2124 1546 3824 2.289 0.534 0.135 0.027 27 2.3
pericalcarine 2921 1977 2855 1.633 0.454 0.133 0.032 29 4.0
postcentral 7210 4579 9913 1.988 0.628 0.104 0.021 59 6.2
posteriorcingulate 1503 1113 3010 2.505 0.564 0.144 0.033 24 2.0
precentral 7215 4491 12349 2.548 0.569 0.104 0.021 56 6.3
precuneus 5815 3949 9408 2.259 0.535 0.113 0.026 69 5.4
rostralanteriorcingulate 1472 1025 2918 2.488 0.639 0.122 0.024 19 1.4
rostralmiddlefrontal 5177 3734 8911 2.168 0.481 0.134 0.027 71 5.9
superiorfrontal 11669 8271 22813 2.467 0.550 0.128 0.028 140 13.0
superiorparietal 5733 3928 8648 2.016 0.441 0.118 0.022 61 5.4
superiortemporal 6403 4382 14206 2.778 0.742 0.117 0.027 67 7.1
supramarginal 4975 3400 9255 2.530 0.518 0.121 0.023 50 5.3
transversetemporal 584 344 1015 2.402 0.465 0.109 0.025 4 0.5
insula 3025 2027 6552 3.109 0.913 0.101 0.022 23 2.6
