StructName NumVert SurfArea GrayVol ThickAvg ThickStd MeanCurv GausCurv FoldInd CurvInd
caudalanteriorcingulate 838 623 1585 2.434 0.596 0.146 0.027 17 1.1
caudalmiddlefrontal 2968 1959 5033 2.457 0.494 0.102 0.018 20 2.2
cuneus 3462 2242 4464 1.862 0.491 0.130 0.029 39 4.3
entorhinal 850 571 1940 2.403 0.950 0.148 0.054 41 2.1
fusiform 4873 3296 9370 2.502 0.629 0.119 0.029 49 5.5
inferiorparietal 7613 5266 12661 2.269 0.480 0.125 0.023 81 7.5
inferiortemporal 6508 4512 13966 2.606 0.697 0.129 0.035 87 8.8
isthmuscingulate 1340 920 2308 2.279 0.755 0.125 0.031 19 1.6
lateraloccipital 8200 5514 12790 2.178 0.532 0.138 0.029 95 10.1
lateralorbitofrontal 4332 3374 8765 2.495 0.642 0.157 0.045 62 8.5
lingual 5203 3602 7675 1.994 0.691 0.148 0.035 71 7.8
medialorbitofrontal 1956 1483 3912 2.262 0.712 0.143 0.035 47 2.9
middletemporal 5907 4121 12908 2.672 0.646 0.121 0.024 68 6.1
parahippocampal 1191 728 1704 2.046 0.646 0.100 0.029 11 1.5
paracentral 2331 1390 3550 2.393 0.546 0.093 0.017 13 1.7
parsopercularis 2467 1705 4384 2.411 0.482 0.117 0.023 26 2.5
parsorbitalis 1137 820 2487 2.549 0.576 0.140 0.029 14 1.4
parstriangularis 2141 1560 3771 2.266 0.539 0.137 0.028 28 2.4
pericalcarine 2894 1983 2821 1.612 0.469 0.138 0.034 32 4.2
postcentral 7195 4550 9752 1.953 0.643 0.103 0.020 57 5.9
posteriorcingulate 1437 1063 2961 2.571 0.511 0.145 0.031 26 1.8
precentral 7032 4466 12118 2.496 0.579 0.105 0.021 55 6.1
precuneus 5624 3868 9290 2.286 0.543 0.113 0.023 55 5.2
rostralanteriorcingulate 1405 981 2848 2.560 0.582 0.121 0.021 17 1.2
rostralmiddlefrontal 4975 3654 8758 2.166 0.505 0.137 0.028 68 6.0
superiorfrontal 11353 8162 22829 2.489 0.565 0.129 0.027 141 12.8
superiorparietal 5767 3912 8512 1.997 0.474 0.120 0.022 63 5.3
superiortemporal 6422 4347 13796 2.747 0.771 0.115 0.027 66 7.2
supramarginal 5037 3417 9241 2.490 0.531 0.118 0.023 50 5.1
transversetemporal 613 326 1006 2.475 0.479 0.098 0.021 5 0.5
insula 3030 2013 6458 3.053 0.911 0.103 0.023 21 2.9
