StructName NumVert SurfArea GrayVol ThickAvg ThickStd MeanCurv GausCurv FoldInd CurvInd
caudalanteriorcingulate 809 592 1551 2.508 0.606 0.150 0.026 16 1.1
caudalmiddlefrontal 3047 2055 5366 2.490 0.499 0.108 0.020 24 2.5
cuneus 3392 2264 4391 1.812 0.487 0.133 0.030 38 4.4
entorhinal 723 467 1943 2.680 0.901 0.132 0.036 11 1.2
fusiform 4873 3399 9467 2.438 0.615 0.122 0.028 54 5.6
inferiorparietal 7881 5389 13211 2.282 0.497 0.125 0.026 90 8.3
inferiortemporal 5697 4131 13467 2.675 0.652 0.129 0.031 72 7.4
isthmuscingulate 1358 926 2331 2.277 0.805 0.121 0.030 19 1.6
lateraloccipital 8151 5483 12890 2.204 0.556 0.138 0.029 94 10.1
lateralorbitofrontal 4490 3333 8572 2.409 0.616 0.145 0.038 66 6.9
lingual 5293 3715 7804 1.985 0.649 0.150 0.036 73 8.2
medialorbitofrontal 2039 1532 4050 2.254 0.695 0.140 0.038 37 3.3
middletemporal 5912 4172 13135 2.668 0.650 0.123 0.025 66 6.1
parahippocampal 1079 675 1689 2.163 0.691 0.093 0.020 7 0.8
paracentral 2340 1387 3658 2.469 0.581 0.094 0.018 14 1.9
parsopercularis 2536 1737 4549 2.448 0.463 0.116 0.022 26 2.3
parsorbitalis 1141 807 2511 2.587 0.559 0.140 0.029 15 1.5
parstriangularis 2008 1511 3734 2.298 0.519 0.140 0.031 26 2.6
pericalcarine 2936 1983 2737 1.572 0.449 0.134 0.031 31 3.8
postcentral 7214 4606 9931 1.981 0.626 0.105 0.021 60 6.1
posteriorcingulate 1492 1105 2982 2.552 0.546 0.143 0.028 23 1.9
precentral 7029 4432 12218 2.527 0.586 0.105 0.022 55 6.2
precuneus 5692 3932 9298 2.270 0.517 0.115 0.023 55 5.2
rostralanteriorcingulate 1396 1023 2907 2.517 0.596 0.126 0.024 20 1.4
rostralmiddlefrontal 4896 3638 8787 2.200 0.482 0.137 0.028 63 5.7
superiorfrontal 11476 8133 23237 2.540 0.570 0.126 0.026 140 12.2
superiorparietal 5682 3903 8739 2.043 0.481 0.120 0.023 63 5.4
superiortemporal 6789 4812 14777 2.758 0.811 0.119 0.028 63 7.7
supramarginal 5030 3419 9507 2.540 0.521 0.121 0.023 53 5.2
transversetemporal 596 337 1056 2.489 0.439 0.098 0.022 4 0.5
insula 3151 2084 6698 3.059 0.878 0.101 0.023 24 3.0
