StructName NumVert SurfArea GrayVol ThickAvg ThickStd MeanCurv GausCurv FoldInd CurvInd
caudalanteriorcingulate 807 582 1574 2.539 0.604 0.146 0.027 17 1.0
caudalmiddlefrontal 3044 1998 5116 2.405 0.499 0.104 0.019 23 2.5
cuneus 3525 2342 4556 1.810 0.523 0.133 0.029 40 4.4
entorhinal 706 465 2098 2.871 0.980 0.124 0.036 9 1.2
fusiform 4861 3357 9446 2.498 0.606 0.119 0.025 60 4.9
inferiorparietal 7787 5410 13072 2.297 0.470 0.126 0.024 84 8.0
inferiortemporal 6078 4261 14158 2.740 0.649 0.128 0.030 74 7.4
isthmuscingulate 1356 932 2291 2.230 0.762 0.121 0.030 19 1.6
lateraloccipital 8288 5551 12847 2.186 0.555 0.137 0.029 93 10.3
lateralorbitofrontal 4634 3696 8992 2.370 0.616 0.161 0.042 69 9.2
lingual 5132 3616 7378 1.953 0.657 0.148 0.035 68 7.6
medialorbitofrontal 2055 1515 3913 2.192 0.711 0.139 0.042 41 3.7
middletemporal 6011 4141 12913 2.691 0.595 0.118 0.022 64 5.6
parahippocampal 1065 656 1688 2.196 0.721 0.089 0.021 7 0.8
paracentral 2358 1382 3537 2.402 0.552 0.094 0.019 14 1.9
parsopercularis 2404 1655 4277 2.420 0.454 0.114 0.023 24 2.4
parsorbitalis 1123 791 2361 2.529 0.543 0.143 0.031 15 1.5
parstriangularis 2164 1569 3722 2.241 0.509 0.139 0.028 29 2.7
pericalcarine 2937 1989 2701 1.567 0.446 0.137 0.031 31 4.1
postcentral 7213 4577 9728 1.955 0.614 0.103 0.020 58 6.0
posteriorcingulate 1531 1130 3033 2.473 0.623 0.141 0.029 22 1.9
precentral 7231 4505 12275 2.523 0.564 0.104 0.021 60 6.5
precuneus 5748 3905 9192 2.247 0.525 0.113 0.022 53 5.3
rostralanteriorcingulate 1341 950 2731 2.542 0.597 0.124 0.024 16 1.4
rostralmiddlefrontal 4892 3577 8384 2.115 0.495 0.136 0.028 66 5.7
superiorfrontal 11546 8141 22607 2.457 0.569 0.124 0.026 128 12.5
superiorparietal 5641 3838 8576 2.041 0.476 0.118 0.022 61 5.3
superiortemporal 6510 4350 14149 2.826 0.797 0.111 0.023 59 6.0
supramarginal 4850 3292 8928 2.513 0.497 0.120 0.024 49 5.1
transversetemporal 599 329 1012 2.439 0.444 0.089 0.020 4 0.4
insula 3067 2039 6420 2.990 0.847 0.105 0.023 25 3.0
