StructName NumVert SurfArea GrayVol ThickAvg ThickStd MeanCurv GausCurv FoldInd CurvInd
caudalanteriorcingulate 825 589 1586 2.496 0.668 0.149 0.026 17 1.1
caudalmiddlefrontal 2951 1975 5074 2.447 0.485 0.104 0.018 21 2.3
cuneus 3413 2259 4430 1.841 0.483 0.134 0.029 41 4.3
entorhinal 768 512 2074 2.654 0.982 0.136 0.052 18 1.7
fusiform 4724 3311 9223 2.475 0.608 0.124 0.029 53 5.4
inferiorparietal 7591 5237 12654 2.277 0.455 0.124 0.024 80 7.5
inferiortemporal 6068 4296 14016 2.661 0.676 0.129 0.032 73 8.0
isthmuscingulate 1325 878 2190 2.215 0.751 0.113 0.030 15 1.4
lateraloccipital 8323 5502 12886 2.196 0.526 0.137 0.029 95 10.4
lateralorbitofrontal 4238 3094 8081 2.404 0.567 0.143 0.037 66 6.5
lingual 5288 3607 7434 1.961 0.630 0.144 0.034 68 7.6
medialorbitofrontal 2107 1557 4181 2.308 0.723 0.140 0.038 45 3.5
middletemporal 5940 4172 12869 2.657 0.611 0.121 0.023 65 6.0
parahippocampal 1067 674 1676 2.146 0.696 0.088 0.023 7 0.8
paracentral 2352 1390 3519 2.384 0.547 0.092 0.018 14 1.9
parsopercularis 2458 1683 4380 2.421 0.467 0.113 0.023 24 2.2
parsorbitalis 1213 838 2566 2.570 0.536 0.140 0.030 16 1.6
parstriangularis 2093 1555 3754 2.272 0.539 0.142 0.029 30 2.4
pericalcarine 2936 1965 2873 1.645 0.461 0.131 0.031 30 3.8
postcentral 7259 4580 9767 1.963 0.622 0.103 0.020 57 6.0
posteriorcingulate 1461 1068 2921 2.571 0.555 0.141 0.030 26 1.7
precentral 7087 4472 12233 2.536 0.551 0.105 0.021 62 6.1
precuneus 5649 3869 8898 2.205 0.558 0.113 0.023 54 5.2
rostralanteriorcingulate 1466 1008 2894 2.597 0.577 0.118 0.021 16 1.3
rostralmiddlefrontal 5034 3676 8727 2.145 0.498 0.135 0.029 68 6.0
superiorfrontal 11496 8149 22753 2.475 0.575 0.127 0.026 136 12.4
superiorparietal 5703 3867 8488 2.002 0.468 0.118 0.023 61 5.2
superiortemporal 6620 4552 14469 2.772 0.777 0.118 0.027 64 7.5
supramarginal 4895 3355 9031 2.485 0.519 0.122 0.023 50 5.2
transversetemporal 590 329 1034 2.496 0.425 0.092 0.021 4 0.4
insula 3102 2064 6637 3.076 0.864 0.102 0.023 23 2.7
