StructName NumVert SurfArea GrayVol ThickAvg ThickStd MeanCurv GausCurv FoldInd CurvInd
caudalanteriorcingulate 1756 1204 3507 2.680 0.465 0.121 0.019 21 1.5
caudalmiddlefrontal 4373 2879 7485 2.454 0.425 0.100 0.016 30 3.0
cuneus 4214 2811 5114 1.763 0.402 0.125 0.023 43 4.3
entorhinal 806 540 2880 3.628 0.656 0.090 0.022 4 0.6
fusiform 4982 3453 9701 2.583 0.500 0.108 0.020 49 4.0
inferiorparietal 8146 5730 13108 2.170 0.415 0.119 0.021 87 7.1
inferiortemporal 6288 4408 14304 2.730 0.600 0.113 0.022 63 5.6
isthmuscingulate 1315 850 2052 2.356 0.732 0.110 0.024 12 1.1
lateraloccipital 8364 5747 12607 2.064 0.514 0.139 0.030 103 10.3
lateralorbitofrontal 5314 3728 9112 2.411 0.630 0.127 0.024 67 5.2
lingual 5237 3627 7253 1.868 0.629 0.133 0.031 54 6.9
medialorbitofrontal 2356 1708 4680 2.521 0.594 0.126 0.024 34 2.3
middletemporal 6552 4572 13070 2.550 0.482 0.112 0.019 61 5.1
parahippocampal 1084 707 2252 2.826 0.784 0.099 0.018 14 0.7
paracentral 2962 1764 4851 2.534 0.590 0.094 0.016 18 1.9
parsopercularis 2603 1791 4590 2.469 0.392 0.119 0.021 25 2.4
parsorbitalis 1098 768 2261 2.521 0.575 0.116 0.021 9 1.0
parstriangularis 2177 1510 3811 2.370 0.411 0.125 0.023 23 2.1
pericalcarine 2818 1951 2557 1.490 0.413 0.132 0.028 28 3.3
postcentral 7889 5166 10394 1.865 0.558 0.105 0.019 63 6.2
posteriorcingulate 1998 1426 3858 2.615 0.708 0.137 0.027 24 2.2
precentral 9176 5750 14781 2.377 0.558 0.096 0.016 62 6.0
precuneus 6808 4564 10919 2.321 0.523 0.116 0.019 65 5.7
rostralanteriorcingulate 1340 973 2838 2.724 0.532 0.112 0.018 13 1.1
rostralmiddlefrontal 7236 5117 12234 2.227 0.384 0.125 0.023 81 7.1
superiorfrontal 14744 9842 27896 2.591 0.516 0.109 0.025 130 11.7
superiorparietal 7447 5134 10952 2.013 0.405 0.122 0.022 82 7.3
superiortemporal 7651 5238 16195 2.762 0.668 0.106 0.018 65 5.9
supramarginal 5744 3881 8863 2.192 0.428 0.104 0.018 49 4.3
transversetemporal 546 360 943 2.417 0.405 0.121 0.022 5 0.5
insula 3075 2052 6221 3.109 0.702 0.100 0.020 22 2.4
