StructName NumVert SurfArea GrayVol ThickAvg ThickStd MeanCurv GausCurv FoldInd CurvInd
caudalanteriorcingulate 1967 1318 3755 2.540 0.560 0.115 0.023 21 1.9
caudalmiddlefrontal 4447 2855 7791 2.547 0.455 0.098 0.017 30 3.1
cuneus 4414 2872 5712 1.882 0.428 0.126 0.027 52 4.9
entorhinal 775 514 2696 3.707 0.665 0.106 0.030 6 0.7
fusiform 5116 3433 9505 2.499 0.506 0.109 0.023 51 4.4
inferiorparietal 8554 5814 14417 2.305 0.406 0.117 0.021 90 7.5
inferiortemporal 6333 4406 14378 2.703 0.596 0.117 0.026 66 7.3
isthmuscingulate 1451 928 2190 2.226 0.702 0.109 0.027 15 1.5
lateraloccipital 8602 5786 13258 2.123 0.535 0.137 0.030 105 10.5
lateralorbitofrontal 5476 3891 9472 2.359 0.604 0.134 0.033 72 7.2
lingual 5387 3653 7408 1.921 0.575 0.133 0.035 61 7.7
medialorbitofrontal 2289 1709 4583 2.405 0.576 0.132 0.031 33 2.7
middletemporal 6986 4753 14095 2.605 0.492 0.113 0.020 67 5.9
parahippocampal 1106 702 2148 2.707 0.717 0.097 0.021 8 0.8
paracentral 3138 1853 5084 2.470 0.552 0.097 0.020 20 2.6
parsopercularis 2757 1817 4902 2.548 0.365 0.115 0.021 26 2.5
parsorbitalis 1157 796 2325 2.521 0.545 0.115 0.022 11 1.1
parstriangularis 2301 1537 4124 2.463 0.425 0.121 0.023 23 2.2
pericalcarine 2843 1930 2936 1.713 0.504 0.133 0.031 27 3.7
postcentral 8440 5321 11087 1.958 0.556 0.103 0.020 72 6.6
posteriorcingulate 2140 1502 3837 2.438 0.678 0.138 0.032 28 2.7
precentral 9933 5927 15691 2.466 0.520 0.094 0.018 85 7.1
precuneus 7096 4706 11508 2.337 0.468 0.115 0.022 74 6.4
rostralanteriorcingulate 1484 1045 2929 2.681 0.542 0.116 0.024 17 1.4
rostralmiddlefrontal 7623 5216 13295 2.324 0.422 0.121 0.022 83 7.2
superiorfrontal 15360 10199 29902 2.664 0.490 0.110 0.022 135 13.9
superiorparietal 8118 5255 12028 2.126 0.424 0.116 0.021 85 7.2
superiortemporal 7980 5395 17297 2.823 0.658 0.110 0.021 72 7.5
supramarginal 6051 4019 10217 2.348 0.420 0.104 0.019 52 4.7
transversetemporal 572 370 962 2.446 0.368 0.123 0.025 5 0.6
insula 3183 2133 6168 2.943 0.638 0.109 0.023 26 3.0
