StructName NumVert SurfArea GrayVol ThickAvg ThickStd MeanCurv GausCurv FoldInd CurvInd
caudalanteriorcingulate 1850 1269 3580 2.543 0.508 0.122 0.021 21 1.7
caudalmiddlefrontal 4380 2809 7368 2.462 0.453 0.096 0.015 28 2.8
cuneus 4204 2830 5398 1.808 0.434 0.129 0.023 45 4.4
entorhinal 803 547 3038 3.824 0.666 0.102 0.025 4 0.8
fusiform 5315 3570 10166 2.556 0.578 0.110 0.023 52 4.6
inferiorparietal 8834 5918 14689 2.295 0.467 0.114 0.020 85 7.1
inferiortemporal 6738 4591 15787 2.830 0.647 0.113 0.024 63 6.6
isthmuscingulate 1348 880 2106 2.268 0.770 0.109 0.024 13 1.2
lateraloccipital 8781 5985 13523 2.100 0.530 0.138 0.029 104 10.6
lateralorbitofrontal 5742 3980 9828 2.396 0.686 0.129 0.030 73 7.3
lingual 5471 3743 7609 1.906 0.633 0.132 0.032 58 7.3
medialorbitofrontal 2460 1763 4599 2.295 0.608 0.120 0.026 31 2.6
middletemporal 6695 4554 13982 2.621 0.569 0.111 0.018 61 5.2
parahippocampal 1143 712 2316 2.817 0.851 0.090 0.015 8 0.7
paracentral 3068 1821 5034 2.486 0.598 0.095 0.016 19 2.1
parsopercularis 2758 1836 4830 2.507 0.422 0.118 0.020 26 2.5
parsorbitalis 1124 752 2431 2.628 0.679 0.113 0.021 9 1.0
parstriangularis 2283 1550 4126 2.428 0.489 0.124 0.022 23 2.1
pericalcarine 2891 1942 2658 1.559 0.446 0.131 0.028 28 3.4
postcentral 8146 5262 10560 1.879 0.558 0.103 0.018 67 6.0
posteriorcingulate 2033 1447 3828 2.516 0.696 0.137 0.029 25 2.3
precentral 9627 5841 15193 2.405 0.547 0.092 0.015 62 5.8
precuneus 6886 4577 11074 2.332 0.493 0.115 0.020 66 5.9
rostralanteriorcingulate 1409 984 2843 2.581 0.565 0.112 0.020 15 1.1
rostralmiddlefrontal 7456 5193 12218 2.132 0.468 0.122 0.022 79 7.1
superiorfrontal 15167 10100 28356 2.543 0.534 0.110 0.020 126 12.5
superiorparietal 7926 5303 11525 2.062 0.411 0.119 0.021 82 6.9
superiortemporal 8137 5457 17638 2.824 0.711 0.107 0.019 69 6.6
supramarginal 5759 3779 9602 2.375 0.443 0.102 0.017 47 4.1
transversetemporal 569 367 952 2.423 0.410 0.122 0.025 5 0.6
insula 3272 2112 6303 3.013 0.732 0.098 0.021 21 2.6
