StructName NumVert SurfArea GrayVol ThickAvg ThickStd MeanCurv GausCurv FoldInd CurvInd
caudalanteriorcingulate 1965 1332 4011 2.542 0.752 0.121 0.027 24 2.1
caudalmiddlefrontal 4397 2865 8630 2.623 0.596 0.102 0.023 31 4.0
cuneus 4354 2917 6193 1.982 0.522 0.133 0.032 55 5.7
entorhinal 810 565 3046 3.674 0.627 0.115 0.037 6 1.1
fusiform 5113 3495 10818 2.648 0.587 0.111 0.025 55 4.5
inferiorparietal 9276 6202 17087 2.402 0.524 0.115 0.024 105 8.5
inferiortemporal 6906 4788 17059 2.797 0.744 0.122 0.032 79 8.3
isthmuscingulate 1430 935 2402 2.392 0.801 0.107 0.029 13 1.5
lateraloccipital 8643 5690 15170 2.283 0.642 0.133 0.032 113 10.7
lateralorbitofrontal 6317 4353 11067 2.348 0.713 0.136 0.036 91 9.0
lingual 5494 3911 8484 2.040 0.696 0.139 0.034 63 7.9
medialorbitofrontal 2805 1982 5638 2.430 0.633 0.125 0.033 36 3.6
middletemporal 7535 4990 16472 2.672 0.682 0.109 0.022 68 6.8
parahippocampal 1162 761 2470 2.832 0.790 0.098 0.021 8 0.9
paracentral 3477 2225 5420 2.366 0.614 0.135 0.044 39 6.5
parsopercularis 2692 1818 5264 2.626 0.512 0.115 0.025 25 2.7
parsorbitalis 1214 813 2702 2.641 0.686 0.116 0.024 11 1.2
parstriangularis 2469 1659 4879 2.567 0.554 0.121 0.025 25 2.6
pericalcarine 2691 1898 3243 1.915 0.506 0.131 0.031 25 3.7
postcentral 8719 5537 13274 2.134 0.598 0.106 0.027 85 8.8
posteriorcingulate 2159 1538 4310 2.586 0.792 0.144 0.037 30 3.2
precentral 10022 6192 17644 2.572 0.576 0.102 0.026 82 9.9
precuneus 7250 4852 12987 2.489 0.464 0.114 0.024 74 6.8
rostralanteriorcingulate 1565 1093 3115 2.700 0.680 0.113 0.025 18 1.6
rostralmiddlefrontal 8449 5774 16193 2.335 0.607 0.121 0.025 97 8.8
superiorfrontal 15475 10215 33111 2.749 0.641 0.114 0.026 145 15.4
superiorparietal 8400 5550 14898 2.335 0.521 0.118 0.025 97 8.1
superiortemporal 8339 5561 20074 2.952 0.792 0.108 0.024 81 7.6
supramarginal 6098 3955 11700 2.560 0.545 0.104 0.021 58 5.0
transversetemporal 576 391 1150 2.629 0.345 0.118 0.031 6 0.6
insula 3205 2135 6763 3.153 0.753 0.106 0.025 24 3.1
