StructName NumVert SurfArea GrayVol ThickAvg ThickStd MeanCurv GausCurv FoldInd CurvInd
caudalanteriorcingulate 1782 1237 3347 2.479 0.530 0.125 0.022 21 1.6
caudalmiddlefrontal 4408 2854 7358 2.412 0.449 0.098 0.016 30 2.9
cuneus 4241 2885 5635 1.830 0.469 0.130 0.024 45 4.5
entorhinal 791 535 2842 3.717 0.697 0.110 0.028 6 0.8
fusiform 5268 3591 10185 2.557 0.582 0.110 0.021 51 4.2
inferiorparietal 8589 5858 14651 2.298 0.457 0.115 0.021 84 7.0
inferiortemporal 6573 4555 15534 2.812 0.636 0.113 0.024 61 6.5
isthmuscingulate 1276 842 1985 2.280 0.703 0.113 0.024 12 1.2
lateraloccipital 8949 6107 13952 2.104 0.562 0.139 0.030 107 11.1
lateralorbitofrontal 5597 3915 9644 2.333 0.679 0.130 0.028 67 6.9
lingual 5394 3754 7446 1.863 0.595 0.134 0.032 56 7.2
medialorbitofrontal 2452 1749 4630 2.308 0.646 0.125 0.029 36 2.7
middletemporal 6790 4607 14102 2.627 0.576 0.110 0.018 62 5.1
parahippocampal 1151 716 2349 2.800 0.836 0.087 0.014 7 0.6
paracentral 3004 1791 5004 2.507 0.601 0.095 0.017 17 2.1
parsopercularis 2735 1841 4842 2.513 0.411 0.116 0.020 25 2.4
parsorbitalis 1142 772 2453 2.652 0.674 0.114 0.021 10 1.1
parstriangularis 2289 1529 4040 2.388 0.512 0.119 0.022 21 2.1
pericalcarine 2862 1943 2642 1.559 0.440 0.131 0.029 28 3.4
postcentral 8220 5220 10574 1.892 0.569 0.101 0.018 64 6.3
posteriorcingulate 2064 1474 3855 2.519 0.661 0.138 0.031 26 2.6
precentral 9572 5859 15262 2.421 0.532 0.093 0.016 62 6.1
precuneus 6965 4653 11365 2.358 0.488 0.116 0.020 68 5.7
rostralanteriorcingulate 1411 1009 2841 2.533 0.614 0.113 0.020 14 1.2
rostralmiddlefrontal 7507 5279 12106 2.086 0.473 0.124 0.022 83 7.3
superiorfrontal 14881 10018 27440 2.467 0.544 0.111 0.021 126 12.8
superiorparietal 7800 5199 11716 2.103 0.436 0.119 0.021 80 6.9
superiortemporal 8217 5469 17735 2.816 0.743 0.105 0.019 68 6.3
supramarginal 5793 3824 9694 2.381 0.431 0.103 0.018 48 4.3
transversetemporal 529 341 878 2.409 0.470 0.118 0.026 4 0.6
insula 3221 2096 6263 3.042 0.722 0.100 0.020 22 2.5
