StructName NumVert SurfArea GrayVol ThickAvg ThickStd MeanCurv GausCurv FoldInd CurvInd
caudalanteriorcingulate 1881 1291 3602 2.522 0.615 0.122 0.021 22 1.7
caudalmiddlefrontal 4474 2871 7608 2.505 0.426 0.097 0.016 29 3.0
cuneus 4228 2853 5757 1.892 0.464 0.131 0.023 48 4.4
entorhinal 731 495 2837 3.928 0.630 0.104 0.023 4 0.6
fusiform 5258 3550 10167 2.567 0.597 0.111 0.023 53 4.5
inferiorparietal 8624 5847 14668 2.309 0.452 0.116 0.020 86 7.0
inferiortemporal 6558 4480 15448 2.855 0.657 0.113 0.025 63 6.3
isthmuscingulate 1398 906 2156 2.209 0.727 0.106 0.024 13 1.2
lateraloccipital 8494 5865 13395 2.114 0.518 0.139 0.030 101 10.6
lateralorbitofrontal 5618 3836 10030 2.462 0.703 0.124 0.029 67 5.9
lingual 5527 3790 7806 1.933 0.622 0.133 0.034 59 8.4
medialorbitofrontal 2502 1786 4883 2.418 0.621 0.123 0.028 31 2.9
middletemporal 6870 4641 14215 2.650 0.553 0.109 0.018 60 5.2
parahippocampal 1100 713 2311 2.766 0.869 0.091 0.015 7 0.6
paracentral 3059 1828 5138 2.547 0.605 0.096 0.018 19 2.3
parsopercularis 2702 1792 4831 2.563 0.417 0.115 0.021 23 2.4
parsorbitalis 1159 774 2516 2.681 0.674 0.114 0.021 10 1.1
parstriangularis 2261 1540 4165 2.453 0.475 0.124 0.023 23 2.1
pericalcarine 2840 1940 2759 1.607 0.438 0.131 0.027 28 3.3
postcentral 8092 5203 10795 1.932 0.572 0.103 0.018 64 6.3
posteriorcingulate 2058 1455 3851 2.578 0.701 0.135 0.031 25 2.4
precentral 9684 5878 15706 2.480 0.543 0.093 0.016 62 6.4
precuneus 6794 4613 11322 2.371 0.501 0.116 0.020 64 5.6
rostralanteriorcingulate 1501 1034 2926 2.597 0.631 0.108 0.020 14 1.2
rostralmiddlefrontal 7654 5261 12794 2.191 0.465 0.122 0.022 83 7.4
superiorfrontal 15251 10167 29159 2.584 0.529 0.110 0.020 126 12.7
superiorparietal 7823 5271 12110 2.123 0.438 0.120 0.022 82 7.2
superiortemporal 8302 5535 18624 2.909 0.727 0.106 0.018 68 6.4
supramarginal 5819 3859 9867 2.397 0.423 0.103 0.017 46 4.2
transversetemporal 558 364 945 2.453 0.415 0.120 0.024 5 0.5
insula 3234 2069 6441 3.131 0.723 0.096 0.019 21 2.4
