StructName NumVert SurfArea GrayVol ThickAvg ThickStd MeanCurv GausCurv FoldInd CurvInd
caudalanteriorcingulate 1666 1173 2873 2.249 0.646 0.137 0.024 28 1.8
caudalmiddlefrontal 4266 2895 6934 2.265 0.472 0.115 0.024 42 4.1
cuneus 4038 2741 5178 1.806 0.470 0.140 0.030 49 5.3
entorhinal 635 426 2371 3.439 0.896 0.107 0.027 4 0.6
fusiform 4907 3279 9610 2.688 0.711 0.118 0.025 49 4.9
inferiorparietal 10960 7394 17814 2.231 0.497 0.120 0.025 113 10.9
inferiortemporal 6217 4369 13908 2.797 0.653 0.125 0.028 71 7.0
isthmuscingulate 1763 1168 2486 1.970 0.691 0.118 0.029 26 2.0
lateraloccipital 8524 5759 12809 2.030 0.555 0.133 0.028 95 10.2
lateralorbitofrontal 4634 3335 8371 2.336 0.638 0.139 0.032 59 6.7
lingual 5395 3694 7555 1.888 0.685 0.133 0.034 67 7.7
medialorbitofrontal 2706 1875 5047 2.434 0.711 0.120 0.027 34 2.9
middletemporal 7143 4910 15199 2.758 0.611 0.112 0.021 66 6.0
parahippocampal 1182 737 2157 2.541 0.703 0.099 0.023 11 1.0
paracentral 3216 1950 4923 2.393 0.550 0.089 0.013 19 1.9
parsopercularis 2398 1637 4385 2.502 0.520 0.110 0.020 21 1.9
parsorbitalis 1161 792 2350 2.440 0.506 0.121 0.020 11 1.0
parstriangularis 1857 1299 2879 2.089 0.499 0.127 0.025 21 1.9
pericalcarine 1968 1264 1640 1.346 0.485 0.112 0.024 18 2.1
postcentral 8016 5050 10816 2.014 0.589 0.101 0.021 60 6.7
posteriorcingulate 1925 1354 3329 2.253 0.730 0.123 0.026 22 2.1
precentral 8122 5084 13628 2.497 0.509 0.100 0.017 55 6.0
precuneus 6658 4516 10708 2.280 0.505 0.120 0.026 63 6.9
rostralanteriorcingulate 1665 1183 3225 2.543 0.714 0.132 0.025 24 2.0
rostralmiddlefrontal 6337 4697 11169 2.075 0.566 0.139 0.030 92 8.4
superiorfrontal 13559 9443 24992 2.388 0.536 0.123 0.026 145 14.7
superiorparietal 6746 4430 9385 1.947 0.440 0.102 0.018 56 4.9
superiortemporal 8316 5551 17574 2.760 0.711 0.107 0.022 70 7.1
supramarginal 6060 4074 10947 2.591 0.457 0.117 0.023 60 6.1
transversetemporal 664 337 1042 2.591 0.253 0.102 0.021 7 0.5
insula 3709 2498 7746 3.049 0.898 0.104 0.022 29 3.3
