StructName NumVert SurfArea GrayVol ThickAvg ThickStd MeanCurv GausCurv FoldInd CurvInd
caudalanteriorcingulate 1723 1174 2876 2.274 0.698 0.133 0.021 27 1.7
caudalmiddlefrontal 4076 2704 6745 2.377 0.446 0.113 0.023 35 3.9
cuneus 4041 2707 5002 1.773 0.464 0.138 0.030 49 5.2
entorhinal 671 460 2369 3.358 0.823 0.115 0.032 5 1.0
fusiform 4835 3254 9491 2.673 0.718 0.116 0.023 46 4.2
inferiorparietal 10617 7173 17305 2.232 0.488 0.120 0.024 112 10.5
inferiortemporal 6428 4480 14202 2.759 0.673 0.126 0.029 74 7.5
isthmuscingulate 1643 1087 2372 2.013 0.699 0.114 0.025 18 1.4
lateraloccipital 8859 5972 13383 2.034 0.535 0.133 0.028 101 10.4
lateralorbitofrontal 4620 3370 8538 2.422 0.523 0.145 0.035 66 7.4
lingual 5342 3691 7953 1.949 0.714 0.133 0.032 64 7.0
medialorbitofrontal 2825 1884 5205 2.478 0.693 0.117 0.028 36 3.4
middletemporal 7083 4887 14872 2.681 0.599 0.111 0.022 66 6.1
parahippocampal 1147 705 2049 2.486 0.745 0.092 0.021 14 0.8
paracentral 3234 1943 4850 2.382 0.554 0.088 0.014 19 1.9
parsopercularis 2496 1673 4492 2.510 0.450 0.109 0.020 22 2.0
parsorbitalis 1210 799 2456 2.535 0.500 0.115 0.019 12 1.0
parstriangularis 1895 1314 3068 2.198 0.500 0.124 0.023 19 1.8
pericalcarine 1937 1253 1641 1.362 0.485 0.106 0.023 17 1.9
postcentral 7890 4990 10944 2.049 0.579 0.099 0.020 62 6.2
posteriorcingulate 1886 1323 3260 2.274 0.768 0.124 0.026 22 2.1
precentral 8109 5041 13839 2.540 0.504 0.098 0.016 56 5.7
precuneus 6678 4539 10577 2.229 0.492 0.120 0.026 65 6.9
rostralanteriorcingulate 1722 1183 3243 2.507 0.572 0.120 0.022 19 1.6
rostralmiddlefrontal 6873 4916 12120 2.178 0.560 0.131 0.027 84 7.9
superiorfrontal 13822 9457 25652 2.459 0.527 0.122 0.025 141 14.5
superiorparietal 6525 4305 9258 1.966 0.440 0.103 0.016 55 4.6
superiortemporal 8542 5719 17830 2.730 0.701 0.108 0.021 72 7.4
supramarginal 6010 4077 10976 2.579 0.460 0.119 0.024 62 6.1
transversetemporal 673 336 1052 2.574 0.242 0.096 0.018 7 0.4
insula 3852 2511 7785 3.029 0.842 0.106 0.024 30 3.5
