StructName NumVert SurfArea GrayVol ThickAvg ThickStd MeanCurv GausCurv FoldInd CurvInd
caudalanteriorcingulate 1693 1179 2751 2.126 0.688 0.134 0.022 27 1.7
caudalmiddlefrontal 4122 2804 6601 2.200 0.478 0.119 0.023 39 4.1
cuneus 3890 2628 4787 1.770 0.417 0.137 0.030 46 4.9
entorhinal 667 446 2331 3.234 0.862 0.104 0.027 5 0.6
fusiform 4945 3300 9815 2.713 0.713 0.119 0.025 49 4.8
inferiorparietal 10884 7323 17783 2.229 0.497 0.120 0.025 112 10.7
inferiortemporal 6422 4469 14102 2.761 0.656 0.126 0.029 73 7.3
isthmuscingulate 1758 1157 2483 1.972 0.703 0.114 0.029 20 1.9
lateraloccipital 8814 5882 13221 2.050 0.577 0.131 0.028 98 10.3
lateralorbitofrontal 4628 3312 8191 2.270 0.636 0.138 0.033 64 6.7
lingual 5366 3695 7763 1.922 0.700 0.132 0.032 65 7.0
medialorbitofrontal 2891 1941 5173 2.373 0.718 0.118 0.027 35 3.2
middletemporal 7268 4968 15123 2.660 0.635 0.110 0.021 67 6.2
parahippocampal 1170 708 2146 2.544 0.807 0.089 0.021 8 1.0
paracentral 3231 1962 4848 2.345 0.560 0.088 0.015 19 2.0
parsopercularis 2436 1644 4298 2.420 0.497 0.108 0.020 21 1.9
parsorbitalis 1163 804 2366 2.418 0.487 0.119 0.022 13 1.0
parstriangularis 1985 1414 3124 2.057 0.496 0.131 0.026 23 2.1
pericalcarine 1937 1254 1549 1.321 0.400 0.107 0.021 18 1.8
postcentral 8020 5018 10952 2.028 0.586 0.098 0.019 60 6.2
posteriorcingulate 1791 1269 3133 2.246 0.732 0.125 0.026 21 2.0
precentral 8009 5045 13432 2.452 0.526 0.100 0.018 54 6.0
precuneus 6681 4506 10506 2.238 0.502 0.121 0.027 65 7.3
rostralanteriorcingulate 1681 1191 3321 2.586 0.700 0.129 0.026 24 1.9
rostralmiddlefrontal 6399 4679 11184 2.061 0.559 0.134 0.028 80 7.9
superiorfrontal 13556 9472 24796 2.326 0.536 0.125 0.027 151 15.7
superiorparietal 6960 4449 9828 2.003 0.485 0.102 0.018 57 5.1
superiortemporal 8683 5851 17779 2.676 0.661 0.112 0.024 78 8.5
supramarginal 6094 4075 10889 2.582 0.469 0.117 0.024 60 6.1
transversetemporal 623 317 1003 2.598 0.267 0.098 0.020 7 0.4
insula 3796 2487 7726 2.998 0.892 0.104 0.022 31 3.2
