StructName NumVert SurfArea GrayVol ThickAvg ThickStd MeanCurv GausCurv FoldInd CurvInd
caudalanteriorcingulate 1138 720 1539 1.996 0.537 0.127 0.016 15 0.7
caudalmiddlefrontal 4327 2895 7924 2.503 0.453 0.107 0.019 38 3.5
cuneus 3362 2322 4839 1.920 0.513 0.145 0.030 41 4.5
entorhinal 590 417 1594 2.895 0.764 0.145 0.048 8 1.2
fusiform 4505 3031 8491 2.576 0.586 0.116 0.024 44 4.3
inferiorparietal 9807 6748 17735 2.433 0.484 0.122 0.022 105 9.2
inferiortemporal 5449 3688 12843 2.820 0.674 0.112 0.023 50 4.9
isthmuscingulate 1491 1018 2489 2.295 0.621 0.125 0.025 18 1.6
lateraloccipital 8419 5660 13010 2.147 0.529 0.133 0.027 97 9.6
lateralorbitofrontal 4377 3311 8561 2.353 0.652 0.152 0.041 82 7.6
lingual 6055 4221 8309 1.882 0.566 0.135 0.031 71 7.6
medialorbitofrontal 2162 1574 4577 2.500 0.688 0.128 0.034 36 3.1
middletemporal 6490 4452 14864 2.858 0.614 0.113 0.019 61 5.4
parahippocampal 1137 688 2005 2.474 0.779 0.083 0.018 7 0.7
paracentral 2832 1774 4711 2.433 0.608 0.103 0.022 21 2.5
parsopercularis 2081 1419 4207 2.693 0.595 0.116 0.022 19 2.0
parsorbitalis 1136 785 2367 2.572 0.627 0.123 0.022 11 1.0
parstriangularis 1630 1119 2603 2.247 0.477 0.116 0.022 16 1.5
pericalcarine 2868 2002 2555 1.483 0.447 0.137 0.031 30 3.7
postcentral 7699 4964 11207 2.063 0.643 0.106 0.020 67 6.3
posteriorcingulate 2030 1369 3719 2.378 0.693 0.130 0.026 24 2.2
precentral 8074 5037 15581 2.673 0.635 0.100 0.019 57 6.4
precuneus 5933 4094 10193 2.332 0.469 0.122 0.024 67 5.6
rostralanteriorcingulate 1254 872 2340 2.346 0.695 0.118 0.025 14 1.4
rostralmiddlefrontal 6338 4631 11676 2.201 0.492 0.140 0.029 93 7.5
superiorfrontal 14409 10126 29408 2.522 0.612 0.120 0.024 152 14.5
superiorparietal 7990 5259 12437 2.142 0.474 0.116 0.022 76 7.1
superiortemporal 7128 4706 16433 2.994 0.696 0.100 0.021 56 5.8
supramarginal 5221 3499 9992 2.677 0.525 0.117 0.021 51 4.6
transversetemporal 407 261 671 2.324 0.372 0.122 0.026 4 0.4
insula 2775 1870 6506 3.265 0.870 0.113 0.025 24 2.8
