StructName NumVert SurfArea GrayVol ThickAvg ThickStd MeanCurv GausCurv FoldInd CurvInd
caudalanteriorcingulate 1176 755 1586 1.981 0.596 0.125 0.016 15 0.7
caudalmiddlefrontal 4365 2955 8170 2.535 0.454 0.107 0.019 40 3.5
cuneus 3246 2243 4587 1.921 0.495 0.143 0.030 40 4.2
entorhinal 562 383 1338 2.829 0.838 0.141 0.056 8 1.3
fusiform 4504 3052 8635 2.581 0.594 0.118 0.027 44 4.5
inferiorparietal 9951 6909 17945 2.404 0.485 0.122 0.023 108 9.6
inferiortemporal 5442 3689 12864 2.845 0.673 0.112 0.023 53 5.0
isthmuscingulate 1489 1023 2575 2.349 0.688 0.124 0.025 20 1.4
lateraloccipital 8068 5557 12640 2.126 0.518 0.136 0.028 95 9.4
lateralorbitofrontal 4632 3361 8926 2.453 0.626 0.141 0.036 64 7.0
lingual 5986 4218 8134 1.859 0.556 0.136 0.032 70 7.7
medialorbitofrontal 2269 1596 4678 2.565 0.704 0.121 0.027 37 2.5
middletemporal 6425 4398 14480 2.819 0.627 0.114 0.021 60 5.5
parahippocampal 1197 749 1972 2.379 0.638 0.095 0.024 10 1.1
paracentral 2896 1821 4852 2.449 0.611 0.103 0.022 20 2.5
parsopercularis 2116 1425 4239 2.724 0.568 0.114 0.022 18 2.0
parsorbitalis 1170 807 2491 2.622 0.603 0.121 0.020 11 1.0
parstriangularis 1676 1118 2580 2.220 0.497 0.116 0.024 17 1.5
pericalcarine 2854 1968 2560 1.480 0.425 0.138 0.031 30 3.8
postcentral 7730 5004 11202 2.058 0.622 0.106 0.019 66 6.1
posteriorcingulate 2088 1416 3788 2.375 0.639 0.128 0.025 25 2.1
precentral 8243 5159 15978 2.687 0.596 0.101 0.019 61 6.5
precuneus 5954 4116 10148 2.317 0.463 0.120 0.023 62 5.5
rostralanteriorcingulate 1273 876 2387 2.425 0.694 0.120 0.027 15 1.4
rostralmiddlefrontal 6240 4569 11684 2.244 0.490 0.138 0.028 85 7.1
superiorfrontal 14616 10163 29814 2.579 0.582 0.119 0.023 155 14.2
superiorparietal 7980 5324 12026 2.103 0.421 0.116 0.022 77 7.2
superiortemporal 7159 4712 16520 2.984 0.702 0.097 0.020 53 5.6
supramarginal 5124 3441 9721 2.672 0.488 0.119 0.022 55 4.6
transversetemporal 372 219 631 2.464 0.317 0.107 0.022 3 0.3
insula 2904 1949 6546 3.196 0.823 0.110 0.023 24 2.5
