StructName NumVert SurfArea GrayVol ThickAvg ThickStd MeanCurv GausCurv FoldInd CurvInd
caudalanteriorcingulate 1097 714 1616 2.129 0.620 0.121 0.014 14 0.6
caudalmiddlefrontal 4300 2926 7564 2.410 0.408 0.108 0.019 37 3.5
cuneus 3374 2258 4378 1.852 0.451 0.138 0.029 39 4.2
entorhinal 446 312 1264 3.155 0.649 0.129 0.033 5 0.6
fusiform 4320 2946 7961 2.504 0.575 0.115 0.023 43 4.0
inferiorparietal 9045 6423 15661 2.280 0.454 0.124 0.023 102 8.8
inferiortemporal 4900 3378 10621 2.591 0.711 0.113 0.022 49 4.5
isthmuscingulate 1440 994 2463 2.354 0.636 0.122 0.024 17 1.4
lateraloccipital 8124 5475 12252 2.095 0.458 0.131 0.027 93 9.3
lateralorbitofrontal 4173 3088 7703 2.291 0.583 0.144 0.033 63 5.9
lingual 5937 4199 7887 1.821 0.540 0.137 0.032 73 7.8
medialorbitofrontal 2030 1468 4163 2.491 0.603 0.129 0.032 29 2.4
middletemporal 6220 4408 13332 2.637 0.562 0.115 0.020 61 5.4
parahippocampal 1154 711 2066 2.567 0.661 0.086 0.017 7 0.8
paracentral 2937 1801 4861 2.492 0.635 0.099 0.018 21 2.2
parsopercularis 1991 1373 3924 2.635 0.498 0.117 0.023 18 2.0
parsorbitalis 1071 759 2160 2.487 0.715 0.126 0.023 11 1.0
parstriangularis 1661 1154 2578 2.186 0.471 0.119 0.023 17 1.6
pericalcarine 2869 1977 2385 1.396 0.441 0.138 0.032 31 3.9
postcentral 7420 4852 10627 2.012 0.624 0.107 0.019 68 6.1
posteriorcingulate 1966 1344 3797 2.521 0.740 0.128 0.022 23 1.8
precentral 7805 4989 14101 2.555 0.512 0.101 0.019 56 5.9
precuneus 5997 4068 10439 2.397 0.476 0.116 0.022 62 5.4
rostralanteriorcingulate 1330 901 2566 2.511 0.721 0.108 0.021 13 1.1
rostralmiddlefrontal 5616 4289 10590 2.194 0.467 0.142 0.031 80 7.3
superiorfrontal 13746 9704 28624 2.621 0.572 0.119 0.024 147 13.5
superiorparietal 7703 5147 11292 2.041 0.419 0.120 0.021 77 7.0
superiortemporal 6628 4491 15235 2.903 0.667 0.098 0.019 52 5.3
supramarginal 5173 3550 9169 2.494 0.462 0.120 0.022 52 4.8
transversetemporal 366 224 619 2.369 0.395 0.101 0.026 3 0.3
insula 2766 1869 6476 3.284 0.857 0.109 0.023 23 2.5
