StructName NumVert SurfArea GrayVol ThickAvg ThickStd MeanCurv GausCurv FoldInd CurvInd
caudalanteriorcingulate 1700 1166 2960 2.362 0.686 0.132 0.021 29 1.6
caudalmiddlefrontal 4274 2908 6883 2.282 0.413 0.117 0.022 41 4.1
cuneus 3877 2539 4796 1.796 0.465 0.132 0.030 46 4.7
entorhinal 700 502 2620 3.562 0.789 0.124 0.029 5 0.9
fusiform 4455 3014 9133 2.689 0.651 0.119 0.024 47 4.4
inferiorparietal 9960 7016 16693 2.186 0.415 0.122 0.025 113 10.2
inferiortemporal 5854 4237 13043 2.685 0.604 0.126 0.025 67 6.3
isthmuscingulate 1647 1120 2393 1.995 0.738 0.117 0.028 20 1.7
lateraloccipital 8226 5483 12451 2.055 0.493 0.127 0.027 96 9.2
lateralorbitofrontal 4797 3422 8736 2.493 0.535 0.133 0.030 61 6.0
lingual 5327 3692 7714 1.939 0.694 0.134 0.031 62 6.9
medialorbitofrontal 2573 1776 5112 2.602 0.634 0.119 0.023 29 2.7
middletemporal 6844 4862 14603 2.666 0.555 0.113 0.021 70 5.9
parahippocampal 1202 747 2288 2.687 0.664 0.095 0.024 9 1.1
paracentral 3092 1867 4606 2.368 0.549 0.086 0.013 16 1.7
parsopercularis 2436 1645 4454 2.538 0.412 0.107 0.020 22 2.0
parsorbitalis 1140 765 2380 2.545 0.482 0.116 0.021 12 1.1
parstriangularis 1903 1328 3272 2.307 0.413 0.121 0.022 20 1.7
pericalcarine 1951 1265 1699 1.351 0.559 0.108 0.026 18 2.0
postcentral 7501 4840 10425 2.007 0.550 0.102 0.019 60 5.8
posteriorcingulate 1713 1261 3189 2.332 0.750 0.129 0.027 22 2.2
precentral 7607 4939 13007 2.448 0.466 0.104 0.018 57 5.9
precuneus 6426 4367 10303 2.264 0.546 0.119 0.025 64 6.7
rostralanteriorcingulate 1687 1165 3344 2.670 0.560 0.121 0.022 21 1.6
rostralmiddlefrontal 6976 4986 12366 2.229 0.480 0.128 0.027 87 7.7
superiorfrontal 13307 9092 24698 2.492 0.516 0.119 0.023 134 13.1
superiorparietal 6552 4332 8856 1.904 0.376 0.103 0.017 58 4.7
superiortemporal 8097 5569 17218 2.707 0.676 0.109 0.023 74 7.0
supramarginal 5690 3982 10109 2.442 0.434 0.118 0.024 60 5.8
transversetemporal 535 326 1004 2.541 0.244 0.111 0.021 6 0.4
insula 3584 2404 7697 3.111 0.833 0.101 0.020 27 3.0
