StructName NumVert SurfArea GrayVol ThickAvg ThickStd MeanCurv GausCurv FoldInd CurvInd
caudalanteriorcingulate 1646 1147 2863 2.276 0.620 0.133 0.025 24 1.8
caudalmiddlefrontal 4117 2745 6604 2.295 0.456 0.116 0.024 38 4.1
cuneus 3940 2677 5034 1.795 0.475 0.140 0.030 49 5.1
entorhinal 634 436 2300 3.468 0.794 0.107 0.030 4 0.6
fusiform 4813 3256 9313 2.642 0.683 0.120 0.026 48 4.7
inferiorparietal 10628 7185 17486 2.254 0.500 0.121 0.024 111 10.3
inferiortemporal 6371 4514 14365 2.782 0.640 0.129 0.028 74 7.6
isthmuscingulate 1666 1106 2384 1.983 0.710 0.112 0.029 18 1.7
lateraloccipital 8752 5905 13192 2.043 0.566 0.133 0.027 98 10.0
lateralorbitofrontal 4615 3421 8398 2.338 0.595 0.151 0.040 66 8.1
lingual 5187 3587 7546 1.937 0.708 0.135 0.032 60 7.1
medialorbitofrontal 2701 1845 5026 2.427 0.703 0.118 0.028 32 3.0
middletemporal 7151 4868 14827 2.670 0.609 0.112 0.021 66 6.2
parahippocampal 1152 719 2109 2.494 0.754 0.095 0.024 9 1.0
paracentral 3135 1938 4726 2.325 0.533 0.093 0.016 18 2.1
parsopercularis 2416 1628 4249 2.443 0.474 0.106 0.020 22 1.8
parsorbitalis 1158 812 2298 2.345 0.492 0.123 0.021 13 1.0
parstriangularis 2033 1424 3226 2.098 0.495 0.129 0.027 22 2.5
pericalcarine 1963 1277 1673 1.376 0.500 0.110 0.022 19 1.8
postcentral 7990 4964 10968 2.052 0.567 0.098 0.020 60 6.4
posteriorcingulate 1846 1314 3231 2.274 0.686 0.127 0.030 22 2.3
precentral 8163 5107 13667 2.479 0.494 0.101 0.018 58 6.4
precuneus 6613 4492 10415 2.239 0.515 0.123 0.027 64 7.3
rostralanteriorcingulate 1745 1209 3331 2.568 0.660 0.123 0.025 22 1.8
rostralmiddlefrontal 6411 4635 11195 2.093 0.560 0.133 0.028 86 7.7
superiorfrontal 13569 9359 25030 2.402 0.531 0.122 0.026 138 14.8
superiorparietal 6790 4411 9404 1.967 0.457 0.104 0.018 57 4.9
superiortemporal 8381 5611 17512 2.713 0.700 0.110 0.023 73 7.8
supramarginal 6073 4072 10808 2.550 0.454 0.119 0.024 65 6.3
transversetemporal 656 350 1030 2.548 0.343 0.104 0.021 7 0.5
insula 3781 2489 7706 3.004 0.862 0.105 0.024 30 3.5
