StructName NumVert SurfArea GrayVol ThickAvg ThickStd MeanCurv GausCurv FoldInd CurvInd
caudalanteriorcingulate 1740 1195 2921 2.229 0.663 0.134 0.024 27 1.9
caudalmiddlefrontal 4511 3017 7445 2.325 0.456 0.116 0.024 43 4.5
cuneus 3878 2638 4955 1.784 0.465 0.141 0.029 49 4.9
entorhinal 711 473 2366 3.394 0.886 0.107 0.025 5 0.7
fusiform 4891 3239 9743 2.701 0.715 0.116 0.025 47 4.9
inferiorparietal 10721 7349 17858 2.228 0.489 0.123 0.025 112 10.9
inferiortemporal 6263 4354 14010 2.795 0.674 0.126 0.030 73 7.5
isthmuscingulate 1684 1123 2458 1.972 0.707 0.110 0.026 16 1.7
lateraloccipital 8517 5738 13020 2.042 0.547 0.132 0.028 97 9.8
lateralorbitofrontal 4791 3443 8893 2.500 0.571 0.140 0.032 65 6.8
lingual 5111 3547 7652 1.975 0.683 0.132 0.032 62 6.7
medialorbitofrontal 2768 1897 5265 2.520 0.682 0.118 0.027 33 2.9
middletemporal 7067 4852 15040 2.722 0.615 0.112 0.021 69 6.1
parahippocampal 1172 725 2089 2.479 0.701 0.096 0.023 7 1.0
paracentral 3244 1957 4798 2.355 0.538 0.091 0.017 19 2.4
parsopercularis 2440 1627 4411 2.571 0.453 0.109 0.019 22 1.9
parsorbitalis 1183 785 2445 2.573 0.486 0.117 0.020 11 1.0
parstriangularis 1916 1324 3204 2.239 0.492 0.122 0.024 19 1.9
pericalcarine 1881 1217 1674 1.411 0.526 0.106 0.023 17 1.7
postcentral 7789 4930 11054 2.082 0.579 0.103 0.020 62 6.6
posteriorcingulate 1926 1343 3224 2.191 0.698 0.122 0.027 22 2.1
precentral 8098 5094 14069 2.539 0.495 0.101 0.019 57 6.4
precuneus 6527 4452 10403 2.240 0.475 0.123 0.026 69 7.0
rostralanteriorcingulate 1668 1137 3195 2.580 0.613 0.121 0.021 20 1.6
rostralmiddlefrontal 6578 4759 11812 2.191 0.541 0.134 0.028 90 7.8
superiorfrontal 13610 9375 25785 2.476 0.525 0.121 0.026 140 14.5
superiorparietal 6351 4291 9249 1.957 0.433 0.106 0.018 56 4.8
superiortemporal 8490 5646 18049 2.798 0.708 0.108 0.022 75 7.3
supramarginal 6019 4086 11016 2.595 0.436 0.117 0.023 58 6.1
transversetemporal 636 338 1018 2.543 0.267 0.101 0.022 7 0.5
insula 3848 2549 7835 3.044 0.817 0.108 0.024 33 3.6
