StructName NumVert SurfArea GrayVol ThickAvg ThickStd MeanCurv GausCurv FoldInd CurvInd
caudalanteriorcingulate 1112 758 1650 2.034 0.641 0.126 0.022 13 1.0
caudalmiddlefrontal 4577 3076 8280 2.463 0.448 0.108 0.021 43 3.8
cuneus 3223 2212 4596 1.933 0.432 0.143 0.032 44 4.3
entorhinal 518 394 1310 2.344 0.847 0.159 0.060 9 1.0
fusiform 4470 3011 7844 2.287 0.578 0.119 0.028 48 5.0
inferiorparietal 9456 6557 16729 2.366 0.479 0.123 0.024 109 9.5
inferiortemporal 4996 3462 10804 2.531 0.658 0.118 0.029 53 5.5
isthmuscingulate 1467 1006 2381 2.182 0.657 0.122 0.026 18 1.5
lateraloccipital 8016 5465 12940 2.160 0.494 0.135 0.030 103 9.7
lateralorbitofrontal 4223 3088 7765 2.220 0.614 0.154 0.045 75 7.9
lingual 5869 4111 8361 1.950 0.533 0.135 0.033 75 7.4
medialorbitofrontal 2282 1580 3918 2.163 0.679 0.155 0.055 50 5.1
middletemporal 6429 4498 14317 2.729 0.606 0.118 0.023 67 6.3
parahippocampal 1153 728 2121 2.464 0.746 0.097 0.025 8 0.9
paracentral 2835 1829 4791 2.422 0.569 0.108 0.024 24 2.7
parsopercularis 1992 1417 4119 2.625 0.553 0.126 0.026 19 2.4
parsorbitalis 1135 818 2409 2.408 0.674 0.132 0.028 13 1.2
parstriangularis 1599 1114 2454 2.087 0.504 0.122 0.027 18 1.7
pericalcarine 2662 1916 3058 1.790 0.466 0.137 0.034 28 4.0
postcentral 7869 5105 11440 2.036 0.609 0.110 0.023 74 7.3
posteriorcingulate 1980 1378 3573 2.340 0.649 0.131 0.025 24 2.1
precentral 8073 5101 14675 2.589 0.522 0.103 0.022 60 7.2
precuneus 6058 4187 10109 2.249 0.458 0.122 0.026 75 6.1
rostralanteriorcingulate 1226 860 2483 2.438 0.765 0.117 0.032 15 1.4
rostralmiddlefrontal 5733 4368 11259 2.234 0.517 0.146 0.040 88 9.4
superiorfrontal 14078 9997 30040 2.565 0.613 0.129 0.033 187 19.3
superiorparietal 8008 5290 12545 2.137 0.477 0.118 0.023 82 7.7
superiortemporal 6938 4606 15585 2.886 0.679 0.102 0.022 65 6.1
supramarginal 5239 3596 9618 2.561 0.472 0.121 0.024 56 5.1
transversetemporal 408 278 680 2.209 0.428 0.130 0.044 5 0.6
insula 2754 1954 5737 2.778 0.801 0.129 0.040 33 5.0
