StructName NumVert SurfArea GrayVol ThickAvg ThickStd MeanCurv GausCurv FoldInd CurvInd
caudalanteriorcingulate 1764 1204 3049 2.344 0.786 0.135 0.027 28 2.0
caudalmiddlefrontal 3971 2713 6898 2.268 0.551 0.119 0.027 38 4.2
cuneus 3659 2498 4714 1.813 0.444 0.136 0.033 46 4.9
entorhinal 707 506 2746 3.291 0.844 0.115 0.037 12 1.1
fusiform 4514 3041 10135 2.807 0.731 0.118 0.025 47 4.5
inferiorparietal 10732 7310 18295 2.189 0.586 0.121 0.028 124 11.0
inferiortemporal 6493 4628 14988 2.690 0.759 0.126 0.032 79 7.7
isthmuscingulate 1688 1128 2570 2.061 0.793 0.113 0.025 19 1.6
lateraloccipital 8287 5443 12847 2.086 0.603 0.125 0.029 94 9.6
lateralorbitofrontal 5345 3924 9499 2.217 0.615 0.142 0.039 80 9.0
lingual 5608 3791 8123 1.971 0.709 0.131 0.035 70 7.7
medialorbitofrontal 3021 2142 6037 2.421 0.745 0.132 0.037 48 4.7
middletemporal 6822 4758 14884 2.614 0.691 0.112 0.023 66 6.2
parahippocampal 1076 682 2168 2.694 0.741 0.092 0.021 6 0.8
paracentral 3272 1986 4861 2.286 0.554 0.096 0.025 23 2.8
parsopercularis 2494 1718 4931 2.592 0.614 0.110 0.023 22 2.2
parsorbitalis 1178 808 2609 2.534 0.596 0.114 0.020 12 0.9
parstriangularis 2078 1429 3427 2.082 0.592 0.122 0.025 21 2.1
pericalcarine 1897 1256 1699 1.450 0.373 0.108 0.023 17 1.8
postcentral 8020 5159 11719 2.072 0.617 0.105 0.028 69 8.3
posteriorcingulate 1806 1290 3234 2.221 0.777 0.126 0.029 21 2.0
precentral 7711 5015 13783 2.460 0.615 0.107 0.024 62 7.4
precuneus 6582 4480 10738 2.244 0.545 0.119 0.027 65 6.8
rostralanteriorcingulate 1792 1300 3738 2.431 0.790 0.132 0.031 24 2.3
rostralmiddlefrontal 7270 5221 13581 2.143 0.645 0.128 0.027 87 8.0
superiorfrontal 13120 9060 24887 2.439 0.630 0.119 0.027 137 14.1
superiorparietal 6674 4504 9816 1.935 0.508 0.107 0.022 61 5.7
superiortemporal 8335 5706 18245 2.654 0.764 0.109 0.025 80 8.0
supramarginal 5979 4100 11025 2.487 0.559 0.118 0.026 63 6.2
transversetemporal 479 307 992 2.570 0.325 0.118 0.027 5 0.4
insula 3558 2420 7790 3.134 0.887 0.107 0.024 27 3.4
