StructName NumVert SurfArea GrayVol ThickAvg ThickStd MeanCurv GausCurv FoldInd CurvInd
caudalanteriorcingulate 1710 1190 2851 2.187 0.732 0.132 0.021 28 1.7
caudalmiddlefrontal 4219 2861 6959 2.334 0.447 0.118 0.025 46 4.2
cuneus 4110 2795 5247 1.790 0.505 0.139 0.030 49 5.2
entorhinal 643 449 2299 3.458 0.798 0.118 0.029 5 0.7
fusiform 4938 3331 9768 2.699 0.668 0.119 0.025 52 4.9
inferiorparietal 10299 7059 17903 2.305 0.496 0.122 0.026 110 10.5
inferiortemporal 6406 4613 14343 2.773 0.663 0.127 0.028 73 7.3
isthmuscingulate 1617 1079 2355 1.986 0.687 0.110 0.028 17 1.5
lateraloccipital 8753 5971 13043 2.039 0.533 0.133 0.028 97 10.4
lateralorbitofrontal 4645 3425 8513 2.340 0.605 0.142 0.033 61 6.9
lingual 5275 3747 7597 1.887 0.696 0.137 0.033 66 7.2
medialorbitofrontal 2625 1840 5125 2.457 0.688 0.121 0.025 34 2.6
middletemporal 7017 4829 15392 2.806 0.584 0.110 0.020 67 5.7
parahippocampal 1125 708 2113 2.565 0.765 0.091 0.018 8 0.6
paracentral 3224 1953 4967 2.417 0.546 0.089 0.017 19 2.2
parsopercularis 2591 1730 4759 2.570 0.471 0.109 0.019 22 2.0
parsorbitalis 1184 808 2433 2.477 0.509 0.115 0.021 11 1.0
parstriangularis 1952 1333 3149 2.160 0.493 0.121 0.023 19 2.0
pericalcarine 1979 1279 1554 1.297 0.459 0.110 0.021 18 1.9
postcentral 8020 5021 10895 2.039 0.632 0.099 0.020 59 6.4
posteriorcingulate 1951 1361 3383 2.268 0.770 0.122 0.026 23 2.1
precentral 8047 5027 13889 2.553 0.511 0.100 0.018 57 6.2
precuneus 6555 4525 10561 2.252 0.489 0.122 0.028 63 7.2
rostralanteriorcingulate 1641 1145 3200 2.577 0.635 0.125 0.024 21 1.6
rostralmiddlefrontal 6495 4757 11663 2.131 0.572 0.134 0.027 84 7.5
superiorfrontal 13422 9350 25165 2.440 0.533 0.124 0.026 143 14.7
superiorparietal 6713 4374 9631 1.979 0.502 0.103 0.018 53 5.0
superiortemporal 8423 5669 17887 2.779 0.665 0.109 0.022 73 7.3
supramarginal 5985 4059 11027 2.607 0.485 0.118 0.024 60 6.1
transversetemporal 647 337 1019 2.526 0.289 0.102 0.020 7 0.5
insula 3710 2513 7714 3.036 0.829 0.108 0.024 30 3.3
