StructName NumVert SurfArea GrayVol ThickAvg ThickStd MeanCurv GausCurv FoldInd CurvInd
caudalanteriorcingulate 1761 1204 2970 2.266 0.672 0.130 0.022 28 1.8
caudalmiddlefrontal 4031 2753 6658 2.329 0.423 0.119 0.025 42 4.2
cuneus 3933 2718 5005 1.780 0.479 0.141 0.030 48 5.0
entorhinal 655 445 2418 3.283 0.944 0.104 0.029 4 0.7
fusiform 4872 3273 9800 2.741 0.693 0.117 0.025 49 4.7
inferiorparietal 10562 7201 17641 2.276 0.477 0.121 0.025 113 10.7
inferiortemporal 6203 4413 14254 2.820 0.656 0.126 0.027 68 6.9
isthmuscingulate 1735 1173 2493 1.982 0.711 0.113 0.026 19 1.6
lateraloccipital 8616 5799 13087 2.057 0.568 0.132 0.028 97 10.0
lateralorbitofrontal 4529 3295 8218 2.356 0.575 0.143 0.035 65 7.0
lingual 5405 3760 7820 1.920 0.697 0.134 0.032 65 7.1
medialorbitofrontal 2760 1897 5190 2.461 0.660 0.119 0.028 34 3.1
middletemporal 7187 4934 15423 2.745 0.586 0.112 0.021 70 5.9
parahippocampal 1167 702 2164 2.597 0.800 0.089 0.020 10 0.8
paracentral 3151 1940 4848 2.397 0.549 0.091 0.016 19 2.1
parsopercularis 2480 1673 4498 2.533 0.485 0.108 0.021 22 2.0
parsorbitalis 1131 777 2414 2.534 0.474 0.120 0.021 12 1.0
parstriangularis 1926 1347 3051 2.146 0.462 0.129 0.027 21 2.4
pericalcarine 1959 1270 1555 1.305 0.451 0.112 0.022 19 1.9
postcentral 7886 5005 11070 2.077 0.598 0.100 0.020 61 6.4
posteriorcingulate 1827 1306 3240 2.322 0.727 0.128 0.028 23 2.4
precentral 7937 5043 13643 2.502 0.502 0.100 0.018 55 6.1
precuneus 6475 4475 10521 2.262 0.494 0.124 0.027 66 7.4
rostralanteriorcingulate 1647 1149 3259 2.626 0.633 0.127 0.024 22 1.7
rostralmiddlefrontal 6484 4866 11806 2.111 0.546 0.139 0.029 85 8.4
superiorfrontal 13379 9395 24509 2.366 0.506 0.125 0.027 147 15.3
superiorparietal 6509 4337 9326 1.969 0.452 0.107 0.020 57 5.2
superiortemporal 8477 5682 18201 2.784 0.701 0.109 0.022 75 7.3
supramarginal 6004 4067 10935 2.608 0.464 0.118 0.024 64 6.4
transversetemporal 656 343 1062 2.612 0.219 0.100 0.018 6 0.4
insula 3749 2498 7711 3.014 0.841 0.107 0.022 32 3.2
