StructName NumVert SurfArea GrayVol ThickAvg ThickStd MeanCurv GausCurv FoldInd CurvInd
caudalanteriorcingulate 1758 1209 2888 2.255 0.719 0.136 0.026 30 2.0
caudalmiddlefrontal 4118 2752 6678 2.333 0.450 0.116 0.025 39 4.0
cuneus 3852 2555 4599 1.746 0.426 0.134 0.030 45 5.0
entorhinal 649 416 2071 3.199 0.928 0.110 0.032 6 0.6
fusiform 4627 3250 9584 2.663 0.656 0.128 0.030 51 5.5
inferiorparietal 10189 7182 16865 2.154 0.441 0.124 0.026 115 10.8
inferiortemporal 5826 4231 13128 2.660 0.696 0.133 0.033 76 7.9
isthmuscingulate 1600 1075 2360 2.020 0.781 0.115 0.030 18 1.8
lateraloccipital 7776 5337 11173 1.956 0.444 0.135 0.028 96 9.3
lateralorbitofrontal 4884 3508 8803 2.465 0.551 0.137 0.033 69 6.8
lingual 5264 3591 7544 1.932 0.681 0.133 0.032 62 7.1
medialorbitofrontal 2478 1753 5041 2.511 0.608 0.128 0.030 40 2.9
middletemporal 6956 4885 14408 2.604 0.566 0.114 0.023 70 6.7
parahippocampal 1116 703 2115 2.561 0.666 0.101 0.030 14 1.3
paracentral 3212 1959 4854 2.356 0.525 0.093 0.018 20 2.3
parsopercularis 2452 1684 4522 2.489 0.434 0.109 0.023 23 2.1
parsorbitalis 1131 752 2441 2.614 0.524 0.114 0.021 10 1.0
parstriangularis 1911 1348 3378 2.388 0.441 0.126 0.027 22 2.0
pericalcarine 1954 1277 1590 1.328 0.418 0.109 0.021 17 1.8
postcentral 7823 4913 10620 2.031 0.583 0.101 0.021 59 6.7
posteriorcingulate 1925 1366 3358 2.327 0.736 0.125 0.028 25 2.3
precentral 8001 5040 13536 2.493 0.484 0.104 0.020 60 6.8
precuneus 6442 4407 10239 2.234 0.491 0.121 0.027 64 7.0
rostralanteriorcingulate 1762 1203 3440 2.658 0.550 0.122 0.023 23 1.7
rostralmiddlefrontal 7307 5151 12918 2.236 0.530 0.129 0.029 96 8.5
superiorfrontal 13709 9312 25171 2.476 0.504 0.121 0.026 137 14.8
superiorparietal 6718 4445 9045 1.868 0.405 0.105 0.019 59 5.2
superiortemporal 8087 5563 16602 2.624 0.615 0.112 0.024 72 7.7
supramarginal 6042 4130 10566 2.506 0.456 0.121 0.027 65 6.6
transversetemporal 573 334 998 2.498 0.263 0.112 0.023 6 0.5
insula 3618 2444 7385 2.944 0.860 0.112 0.029 40 3.4
