StructName NumVert SurfArea GrayVol ThickAvg ThickStd MeanCurv GausCurv FoldInd CurvInd
caudalanteriorcingulate 1669 1192 2754 2.102 0.759 0.136 0.022 28 1.6
caudalmiddlefrontal 4193 2842 6695 2.225 0.448 0.113 0.023 38 4.0
cuneus 3984 2671 4823 1.767 0.436 0.137 0.030 47 4.9
entorhinal 692 472 2308 3.379 0.793 0.120 0.033 6 1.0
fusiform 4931 3308 9740 2.707 0.689 0.119 0.027 56 5.2
inferiorparietal 10758 7270 17827 2.264 0.478 0.119 0.024 116 10.1
inferiortemporal 6654 4620 14651 2.763 0.645 0.124 0.029 77 7.7
isthmuscingulate 1654 1109 2439 2.049 0.706 0.115 0.028 18 1.7
lateraloccipital 8868 5925 13381 2.066 0.541 0.128 0.027 96 9.8
lateralorbitofrontal 4791 3434 8554 2.292 0.598 0.139 0.034 67 7.1
lingual 5351 3716 7893 1.957 0.690 0.134 0.033 68 7.0
medialorbitofrontal 2870 1958 5296 2.414 0.729 0.118 0.027 36 3.1
middletemporal 7291 4982 15470 2.745 0.585 0.109 0.022 70 6.0
parahippocampal 1180 735 2148 2.494 0.665 0.096 0.022 10 0.9
paracentral 3131 1915 4796 2.379 0.547 0.089 0.015 19 2.0
parsopercularis 2524 1677 4419 2.472 0.473 0.109 0.020 23 2.0
parsorbitalis 1211 825 2494 2.488 0.467 0.117 0.020 12 1.0
parstriangularis 1991 1368 3143 2.144 0.486 0.121 0.023 20 1.9
pericalcarine 1955 1262 1510 1.317 0.345 0.108 0.021 17 1.8
postcentral 8021 5044 11105 2.062 0.597 0.099 0.019 61 6.3
posteriorcingulate 1885 1298 3229 2.211 0.764 0.118 0.023 22 1.8
precentral 8066 5100 13733 2.497 0.482 0.100 0.018 55 6.1
precuneus 6550 4496 10728 2.289 0.495 0.121 0.026 64 6.9
rostralanteriorcingulate 1686 1191 3219 2.473 0.668 0.124 0.023 22 1.6
rostralmiddlefrontal 6662 4858 11808 2.109 0.540 0.132 0.027 86 7.7
superiorfrontal 13486 9414 25012 2.398 0.518 0.121 0.025 138 14.0
superiorparietal 6516 4364 9388 1.980 0.419 0.104 0.018 55 4.9
superiortemporal 8705 5802 18469 2.785 0.704 0.108 0.025 110 7.5
supramarginal 5980 4039 10942 2.611 0.446 0.118 0.023 62 5.9
transversetemporal 688 353 1050 2.539 0.285 0.102 0.019 8 0.5
insula 3803 2514 7833 3.002 0.893 0.105 0.022 31 3.3
