StructName NumVert SurfArea GrayVol ThickAvg ThickStd MeanCurv GausCurv FoldInd CurvInd
caudalanteriorcingulate 1175 742 1648 2.008 0.583 0.128 0.016 16 0.8
caudalmiddlefrontal 4417 2971 8079 2.513 0.435 0.106 0.018 37 3.5
cuneus 3320 2282 4569 1.905 0.494 0.144 0.030 41 4.3
entorhinal 581 387 1665 2.683 1.080 0.136 0.042 9 1.0
fusiform 4509 3119 8637 2.566 0.630 0.120 0.026 46 4.6
inferiorparietal 10053 6877 18198 2.450 0.483 0.121 0.023 109 9.5
inferiortemporal 5319 3598 12169 2.752 0.688 0.115 0.025 56 5.5
isthmuscingulate 1477 996 2551 2.362 0.640 0.121 0.023 17 1.4
lateraloccipital 8288 5656 13355 2.176 0.537 0.134 0.028 101 9.5
lateralorbitofrontal 4676 3382 8762 2.322 0.649 0.146 0.037 227 7.8
lingual 6021 4224 8338 1.896 0.571 0.136 0.031 71 7.9
medialorbitofrontal 2199 1600 4543 2.421 0.682 0.120 0.027 30 2.4
middletemporal 6571 4515 14995 2.840 0.611 0.114 0.020 63 5.7
parahippocampal 1122 699 1976 2.492 0.722 0.093 0.022 9 0.8
paracentral 2967 1826 4989 2.501 0.616 0.101 0.021 21 2.5
parsopercularis 2088 1427 4192 2.685 0.554 0.114 0.022 21 2.0
parsorbitalis 1172 804 2405 2.543 0.644 0.125 0.023 12 1.1
parstriangularis 1682 1150 2616 2.169 0.519 0.121 0.025 18 1.6
pericalcarine 2918 2026 2561 1.459 0.429 0.138 0.032 31 3.9
postcentral 7925 5066 11454 2.050 0.630 0.104 0.019 67 6.2
posteriorcingulate 1990 1377 3707 2.397 0.655 0.131 0.026 23 2.2
precentral 8318 5147 16091 2.713 0.608 0.101 0.018 62 6.4
precuneus 6112 4185 10412 2.340 0.470 0.119 0.022 65 5.7
rostralanteriorcingulate 1248 850 2394 2.407 0.719 0.110 0.023 11 1.0
rostralmiddlefrontal 6391 4668 11595 2.162 0.503 0.140 0.029 87 7.7
superiorfrontal 14576 10104 29491 2.546 0.623 0.120 0.024 158 14.7
superiorparietal 8062 5283 12283 2.128 0.459 0.117 0.021 80 7.1
superiortemporal 6929 4594 16288 2.985 0.685 0.100 0.021 54 5.8
supramarginal 5106 3425 9746 2.657 0.516 0.119 0.022 52 4.4
transversetemporal 401 253 667 2.366 0.400 0.110 0.020 3 0.3
insula 2849 1934 6461 3.213 0.862 0.114 0.026 28 2.9
