StructName NumVert SurfArea GrayVol ThickAvg ThickStd MeanCurv GausCurv FoldInd CurvInd
caudalanteriorcingulate 1162 748 1533 1.881 0.623 0.127 0.024 15 1.1
caudalmiddlefrontal 4447 2994 9161 2.587 0.568 0.110 0.024 44 4.4
cuneus 3195 2164 4848 2.035 0.506 0.139 0.032 40 4.3
entorhinal 609 458 1845 3.005 0.819 0.142 0.047 10 1.1
fusiform 4465 3008 9071 2.632 0.614 0.116 0.028 43 4.9
inferiorparietal 10287 6950 19353 2.434 0.598 0.119 0.025 123 10.2
inferiortemporal 5787 3864 13636 2.762 0.783 0.115 0.029 60 6.5
isthmuscingulate 1543 1067 2641 2.247 0.758 0.124 0.029 19 1.6
lateraloccipital 8494 5638 14495 2.259 0.610 0.128 0.030 104 9.9
lateralorbitofrontal 5027 3669 9790 2.289 0.691 0.143 0.040 71 8.3
lingual 5939 4193 9013 2.020 0.603 0.132 0.032 69 7.5
medialorbitofrontal 2595 1870 5082 2.366 0.747 0.130 0.040 40 3.9
middletemporal 6527 4501 15879 2.813 0.718 0.112 0.024 67 6.0
parahippocampal 1203 755 2161 2.467 0.669 0.099 0.024 9 1.1
paracentral 3012 1953 5111 2.434 0.615 0.115 0.031 26 3.6
parsopercularis 2057 1431 4328 2.647 0.650 0.120 0.027 20 2.2
parsorbitalis 1206 814 2651 2.543 0.710 0.122 0.030 13 1.3
parstriangularis 1635 1152 2885 2.211 0.629 0.126 0.028 22 1.9
pericalcarine 2737 1907 3081 1.788 0.532 0.125 0.029 27 3.2
postcentral 8507 5457 12457 2.022 0.643 0.110 0.028 91 9.0
posteriorcingulate 2082 1432 4000 2.396 0.814 0.128 0.028 24 2.2
precentral 8224 5313 17109 2.688 0.657 0.102 0.026 63 7.7
precuneus 6072 4230 11133 2.371 0.497 0.119 0.024 69 5.8
rostralanteriorcingulate 1313 950 2648 2.449 0.665 0.128 0.033 15 1.8
rostralmiddlefrontal 6484 4676 13144 2.276 0.689 0.136 0.034 85 8.2
superiorfrontal 14553 10281 32192 2.596 0.713 0.122 0.029 157 15.9
superiorparietal 8053 5263 13816 2.182 0.627 0.115 0.022 78 7.5
superiortemporal 7221 4811 17451 2.951 0.772 0.099 0.023 54 6.3
supramarginal 5458 3607 10665 2.609 0.619 0.117 0.025 54 5.2
transversetemporal 371 242 719 2.540 0.372 0.122 0.033 4 0.5
insula 2681 1844 6424 3.207 0.933 0.116 0.029 23 3.3
