StructName NumVert SurfArea GrayVol ThickAvg ThickStd MeanCurv GausCurv FoldInd CurvInd
caudalanteriorcingulate 1108 773 2637 2.887 0.795 0.135 0.024 15 1.2
caudalmiddlefrontal 3262 2239 7130 2.629 0.688 0.114 0.024 30 3.1
cuneus 2773 1969 4006 1.915 0.584 0.144 0.033 37 3.8
entorhinal 567 378 2038 3.304 0.937 0.111 0.032 5 0.6
fusiform 3365 2215 7531 2.807 0.604 0.118 0.023 38 3.2
inferiorparietal 8146 5662 17723 2.608 0.680 0.118 0.024 95 8.0
inferiortemporal 4525 3217 12337 2.836 0.837 0.133 0.032 58 6.1
isthmuscingulate 1316 898 2599 2.506 0.747 0.119 0.024 14 1.1
lateraloccipital 6602 4564 13047 2.447 0.740 0.140 0.032 84 8.9
lateralorbitofrontal 4059 2938 7909 2.535 0.761 0.136 0.035 59 5.8
lingual 3721 2732 6229 2.175 0.731 0.139 0.034 45 5.8
medialorbitofrontal 2469 1768 6102 2.815 0.908 0.130 0.038 37 3.7
middletemporal 4828 3278 11898 2.854 0.746 0.109 0.021 43 4.4
parahippocampal 988 656 2466 2.959 0.903 0.115 0.024 13 0.8
paracentral 2174 1420 3717 2.440 0.752 0.116 0.031 18 2.8
parsopercularis 1820 1257 4202 2.763 0.599 0.105 0.022 17 1.5
parsorbitalis 1044 722 2560 2.970 0.730 0.129 0.025 12 1.2
parstriangularis 2051 1369 4439 2.614 0.646 0.107 0.021 20 1.7
pericalcarine 2140 1509 2208 1.731 0.552 0.123 0.028 19 2.7
postcentral 6020 3945 9738 2.158 0.677 0.106 0.026 53 6.1
posteriorcingulate 1459 973 2787 2.561 0.759 0.118 0.020 16 1.4
precentral 6494 4193 14297 2.817 0.701 0.104 0.021 46 5.5
precuneus 4945 3422 9954 2.561 0.591 0.124 0.025 52 5.2
rostralanteriorcingulate 905 617 2034 2.829 0.757 0.107 0.022 7 0.8
rostralmiddlefrontal 4967 3721 12109 2.489 0.822 0.143 0.035 67 7.3
superiorfrontal 11354 8030 28502 2.873 0.779 0.127 0.028 125 14.1
superiorparietal 5805 3952 10555 2.229 0.630 0.118 0.024 66 5.7
superiortemporal 5931 3932 15893 3.109 0.765 0.102 0.021 49 4.7
supramarginal 4426 2993 9702 2.687 0.703 0.115 0.023 42 4.2
transversetemporal 313 235 719 2.797 0.431 0.132 0.030 4 0.3
insula 2350 1603 5710 3.315 0.833 0.106 0.023 17 2.2
