StructName NumVert SurfArea GrayVol ThickAvg ThickStd MeanCurv GausCurv FoldInd CurvInd
caudalanteriorcingulate 1079 759 2430 2.719 0.716 0.133 0.025 14 1.2
caudalmiddlefrontal 3493 2367 6708 2.578 0.491 0.114 0.021 31 3.0
cuneus 2554 1915 3773 1.881 0.525 0.159 0.033 37 3.7
entorhinal 609 398 1901 3.224 0.896 0.112 0.025 4 0.6
fusiform 3510 2318 7100 2.657 0.582 0.116 0.021 34 3.0
inferiorparietal 8128 5726 15837 2.486 0.470 0.119 0.022 85 8.0
inferiortemporal 4433 3244 11541 2.899 0.683 0.137 0.030 60 5.6
isthmuscingulate 1270 865 2438 2.425 0.704 0.120 0.027 13 1.3
lateraloccipital 6286 4392 11253 2.325 0.562 0.139 0.029 74 8.0
lateralorbitofrontal 3515 2726 7513 2.586 0.646 0.149 0.036 54 5.3
lingual 3788 2684 5802 2.084 0.677 0.134 0.030 43 4.9
medialorbitofrontal 2323 1693 5465 2.762 0.757 0.126 0.035 31 3.3
middletemporal 4627 3230 10785 2.786 0.571 0.117 0.024 45 5.0
parahippocampal 964 636 2171 2.829 0.913 0.121 0.025 12 1.0
paracentral 2040 1279 3735 2.616 0.585 0.101 0.021 13 1.7
parsopercularis 1895 1321 3884 2.631 0.473 0.103 0.018 17 1.4
parsorbitalis 990 714 2217 2.742 0.544 0.127 0.023 11 1.0
parstriangularis 1920 1303 3768 2.488 0.482 0.114 0.020 19 1.6
pericalcarine 2092 1504 2018 1.562 0.471 0.126 0.027 22 2.4
postcentral 5754 3766 8554 2.063 0.607 0.103 0.017 45 4.4
posteriorcingulate 1473 1007 2672 2.449 0.606 0.120 0.021 16 1.3
precentral 6691 4301 12809 2.703 0.530 0.102 0.018 50 5.1
precuneus 5085 3516 9604 2.464 0.550 0.126 0.024 56 4.8
rostralanteriorcingulate 855 587 1857 2.762 0.725 0.106 0.018 7 0.6
rostralmiddlefrontal 4775 3603 9578 2.336 0.566 0.147 0.034 68 7.3
superiorfrontal 11306 8139 25490 2.767 0.594 0.127 0.026 124 12.8
superiorparietal 5482 3819 8661 2.051 0.478 0.116 0.020 57 4.9
superiortemporal 5847 3892 14320 3.095 0.634 0.102 0.019 47 4.4
supramarginal 4257 2997 8504 2.559 0.484 0.122 0.024 43 4.1
transversetemporal 354 242 720 2.698 0.372 0.131 0.022 4 0.3
insula 2500 1652 5610 3.244 0.741 0.101 0.020 17 1.9
