StructName NumVert SurfArea GrayVol ThickAvg ThickStd MeanCurv GausCurv FoldInd CurvInd
caudalanteriorcingulate 1071 763 2438 2.760 0.706 0.133 0.021 14 1.1
caudalmiddlefrontal 3554 2395 6745 2.570 0.459 0.109 0.020 32 3.0
cuneus 2687 1937 3914 1.912 0.518 0.151 0.032 38 3.6
entorhinal 597 402 1986 3.348 0.847 0.114 0.021 4 0.5
fusiform 3444 2261 7089 2.704 0.583 0.117 0.021 33 3.0
inferiorparietal 8298 5802 16066 2.496 0.458 0.119 0.022 90 7.8
inferiortemporal 4413 3207 11476 2.866 0.687 0.135 0.030 56 5.6
isthmuscingulate 1252 861 2330 2.413 0.706 0.120 0.026 14 1.2
lateraloccipital 6303 4414 11126 2.303 0.558 0.140 0.028 79 7.6
lateralorbitofrontal 3633 2811 7592 2.536 0.662 0.150 0.037 62 5.9
lingual 3735 2704 5666 2.036 0.687 0.137 0.033 44 5.2
medialorbitofrontal 2204 1654 5215 2.727 0.741 0.131 0.038 33 2.9
middletemporal 4710 3249 10976 2.845 0.566 0.112 0.020 44 3.8
parahippocampal 925 629 2232 2.875 0.976 0.120 0.027 11 1.0
paracentral 2075 1273 3846 2.657 0.616 0.098 0.019 14 1.6
parsopercularis 1933 1339 3869 2.586 0.423 0.107 0.019 19 1.5
parsorbitalis 1027 716 2216 2.774 0.560 0.124 0.022 10 1.0
parstriangularis 1927 1304 3793 2.494 0.459 0.113 0.020 18 1.6
pericalcarine 2247 1591 2042 1.514 0.461 0.127 0.027 21 2.7
postcentral 5772 3772 8604 2.048 0.610 0.102 0.017 44 4.3
posteriorcingulate 1463 978 2606 2.490 0.636 0.119 0.020 16 1.2
precentral 6842 4304 12792 2.711 0.509 0.099 0.017 49 5.1
precuneus 5051 3481 9609 2.519 0.531 0.128 0.025 57 5.4
rostralanteriorcingulate 889 626 1916 2.739 0.748 0.105 0.019 7 0.7
rostralmiddlefrontal 4840 3640 9529 2.307 0.543 0.146 0.035 70 7.2
superiorfrontal 11466 8270 25774 2.754 0.589 0.128 0.027 136 13.5
superiorparietal 5661 3871 8734 2.078 0.468 0.115 0.021 59 5.1
superiortemporal 5916 3869 14464 3.144 0.645 0.100 0.019 44 4.5
supramarginal 4294 2995 8390 2.530 0.449 0.120 0.024 46 4.2
transversetemporal 368 241 727 2.748 0.447 0.126 0.021 5 0.3
insula 2580 1729 5633 3.145 0.751 0.105 0.021 21 2.1
