StructName NumVert SurfArea GrayVol ThickAvg ThickStd MeanCurv GausCurv FoldInd CurvInd
caudalanteriorcingulate 1050 741 2381 2.745 0.711 0.134 0.021 14 1.0
caudalmiddlefrontal 3544 2403 6729 2.575 0.488 0.110 0.021 30 3.1
cuneus 2675 1950 4025 1.936 0.566 0.150 0.031 36 3.5
entorhinal 562 369 1600 3.011 0.974 0.103 0.026 3 0.6
fusiform 3524 2344 7335 2.639 0.582 0.121 0.024 36 3.5
inferiorparietal 8314 5773 15921 2.476 0.472 0.117 0.022 88 7.6
inferiortemporal 4120 3040 10580 2.808 0.718 0.139 0.033 54 5.9
isthmuscingulate 1306 872 2456 2.518 0.683 0.115 0.025 13 1.3
lateraloccipital 6339 4433 11309 2.351 0.552 0.141 0.029 77 7.9
lateralorbitofrontal 3311 2529 7055 2.454 0.734 0.153 0.038 69 5.9
lingual 3849 2723 5734 2.056 0.685 0.134 0.032 45 5.1
medialorbitofrontal 2046 1531 5104 2.803 0.763 0.130 0.034 31 2.9
middletemporal 4675 3214 10796 2.842 0.580 0.115 0.021 45 4.3
parahippocampal 861 579 2026 2.910 1.011 0.116 0.031 12 1.1
paracentral 2008 1273 3748 2.598 0.598 0.101 0.021 13 1.7
parsopercularis 1905 1300 3805 2.627 0.497 0.104 0.018 17 1.4
parsorbitalis 1005 741 2036 2.455 0.595 0.128 0.027 10 1.1
parstriangularis 1859 1286 3603 2.402 0.491 0.117 0.022 20 1.5
pericalcarine 2270 1575 2002 1.513 0.500 0.126 0.028 21 2.8
postcentral 5861 3770 8577 2.053 0.619 0.101 0.017 45 4.3
posteriorcingulate 1507 1016 2776 2.534 0.580 0.119 0.020 17 1.4
precentral 6679 4287 12718 2.688 0.538 0.102 0.018 48 5.1
precuneus 4970 3403 9368 2.488 0.557 0.123 0.023 51 4.7
rostralanteriorcingulate 905 620 1919 2.704 0.758 0.107 0.023 9 0.8
rostralmiddlefrontal 4776 3570 9373 2.244 0.581 0.144 0.032 65 6.8
superiorfrontal 11498 8172 25310 2.719 0.615 0.126 0.026 129 12.9
superiorparietal 5658 3891 8866 2.073 0.490 0.115 0.020 59 5.0
superiortemporal 5969 3936 13598 2.957 0.624 0.106 0.024 50 5.8
supramarginal 4237 2919 8415 2.592 0.500 0.120 0.023 44 4.1
transversetemporal 359 259 699 2.604 0.447 0.142 0.024 5 0.4
insula 2534 1698 5619 3.208 0.734 0.109 0.022 19 2.3
