StructName NumVert SurfArea GrayVol ThickAvg ThickStd MeanCurv GausCurv FoldInd CurvInd
caudalanteriorcingulate 1056 755 2466 2.794 0.733 0.132 0.024 14 1.1
caudalmiddlefrontal 3503 2375 6713 2.590 0.525 0.115 0.022 32 3.2
cuneus 2643 1960 3971 1.898 0.575 0.154 0.033 36 3.7
entorhinal 620 402 1933 3.235 0.700 0.110 0.025 4 0.6
fusiform 3387 2231 7143 2.700 0.586 0.119 0.022 35 2.9
inferiorparietal 8183 5726 15741 2.465 0.527 0.120 0.023 87 8.1
inferiortemporal 4271 3129 11467 2.928 0.714 0.139 0.030 55 5.4
isthmuscingulate 1266 858 2455 2.525 0.660 0.120 0.024 13 1.2
lateraloccipital 6365 4469 11523 2.334 0.589 0.142 0.030 81 8.1
lateralorbitofrontal 3490 2677 7381 2.518 0.642 0.150 0.036 60 5.6
lingual 3730 2680 5806 2.066 0.689 0.136 0.033 44 5.1
medialorbitofrontal 2187 1638 5231 2.792 0.750 0.132 0.037 32 3.2
middletemporal 4611 3204 10870 2.827 0.595 0.116 0.022 45 4.7
parahippocampal 979 647 2335 2.879 0.955 0.117 0.028 14 1.1
paracentral 2048 1312 3742 2.552 0.654 0.106 0.023 16 1.9
parsopercularis 1846 1281 3936 2.735 0.528 0.109 0.020 17 1.5
parsorbitalis 1041 738 2209 2.711 0.594 0.123 0.023 10 1.0
parstriangularis 1904 1293 3837 2.542 0.518 0.112 0.020 19 1.5
pericalcarine 2262 1585 2028 1.536 0.505 0.127 0.027 22 2.8
postcentral 5833 3786 8369 1.983 0.621 0.103 0.019 45 4.7
posteriorcingulate 1471 985 2723 2.569 0.619 0.116 0.020 15 1.3
precentral 6627 4237 12704 2.711 0.580 0.105 0.020 50 5.7
precuneus 4957 3421 9535 2.514 0.558 0.126 0.023 54 4.7
rostralanteriorcingulate 874 598 1872 2.736 0.759 0.105 0.018 7 0.6
rostralmiddlefrontal 4613 3485 9714 2.386 0.595 0.148 0.034 66 7.0
superiorfrontal 11370 8176 25982 2.823 0.618 0.128 0.027 122 13.5
superiorparietal 5582 3845 8786 2.065 0.526 0.115 0.021 58 4.9
superiortemporal 5827 3840 14040 3.047 0.649 0.104 0.021 49 4.9
supramarginal 4104 2874 8115 2.530 0.534 0.123 0.024 41 4.1
transversetemporal 353 240 678 2.633 0.443 0.136 0.032 4 0.5
insula 2537 1695 5612 3.200 0.735 0.105 0.023 18 2.2
