StructName NumVert SurfArea GrayVol ThickAvg ThickStd MeanCurv GausCurv FoldInd CurvInd
caudalanteriorcingulate 1054 749 2453 2.758 0.745 0.138 0.023 14 1.1
caudalmiddlefrontal 3519 2380 6734 2.585 0.521 0.114 0.023 31 3.2
cuneus 2614 1950 4069 1.903 0.578 0.156 0.033 37 3.6
entorhinal 593 411 1792 2.852 0.885 0.121 0.033 5 0.8
fusiform 3379 2278 6880 2.619 0.570 0.121 0.023 35 3.2
inferiorparietal 8169 5730 15316 2.401 0.523 0.120 0.022 85 7.9
inferiortemporal 4218 3091 10840 2.800 0.716 0.142 0.033 59 6.0
isthmuscingulate 1203 817 2339 2.549 0.734 0.122 0.025 12 1.2
lateraloccipital 6342 4441 11335 2.308 0.587 0.143 0.030 81 8.2
lateralorbitofrontal 3540 2726 7471 2.547 0.628 0.153 0.038 57 6.3
lingual 3833 2739 6024 2.082 0.724 0.136 0.033 45 5.4
medialorbitofrontal 2268 1639 5188 2.732 0.760 0.124 0.033 27 3.0
middletemporal 4636 3176 10807 2.792 0.639 0.115 0.021 45 4.3
parahippocampal 935 630 2189 2.782 0.816 0.124 0.030 15 1.0
paracentral 2029 1294 3733 2.549 0.699 0.103 0.023 14 2.0
parsopercularis 1878 1316 3888 2.656 0.491 0.112 0.020 20 1.5
parsorbitalis 1059 733 2302 2.805 0.590 0.123 0.021 10 1.1
parstriangularis 1877 1270 3724 2.504 0.505 0.110 0.019 17 1.4
pericalcarine 2183 1558 2095 1.578 0.471 0.125 0.027 21 2.5
postcentral 5817 3799 8160 1.963 0.648 0.103 0.018 43 4.6
posteriorcingulate 1422 983 2747 2.592 0.609 0.121 0.019 17 1.2
precentral 6714 4216 12366 2.646 0.576 0.101 0.019 48 5.3
precuneus 4941 3425 9296 2.449 0.590 0.127 0.026 52 5.3
rostralanteriorcingulate 858 585 1843 2.715 0.757 0.106 0.022 8 0.8
rostralmiddlefrontal 4805 3559 9718 2.332 0.617 0.141 0.032 63 6.7
superiorfrontal 11480 8107 25859 2.785 0.646 0.126 0.026 123 13.0
superiorparietal 5552 3850 8414 1.980 0.546 0.117 0.021 57 5.1
superiortemporal 5881 3896 13997 3.012 0.647 0.103 0.021 49 4.8
supramarginal 4137 2878 8161 2.540 0.538 0.122 0.023 42 4.0
transversetemporal 329 223 633 2.644 0.427 0.129 0.025 4 0.3
insula 2511 1663 5655 3.286 0.750 0.103 0.020 17 2.0
