StructName NumVert SurfArea GrayVol ThickAvg ThickStd MeanCurv GausCurv FoldInd CurvInd
caudalanteriorcingulate 1094 764 2368 2.655 0.677 0.136 0.023 16 1.1
caudalmiddlefrontal 3593 2409 6691 2.551 0.459 0.111 0.021 32 3.2
cuneus 2705 1950 4078 1.942 0.547 0.148 0.031 38 3.4
entorhinal 674 457 1812 2.942 0.885 0.119 0.028 6 0.7
fusiform 3430 2261 7164 2.683 0.599 0.117 0.022 33 3.1
inferiorparietal 8207 5689 15811 2.494 0.471 0.116 0.021 87 7.5
inferiortemporal 4331 3183 11104 2.845 0.645 0.138 0.029 59 5.4
isthmuscingulate 1304 898 2435 2.491 0.706 0.127 0.028 15 1.4
lateraloccipital 6338 4425 11453 2.339 0.563 0.143 0.030 82 8.5
lateralorbitofrontal 3662 2806 7499 2.515 0.611 0.148 0.036 55 5.8
lingual 3708 2626 5883 2.140 0.680 0.134 0.030 43 4.7
medialorbitofrontal 2197 1595 5133 2.768 0.729 0.128 0.036 34 3.2
middletemporal 4817 3320 11085 2.793 0.610 0.114 0.020 47 4.2
parahippocampal 952 637 2150 2.837 0.911 0.125 0.034 19 1.4
paracentral 2051 1268 3816 2.650 0.583 0.100 0.022 13 1.7
parsopercularis 1958 1299 3944 2.655 0.502 0.103 0.018 19 1.5
parsorbitalis 1041 731 2154 2.683 0.528 0.126 0.023 11 1.0
parstriangularis 1880 1278 3715 2.517 0.484 0.110 0.020 18 1.5
pericalcarine 2201 1567 2155 1.608 0.491 0.128 0.027 20 2.7
postcentral 5730 3733 8658 2.106 0.610 0.103 0.018 46 4.5
posteriorcingulate 1478 1011 2660 2.461 0.539 0.121 0.020 19 1.2
precentral 6742 4232 12830 2.730 0.549 0.099 0.018 48 5.0
precuneus 5018 3479 9692 2.510 0.551 0.127 0.024 58 5.2
rostralanteriorcingulate 917 619 1926 2.730 0.764 0.105 0.020 8 0.7
rostralmiddlefrontal 4873 3656 9607 2.298 0.557 0.143 0.031 66 6.3
superiorfrontal 11612 8306 25689 2.741 0.583 0.127 0.026 145 13.1
superiorparietal 5621 3887 8983 2.112 0.443 0.116 0.020 61 4.9
superiortemporal 5930 3876 14020 3.063 0.624 0.099 0.019 45 4.3
supramarginal 4335 2977 8396 2.554 0.466 0.119 0.023 43 4.2
transversetemporal 363 236 690 2.688 0.430 0.123 0.028 4 0.4
insula 2554 1690 5654 3.209 0.735 0.108 0.021 19 2.3
