StructName NumVert SurfArea GrayVol ThickAvg ThickStd MeanCurv GausCurv FoldInd CurvInd
caudalanteriorcingulate 1051 748 2319 2.618 0.684 0.136 0.023 15 1.1
caudalmiddlefrontal 3398 2331 6252 2.389 0.526 0.114 0.021 32 3.0
cuneus 2754 1977 3802 1.841 0.535 0.149 0.030 37 3.5
entorhinal 580 382 1812 3.243 0.804 0.118 0.022 4 0.6
fusiform 3488 2305 7265 2.722 0.593 0.118 0.022 35 3.2
inferiorparietal 8223 5746 15826 2.493 0.484 0.117 0.021 83 7.5
inferiortemporal 4338 3171 11182 2.912 0.672 0.137 0.029 53 5.7
isthmuscingulate 1256 850 2330 2.444 0.726 0.121 0.025 13 1.2
lateraloccipital 6616 4472 11298 2.314 0.586 0.137 0.029 79 8.1
lateralorbitofrontal 3431 2680 7509 2.542 0.663 0.157 0.042 62 6.6
lingual 3843 2747 5518 1.969 0.647 0.136 0.032 44 5.3
medialorbitofrontal 2116 1580 5040 2.686 0.784 0.130 0.035 36 2.8
middletemporal 4756 3225 11065 2.871 0.582 0.112 0.020 46 3.9
parahippocampal 1003 654 2260 2.881 0.957 0.120 0.029 16 0.9
paracentral 1968 1220 3604 2.596 0.583 0.097 0.019 12 1.5
parsopercularis 1873 1294 3820 2.573 0.582 0.104 0.018 16 1.4
parsorbitalis 961 684 2035 2.663 0.555 0.122 0.021 9 0.9
parstriangularis 1876 1299 3707 2.443 0.504 0.114 0.020 19 1.5
pericalcarine 2280 1578 1945 1.460 0.514 0.127 0.028 22 2.9
postcentral 5755 3751 8474 2.032 0.597 0.102 0.017 44 4.4
posteriorcingulate 1478 1002 2668 2.417 0.601 0.122 0.022 17 1.3
precentral 6631 4256 12720 2.678 0.531 0.101 0.017 47 5.0
precuneus 5017 3453 9635 2.510 0.556 0.128 0.025 56 5.1
rostralanteriorcingulate 873 598 1828 2.652 0.786 0.103 0.020 7 0.7
rostralmiddlefrontal 4517 3486 8766 2.153 0.590 0.151 0.035 67 6.9
superiorfrontal 10919 8079 23726 2.526 0.618 0.132 0.028 126 13.9
superiorparietal 5618 3873 8919 2.100 0.506 0.116 0.021 58 5.2
superiortemporal 5838 3813 14019 3.099 0.657 0.099 0.017 44 3.9
supramarginal 4249 2941 8421 2.578 0.505 0.122 0.024 43 4.2
transversetemporal 333 224 659 2.667 0.444 0.124 0.025 4 0.3
insula 2503 1656 5531 3.161 0.795 0.104 0.020 18 2.0
