StructName NumVert SurfArea GrayVol ThickAvg ThickStd MeanCurv GausCurv FoldInd CurvInd
caudalanteriorcingulate 1005 709 2342 2.850 0.688 0.134 0.023 13 1.1
caudalmiddlefrontal 3544 2367 6644 2.568 0.486 0.111 0.022 32 3.1
cuneus 2640 1925 3843 1.905 0.515 0.152 0.033 36 3.8
entorhinal 668 434 1966 3.225 0.893 0.099 0.018 4 0.5
fusiform 3451 2232 7102 2.704 0.597 0.118 0.020 35 2.8
inferiorparietal 8077 5735 15870 2.506 0.465 0.120 0.022 86 7.8
inferiortemporal 4240 3111 11406 2.902 0.707 0.135 0.027 52 4.9
isthmuscingulate 1245 848 2344 2.499 0.706 0.123 0.026 15 1.2
lateraloccipital 6427 4447 11355 2.325 0.534 0.140 0.029 78 8.1
lateralorbitofrontal 3656 2842 7667 2.501 0.621 0.151 0.036 60 6.0
lingual 3779 2667 5649 2.014 0.699 0.132 0.031 42 4.8
medialorbitofrontal 2148 1608 5194 2.766 0.756 0.125 0.031 33 2.6
middletemporal 4614 3221 10780 2.823 0.580 0.114 0.020 43 4.0
parahippocampal 948 641 2262 2.953 0.985 0.115 0.027 11 1.0
paracentral 2033 1280 3745 2.602 0.600 0.101 0.021 15 1.7
parsopercularis 1942 1328 3932 2.666 0.470 0.106 0.019 21 1.4
parsorbitalis 1038 736 2217 2.717 0.534 0.124 0.022 11 1.0
parstriangularis 1871 1276 3750 2.517 0.509 0.112 0.019 18 1.4
pericalcarine 2214 1569 2001 1.539 0.492 0.128 0.028 21 2.7
postcentral 5777 3758 8456 2.042 0.609 0.102 0.017 45 4.4
posteriorcingulate 1398 959 2661 2.562 0.584 0.120 0.020 16 1.3
precentral 6750 4264 12844 2.733 0.525 0.100 0.018 47 5.2
precuneus 5017 3470 9530 2.474 0.550 0.127 0.024 57 5.1
rostralanteriorcingulate 865 606 1927 2.838 0.727 0.109 0.020 9 0.7
rostralmiddlefrontal 4834 3630 9773 2.338 0.570 0.144 0.031 69 6.5
superiorfrontal 11405 8195 25939 2.794 0.596 0.127 0.026 125 13.3
superiorparietal 5518 3868 8747 2.062 0.474 0.117 0.021 59 4.9
superiortemporal 5901 3842 14359 3.132 0.652 0.100 0.018 45 4.2
supramarginal 4213 2932 8342 2.563 0.487 0.121 0.023 43 4.1
transversetemporal 325 229 624 2.529 0.488 0.129 0.027 4 0.3
insula 2528 1670 5605 3.249 0.759 0.103 0.020 18 2.0
