StructName NumVert SurfArea GrayVol ThickAvg ThickStd MeanCurv GausCurv FoldInd CurvInd
caudalanteriorcingulate 1023 720 2312 2.820 0.740 0.137 0.026 14 1.2
caudalmiddlefrontal 3595 2445 6808 2.568 0.468 0.113 0.022 34 3.2
cuneus 2795 1991 3799 1.830 0.515 0.148 0.032 38 3.8
entorhinal 548 382 1638 3.187 0.707 0.109 0.021 4 0.5
fusiform 3475 2267 6731 2.573 0.536 0.116 0.022 37 3.2
inferiorparietal 8132 5743 15364 2.429 0.447 0.121 0.023 89 8.2
inferiortemporal 4320 3157 10219 2.715 0.618 0.137 0.032 63 5.8
isthmuscingulate 1260 841 2373 2.547 0.691 0.122 0.026 13 1.2
lateraloccipital 6365 4432 11120 2.281 0.520 0.143 0.031 81 8.4
lateralorbitofrontal 3391 2629 7405 2.611 0.624 0.155 0.036 59 5.7
lingual 3718 2569 5667 2.103 0.641 0.135 0.033 44 5.6
medialorbitofrontal 1979 1466 4882 2.857 0.794 0.124 0.030 28 2.3
middletemporal 4615 3291 10408 2.738 0.482 0.120 0.022 54 4.5
parahippocampal 1022 661 2233 2.795 0.767 0.112 0.023 12 0.9
paracentral 2026 1240 3547 2.551 0.633 0.099 0.023 14 1.8
parsopercularis 1884 1324 3857 2.639 0.408 0.110 0.020 21 1.5
parsorbitalis 955 693 1994 2.578 0.578 0.133 0.024 12 1.0
parstriangularis 1930 1333 3727 2.472 0.436 0.113 0.021 20 1.6
pericalcarine 2192 1542 2141 1.631 0.512 0.122 0.028 20 2.6
postcentral 5734 3762 8774 2.115 0.582 0.107 0.019 50 4.7
posteriorcingulate 1468 986 2780 2.588 0.621 0.120 0.020 17 1.3
precentral 6617 4264 12722 2.704 0.484 0.105 0.019 50 5.4
precuneus 4985 3480 9324 2.455 0.523 0.128 0.025 57 5.2
rostralanteriorcingulate 864 595 1954 2.910 0.771 0.109 0.022 8 0.7
rostralmiddlefrontal 4849 3644 9738 2.377 0.505 0.145 0.033 70 6.9
superiorfrontal 11336 8232 25532 2.795 0.555 0.131 0.027 135 13.7
superiorparietal 5593 3842 8977 2.110 0.477 0.117 0.022 61 5.4
superiortemporal 5821 3814 14001 3.104 0.625 0.101 0.019 43 4.3
supramarginal 4273 2956 8302 2.535 0.480 0.124 0.024 46 4.3
transversetemporal 342 226 686 2.745 0.345 0.129 0.030 4 0.5
insula 2608 1707 5528 3.066 0.731 0.105 0.020 20 2.1
