StructName NumVert SurfArea GrayVol ThickAvg ThickStd MeanCurv GausCurv FoldInd CurvInd
caudalanteriorcingulate 1037 745 2343 2.788 0.695 0.132 0.020 13 1.0
caudalmiddlefrontal 3445 2354 6097 2.458 0.453 0.114 0.023 32 3.1
cuneus 2762 1954 3664 1.824 0.553 0.146 0.033 37 3.8
entorhinal 569 374 1667 3.187 0.620 0.110 0.016 4 0.4
fusiform 3358 2265 7063 2.761 0.555 0.120 0.022 33 3.1
inferiorparietal 8027 5690 14869 2.404 0.450 0.118 0.022 90 7.5
inferiortemporal 3885 2949 10496 2.938 0.634 0.143 0.031 53 5.5
isthmuscingulate 1235 837 2445 2.615 0.787 0.119 0.027 13 1.2
lateraloccipital 6355 4333 10741 2.289 0.562 0.136 0.030 75 8.0
lateralorbitofrontal 3487 2639 7295 2.554 0.662 0.144 0.031 54 4.7
lingual 3912 2778 5525 1.997 0.650 0.140 0.037 53 5.8
medialorbitofrontal 1969 1441 4803 2.868 0.846 0.129 0.036 46 3.3
middletemporal 4559 3203 10695 2.837 0.597 0.113 0.021 43 4.2
parahippocampal 946 626 2170 2.922 1.029 0.110 0.024 11 0.8
paracentral 2117 1274 3703 2.599 0.636 0.094 0.019 14 1.6
parsopercularis 1818 1284 3693 2.605 0.483 0.106 0.019 17 1.4
parsorbitalis 961 697 1923 2.562 0.546 0.129 0.024 11 1.0
parstriangularis 1859 1294 3519 2.414 0.472 0.116 0.021 20 1.6
pericalcarine 2156 1522 1860 1.448 0.495 0.128 0.028 20 2.7
postcentral 5396 3625 7907 2.025 0.622 0.104 0.018 43 4.0
posteriorcingulate 1448 981 2711 2.528 0.693 0.116 0.017 17 1.1
precentral 6331 4112 11767 2.604 0.518 0.103 0.018 50 5.0
precuneus 4810 3330 9142 2.490 0.607 0.125 0.023 51 4.5
rostralanteriorcingulate 863 607 1960 2.821 0.786 0.105 0.019 7 0.6
rostralmiddlefrontal 4497 3387 8953 2.294 0.536 0.147 0.034 66 6.9
superiorfrontal 10689 7751 23561 2.704 0.646 0.126 0.027 116 12.3
superiorparietal 5405 3790 8080 1.979 0.461 0.118 0.021 59 4.9
superiortemporal 5692 3794 14049 3.126 0.623 0.098 0.017 41 3.9
supramarginal 3990 2791 7621 2.463 0.512 0.121 0.023 40 4.0
transversetemporal 355 232 712 2.791 0.391 0.117 0.025 4 0.3
insula 2478 1637 5587 3.298 0.758 0.103 0.020 20 2.0
