StructName NumVert SurfArea GrayVol ThickAvg ThickStd MeanCurv GausCurv FoldInd CurvInd
caudalanteriorcingulate 1458 1009 2548 2.318 0.539 0.130 0.023 21 1.4
caudalmiddlefrontal 2378 1596 3835 2.333 0.418 0.112 0.021 20 1.9
cuneus 3361 2263 4240 1.697 0.501 0.141 0.034 42 4.5
entorhinal 477 331 2028 3.848 0.658 0.105 0.029 4 0.4
fusiform 4487 3005 8991 2.681 0.588 0.113 0.023 47 4.2
inferiorparietal 7453 5194 12127 2.141 0.458 0.130 0.025 93 7.8
inferiortemporal 4262 2869 9162 2.702 0.603 0.113 0.022 42 3.8
isthmuscingulate 1460 976 2289 2.160 0.786 0.119 0.028 18 1.4
lateraloccipital 6716 4642 9272 1.909 0.482 0.147 0.032 92 9.0
lateralorbitofrontal 4353 3205 8818 2.563 0.565 0.149 0.039 70 7.4
lingual 5069 3537 7160 1.894 0.585 0.142 0.035 69 7.3
medialorbitofrontal 2015 1449 4247 2.469 0.667 0.143 0.042 33 3.2
middletemporal 5126 3621 11135 2.700 0.570 0.125 0.025 62 5.3
parahippocampal 1118 691 2023 2.588 0.615 0.078 0.015 7 0.5
paracentral 2500 1547 3688 2.225 0.538 0.101 0.020 18 2.0
parsopercularis 2418 1576 4467 2.619 0.470 0.102 0.019 19 1.8
parsorbitalis 955 665 2121 2.562 0.514 0.121 0.022 10 0.9
parstriangularis 2517 1769 4597 2.344 0.471 0.125 0.027 28 2.9
pericalcarine 2451 1659 2194 1.514 0.413 0.135 0.033 25 3.5
postcentral 6917 4467 8865 1.872 0.522 0.112 0.023 63 6.6
posteriorcingulate 1923 1341 3340 2.283 0.645 0.123 0.026 22 2.1
precentral 5752 3663 9219 2.352 0.473 0.105 0.020 45 4.6
precuneus 5824 3984 9110 2.174 0.516 0.123 0.025 63 5.9
rostralanteriorcingulate 1158 842 2488 2.798 0.662 0.126 0.026 13 1.3
rostralmiddlefrontal 5345 3920 9893 2.286 0.494 0.140 0.030 72 6.9
superiorfrontal 12043 8498 23971 2.548 0.526 0.129 0.028 139 14.3
superiorparietal 6561 4455 8543 1.813 0.430 0.124 0.023 71 6.3
superiortemporal 6596 4458 15595 3.011 0.682 0.117 0.023 64 6.3
supramarginal 5010 3453 8990 2.367 0.495 0.125 0.025 54 5.6
transversetemporal 518 313 883 2.441 0.361 0.116 0.027 5 0.5
insula 3074 2011 6335 3.117 0.736 0.104 0.023 22 2.8
