StructName NumVert SurfArea GrayVol ThickAvg ThickStd MeanCurv GausCurv FoldInd CurvInd
caudalanteriorcingulate 1387 954 2455 2.362 0.494 0.128 0.021 18 1.3
caudalmiddlefrontal 2397 1586 3928 2.360 0.437 0.110 0.020 20 2.0
cuneus 3365 2291 4828 1.844 0.603 0.142 0.031 41 4.2
entorhinal 504 332 1914 3.581 0.805 0.104 0.031 5 0.5
fusiform 4475 2918 9406 2.752 0.657 0.108 0.020 42 3.8
inferiorparietal 7818 5362 14004 2.298 0.567 0.128 0.025 90 8.1
inferiortemporal 4399 2945 9874 2.779 0.649 0.113 0.022 44 3.9
isthmuscingulate 1453 967 2305 2.190 0.804 0.119 0.030 18 1.4
lateraloccipital 6896 4748 10323 2.016 0.554 0.145 0.032 91 9.2
lateralorbitofrontal 4352 3167 8455 2.416 0.573 0.142 0.035 66 6.3
lingual 5073 3515 7655 1.946 0.651 0.139 0.034 66 6.7
medialorbitofrontal 2091 1505 4307 2.510 0.676 0.129 0.030 30 2.7
middletemporal 5222 3643 11702 2.755 0.593 0.125 0.024 67 5.1
parahippocampal 1148 715 1967 2.421 0.556 0.084 0.016 9 0.6
paracentral 2513 1575 3834 2.274 0.528 0.103 0.018 18 1.9
parsopercularis 2369 1548 4491 2.654 0.513 0.103 0.019 18 1.8
parsorbitalis 1065 686 2232 2.620 0.601 0.115 0.019 10 0.9
parstriangularis 2779 1880 5007 2.345 0.496 0.121 0.023 29 2.6
pericalcarine 2464 1683 2112 1.467 0.361 0.135 0.032 26 3.3
postcentral 7283 4665 10231 1.981 0.571 0.111 0.021 66 6.5
posteriorcingulate 2001 1378 3479 2.316 0.652 0.122 0.023 22 2.0
precentral 5989 3781 9778 2.402 0.481 0.104 0.020 46 4.9
precuneus 5917 4048 9461 2.214 0.492 0.124 0.025 66 6.3
rostralanteriorcingulate 1212 831 2479 2.791 0.694 0.110 0.021 12 1.1
rostralmiddlefrontal 5645 4057 9659 2.152 0.473 0.134 0.027 71 6.2
superiorfrontal 12269 8617 23152 2.415 0.512 0.128 0.026 137 13.1
superiorparietal 6922 4628 9597 1.926 0.428 0.122 0.023 73 6.4
superiortemporal 6740 4496 16196 3.036 0.682 0.114 0.021 64 6.0
supramarginal 5201 3475 9689 2.470 0.546 0.118 0.022 52 5.0
transversetemporal 540 313 953 2.586 0.312 0.110 0.022 5 0.4
insula 3114 2028 6509 3.168 0.738 0.100 0.022 21 2.6
