StructName NumVert SurfArea GrayVol ThickAvg ThickStd MeanCurv GausCurv FoldInd CurvInd
caudalanteriorcingulate 1359 946 2565 2.599 0.445 0.135 0.022 20 1.4
caudalmiddlefrontal 2483 1614 4058 2.374 0.431 0.110 0.021 20 2.1
cuneus 3303 2273 4215 1.703 0.493 0.143 0.034 41 4.5
entorhinal 598 407 2162 3.436 1.015 0.136 0.041 42 0.9
fusiform 4433 2930 8483 2.560 0.602 0.112 0.023 49 4.3
inferiorparietal 7488 5274 12858 2.220 0.495 0.130 0.026 89 8.0
inferiortemporal 4257 2754 9031 2.747 0.622 0.106 0.021 40 3.5
isthmuscingulate 1384 949 2260 2.212 0.777 0.127 0.032 21 1.4
lateraloccipital 6728 4720 9637 1.937 0.504 0.147 0.034 88 9.5
lateralorbitofrontal 4135 3034 8544 2.608 0.576 0.148 0.037 65 6.7
lingual 4928 3500 7410 1.949 0.595 0.142 0.034 63 6.9
medialorbitofrontal 1854 1379 4166 2.679 0.716 0.133 0.034 25 2.6
middletemporal 5145 3705 11454 2.722 0.544 0.129 0.025 70 5.6
parahippocampal 1175 721 2051 2.529 0.607 0.078 0.015 6 0.5
paracentral 2580 1587 3619 2.181 0.540 0.105 0.021 18 2.3
parsopercularis 2419 1605 4543 2.639 0.457 0.107 0.020 20 1.9
parsorbitalis 1046 699 2186 2.521 0.555 0.113 0.019 10 0.8
parstriangularis 2499 1771 4437 2.289 0.444 0.126 0.027 27 3.1
pericalcarine 2258 1589 2207 1.583 0.407 0.140 0.032 25 3.3
postcentral 6940 4599 9397 1.931 0.516 0.115 0.023 66 6.6
posteriorcingulate 1897 1312 3376 2.348 0.645 0.124 0.023 19 1.9
precentral 5730 3709 9487 2.391 0.487 0.110 0.022 47 5.1
precuneus 5821 4016 9087 2.147 0.525 0.126 0.025 69 6.1
rostralanteriorcingulate 1106 799 2406 2.839 0.701 0.123 0.027 14 1.3
rostralmiddlefrontal 5292 3906 9994 2.369 0.458 0.139 0.030 70 6.9
superiorfrontal 12309 8554 24520 2.593 0.524 0.127 0.026 135 13.6
superiorparietal 6773 4599 9526 1.918 0.480 0.126 0.026 75 7.1
superiortemporal 6528 4452 15389 2.998 0.675 0.117 0.022 63 6.1
supramarginal 5066 3482 9118 2.406 0.475 0.123 0.024 54 5.3
transversetemporal 510 305 866 2.441 0.308 0.128 0.038 5 0.7
insula 3051 2028 6328 3.054 0.717 0.106 0.024 21 3.0
