StructName NumVert SurfArea GrayVol ThickAvg ThickStd MeanCurv GausCurv FoldInd CurvInd
caudalanteriorcingulate 1514 1045 2755 2.436 0.542 0.135 0.029 21 1.7
caudalmiddlefrontal 2387 1550 4433 2.507 0.617 0.108 0.023 19 2.2
cuneus 3172 2261 4695 1.850 0.566 0.143 0.034 41 4.1
entorhinal 497 360 2100 3.706 0.672 0.132 0.036 7 0.6
fusiform 4332 2863 9700 2.850 0.699 0.110 0.024 49 4.3
inferiorparietal 7616 5189 15405 2.362 0.699 0.127 0.026 95 8.2
inferiortemporal 4234 2900 10573 2.807 0.793 0.114 0.024 46 4.3
isthmuscingulate 1419 979 2437 2.233 0.836 0.121 0.032 18 1.4
lateraloccipital 6777 4669 11896 2.165 0.677 0.143 0.032 101 8.8
lateralorbitofrontal 4963 3527 10174 2.479 0.720 0.143 0.040 65 8.3
lingual 4941 3605 8011 2.059 0.644 0.147 0.038 73 7.6
medialorbitofrontal 2395 1636 4741 2.423 0.806 0.129 0.085 56 4.3
middletemporal 5427 3778 12648 2.726 0.726 0.126 0.029 75 6.6
parahippocampal 1133 694 2182 2.684 0.663 0.079 0.017 6 0.6
paracentral 2441 1639 4021 2.325 0.544 0.112 0.030 20 2.6
parsopercularis 2349 1533 4876 2.731 0.590 0.105 0.022 21 2.0
parsorbitalis 1117 694 2475 2.767 0.641 0.107 0.020 10 0.9
parstriangularis 2858 1935 5977 2.483 0.653 0.119 0.027 28 3.1
pericalcarine 2390 1691 2637 1.747 0.495 0.133 0.032 27 3.0
postcentral 7623 5009 11616 2.051 0.646 0.115 0.028 75 8.2
posteriorcingulate 1918 1336 3568 2.405 0.687 0.121 0.027 20 2.0
precentral 5956 3869 11016 2.517 0.580 0.108 0.025 47 5.8
precuneus 5847 4079 10105 2.278 0.553 0.123 0.027 70 6.1
rostralanteriorcingulate 1322 949 2750 2.623 0.651 0.129 0.035 16 1.8
rostralmiddlefrontal 6070 4310 12413 2.306 0.749 0.133 0.030 87 7.1
superiorfrontal 13383 9146 28015 2.585 0.634 0.126 0.029 158 15.1
superiorparietal 7078 4738 11265 2.057 0.546 0.120 0.025 76 6.8
superiortemporal 6992 4743 17960 2.964 0.847 0.120 0.030 77 8.0
supramarginal 5510 3774 11386 2.481 0.647 0.121 0.027 61 6.3
transversetemporal 526 340 1008 2.606 0.308 0.132 0.029 6 0.5
insula 3095 2048 6509 3.101 0.809 0.104 0.026 23 3.1
