StructName NumVert SurfArea GrayVol ThickAvg ThickStd MeanCurv GausCurv FoldInd CurvInd
caudalanteriorcingulate 1405 989 2570 2.504 0.485 0.134 0.021 19 1.4
caudalmiddlefrontal 2393 1571 4214 2.456 0.512 0.109 0.020 19 1.9
cuneus 3209 2218 4509 1.786 0.590 0.145 0.031 40 4.1
entorhinal 479 337 1906 3.664 0.701 0.116 0.027 5 0.4
fusiform 4492 3001 9333 2.711 0.674 0.111 0.021 46 4.1
inferiorparietal 7686 5235 13579 2.271 0.580 0.125 0.024 84 7.8
inferiortemporal 4394 2960 9862 2.794 0.646 0.112 0.021 43 3.9
isthmuscingulate 1343 929 2241 2.272 0.724 0.125 0.027 20 1.1
lateraloccipital 6905 4828 10159 1.984 0.542 0.147 0.033 95 9.2
lateralorbitofrontal 4239 3095 8443 2.496 0.583 0.143 0.035 61 6.6
lingual 4909 3507 7429 1.934 0.630 0.144 0.035 63 6.8
medialorbitofrontal 2085 1531 4332 2.452 0.668 0.130 0.029 29 2.7
middletemporal 5209 3624 11511 2.774 0.575 0.123 0.024 59 4.9
parahippocampal 1116 696 1995 2.520 0.682 0.081 0.016 7 0.6
paracentral 2469 1534 3712 2.296 0.522 0.100 0.017 16 1.7
parsopercularis 2353 1524 4469 2.660 0.520 0.100 0.018 17 1.6
parsorbitalis 1003 671 2184 2.633 0.570 0.116 0.018 9 0.7
parstriangularis 2644 1829 4832 2.323 0.487 0.122 0.024 26 2.7
pericalcarine 2381 1620 2076 1.475 0.357 0.133 0.032 25 3.1
postcentral 7301 4747 10154 1.950 0.602 0.111 0.021 66 6.6
posteriorcingulate 1872 1281 3386 2.415 0.617 0.120 0.022 20 1.8
precentral 5996 3782 9751 2.408 0.507 0.103 0.017 45 4.5
precuneus 5864 4005 9342 2.216 0.520 0.123 0.024 64 5.8
rostralanteriorcingulate 1178 823 2445 2.837 0.630 0.116 0.023 11 1.2
rostralmiddlefrontal 5616 4068 9776 2.199 0.494 0.134 0.027 69 6.3
superiorfrontal 12334 8614 24040 2.484 0.551 0.126 0.025 132 12.9
superiorparietal 6867 4630 9494 1.906 0.457 0.122 0.022 71 6.4
superiortemporal 6567 4465 16188 3.073 0.705 0.116 0.021 64 5.8
supramarginal 5143 3480 9492 2.437 0.534 0.120 0.023 52 5.0
transversetemporal 537 327 893 2.405 0.332 0.116 0.023 5 0.4
insula 3123 2037 6484 3.160 0.763 0.104 0.023 21 3.0
