StructName NumVert SurfArea GrayVol ThickAvg ThickStd MeanCurv GausCurv FoldInd CurvInd
caudalanteriorcingulate 1411 958 2530 2.485 0.466 0.132 0.021 21 1.3
caudalmiddlefrontal 2496 1627 4014 2.336 0.411 0.111 0.021 21 2.2
cuneus 3294 2252 4328 1.738 0.503 0.141 0.031 40 4.2
entorhinal 455 310 1945 3.998 0.703 0.111 0.029 5 0.6
fusiform 4471 2959 8837 2.652 0.539 0.108 0.021 45 3.8
inferiorparietal 7346 5166 12199 2.174 0.457 0.130 0.025 88 7.7
inferiortemporal 4085 2797 9019 2.685 0.604 0.112 0.021 41 3.3
isthmuscingulate 1387 932 2270 2.237 0.804 0.123 0.028 18 1.3
lateraloccipital 6709 4644 9628 1.970 0.467 0.147 0.033 95 8.9
lateralorbitofrontal 4360 3180 8722 2.539 0.537 0.146 0.037 61 7.3
lingual 4954 3454 7355 1.951 0.574 0.143 0.036 66 7.1
medialorbitofrontal 2131 1503 4569 2.604 0.698 0.131 0.035 29 3.1
middletemporal 5118 3695 11193 2.681 0.533 0.128 0.025 67 5.2
parahippocampal 1117 698 1974 2.499 0.562 0.079 0.016 6 0.5
paracentral 2518 1545 3754 2.270 0.535 0.102 0.018 17 1.8
parsopercularis 2363 1558 4428 2.629 0.435 0.105 0.019 20 1.8
parsorbitalis 1009 658 2037 2.539 0.525 0.115 0.020 9 0.8
parstriangularis 2699 1860 4901 2.355 0.435 0.122 0.024 27 2.8
pericalcarine 2364 1628 2214 1.544 0.364 0.134 0.034 27 3.4
postcentral 6979 4525 9346 1.917 0.516 0.112 0.021 64 6.3
posteriorcingulate 1907 1297 3329 2.359 0.656 0.119 0.023 20 1.8
precentral 5925 3753 9502 2.375 0.446 0.106 0.019 46 4.6
precuneus 5884 4007 9418 2.211 0.525 0.122 0.024 63 5.7
rostralanteriorcingulate 1137 796 2448 2.895 0.614 0.122 0.030 15 1.5
rostralmiddlefrontal 5715 4063 9993 2.255 0.476 0.134 0.027 77 6.6
superiorfrontal 12403 8585 24328 2.549 0.529 0.128 0.026 139 13.9
superiorparietal 6630 4504 9026 1.881 0.399 0.124 0.024 74 6.7
superiortemporal 6578 4441 15218 3.001 0.656 0.116 0.023 63 6.1
supramarginal 5052 3446 8913 2.352 0.471 0.124 0.023 56 5.3
transversetemporal 485 290 858 2.508 0.346 0.123 0.030 5 0.5
insula 3131 2082 6378 3.052 0.711 0.112 0.027 26 3.3
