StructName NumVert SurfArea GrayVol ThickAvg ThickStd MeanCurv GausCurv FoldInd CurvInd
caudalanteriorcingulate 1367 967 2445 2.401 0.481 0.132 0.020 19 1.2
caudalmiddlefrontal 2377 1562 4048 2.395 0.448 0.110 0.021 19 2.0
cuneus 3237 2206 4490 1.781 0.575 0.141 0.030 39 4.0
entorhinal 682 468 2160 3.215 0.992 0.129 0.036 9 1.0
fusiform 4425 2950 9242 2.712 0.661 0.113 0.021 44 4.0
inferiorparietal 7423 5201 13097 2.220 0.576 0.128 0.024 84 7.7
inferiortemporal 4352 2955 9677 2.745 0.651 0.114 0.023 41 4.1
isthmuscingulate 1380 965 2336 2.252 0.743 0.126 0.028 18 1.4
lateraloccipital 6561 4712 9708 1.966 0.520 0.149 0.032 89 8.8
lateralorbitofrontal 4172 3132 8658 2.588 0.609 0.149 0.038 63 6.7
lingual 4781 3452 7462 1.958 0.626 0.146 0.036 64 7.0
medialorbitofrontal 2055 1498 4313 2.533 0.641 0.127 0.032 25 2.6
middletemporal 5063 3611 11183 2.700 0.580 0.125 0.023 62 4.9
parahippocampal 1198 773 1933 2.290 0.681 0.104 0.039 14 1.9
paracentral 2498 1568 4030 2.344 0.562 0.102 0.018 17 1.8
parsopercularis 2320 1514 4450 2.677 0.534 0.102 0.018 17 1.7
parsorbitalis 1046 699 2279 2.644 0.577 0.116 0.019 10 0.8
parstriangularis 2739 1874 5175 2.401 0.516 0.119 0.023 26 2.5
pericalcarine 2398 1638 2139 1.497 0.373 0.132 0.029 26 2.9
postcentral 7108 4626 10068 1.967 0.588 0.110 0.020 63 5.9
posteriorcingulate 1859 1314 3285 2.310 0.619 0.124 0.022 21 1.8
precentral 5954 3767 9855 2.414 0.513 0.104 0.020 47 4.9
precuneus 5904 4066 9403 2.200 0.524 0.124 0.025 61 6.2
rostralanteriorcingulate 1113 796 2362 2.787 0.655 0.117 0.021 11 1.0
rostralmiddlefrontal 5633 4113 10214 2.245 0.515 0.136 0.027 72 6.4
superiorfrontal 12285 8625 24262 2.527 0.548 0.128 0.025 140 13.0
superiorparietal 6749 4606 9286 1.890 0.437 0.122 0.022 69 6.1
superiortemporal 6638 4515 16226 3.036 0.758 0.116 0.021 65 5.7
supramarginal 5084 3454 9689 2.449 0.586 0.119 0.022 51 4.7
transversetemporal 490 308 829 2.362 0.360 0.122 0.027 5 0.5
insula 3101 2025 6433 3.166 0.735 0.102 0.023 21 2.8
