StructName NumVert SurfArea GrayVol ThickAvg ThickStd MeanCurv GausCurv FoldInd CurvInd
caudalanteriorcingulate 1368 971 2582 2.486 0.471 0.136 0.021 20 1.3
caudalmiddlefrontal 2362 1584 3849 2.296 0.455 0.113 0.023 20 2.3
cuneus 3361 2305 4521 1.754 0.531 0.141 0.034 40 4.6
entorhinal 518 362 1819 3.611 0.850 0.123 0.041 6 0.7
fusiform 4357 2928 8857 2.687 0.585 0.112 0.023 48 4.2
inferiorparietal 7507 5299 12629 2.202 0.470 0.130 0.026 86 8.2
inferiortemporal 4048 2760 9164 2.756 0.623 0.114 0.021 42 3.4
isthmuscingulate 1406 961 2371 2.318 0.840 0.122 0.030 17 1.3
lateraloccipital 6846 4775 9952 1.990 0.503 0.147 0.034 95 9.4
lateralorbitofrontal 4338 3221 8681 2.514 0.581 0.150 0.041 62 7.7
lingual 5001 3582 7564 1.939 0.600 0.144 0.035 65 7.2
medialorbitofrontal 1934 1404 4360 2.616 0.779 0.142 0.037 29 3.4
middletemporal 5151 3661 11108 2.677 0.550 0.125 0.024 64 5.0
parahippocampal 1128 694 2118 2.662 0.633 0.080 0.015 6 0.6
paracentral 2549 1593 3643 2.170 0.531 0.105 0.022 18 2.2
parsopercularis 2410 1590 4549 2.635 0.458 0.104 0.019 18 1.9
parsorbitalis 988 702 2269 2.549 0.624 0.124 0.022 10 0.9
parstriangularis 2467 1763 4551 2.291 0.486 0.128 0.030 27 3.1
pericalcarine 2404 1648 2161 1.513 0.381 0.136 0.033 27 3.4
postcentral 6697 4560 9371 1.934 0.520 0.120 0.026 67 7.4
posteriorcingulate 1859 1282 3289 2.350 0.738 0.123 0.024 20 1.9
precentral 5638 3699 9393 2.386 0.504 0.108 0.022 45 5.0
precuneus 5881 4126 9572 2.192 0.525 0.126 0.027 67 6.7
rostralanteriorcingulate 1133 796 2462 2.916 0.653 0.119 0.025 13 1.2
rostralmiddlefrontal 5262 3908 10155 2.286 0.547 0.143 0.033 74 7.3
superiorfrontal 11662 8429 24226 2.559 0.574 0.134 0.031 141 15.8
superiorparietal 6454 4524 9224 1.908 0.458 0.128 0.027 74 7.4
superiortemporal 6288 4351 14899 2.991 0.657 0.119 0.023 64 5.9
supramarginal 4849 3417 8922 2.369 0.495 0.127 0.026 55 5.8
transversetemporal 537 325 976 2.530 0.339 0.124 0.031 6 0.6
insula 3080 2056 6310 3.049 0.762 0.109 0.026 23 3.3
