StructName NumVert SurfArea GrayVol ThickAvg ThickStd MeanCurv GausCurv FoldInd CurvInd
caudalanteriorcingulate 1469 995 2560 2.377 0.504 0.131 0.021 20 1.4
caudalmiddlefrontal 2437 1598 3996 2.365 0.413 0.110 0.021 20 2.1
cuneus 3285 2220 4328 1.745 0.511 0.138 0.032 39 4.2
entorhinal 532 366 2287 3.801 0.797 0.112 0.031 5 0.5
fusiform 4400 2957 8630 2.570 0.558 0.111 0.022 45 4.0
inferiorparietal 7506 5203 12730 2.211 0.480 0.128 0.025 89 7.7
inferiortemporal 4315 2848 9233 2.701 0.645 0.110 0.021 42 3.7
isthmuscingulate 1386 942 2275 2.246 0.761 0.122 0.027 17 1.2
lateraloccipital 6949 4770 10150 1.993 0.519 0.145 0.033 91 9.4
lateralorbitofrontal 4323 3168 8509 2.513 0.534 0.143 0.036 62 6.7
lingual 5034 3496 7441 1.949 0.578 0.139 0.033 65 6.6
medialorbitofrontal 2031 1486 4079 2.430 0.632 0.138 0.035 30 2.9
middletemporal 5031 3566 11022 2.699 0.567 0.126 0.025 61 5.4
parahippocampal 1162 721 2152 2.609 0.620 0.082 0.015 7 0.6
paracentral 2508 1554 3546 2.153 0.553 0.103 0.019 17 2.0
parsopercularis 2395 1573 4483 2.621 0.425 0.106 0.019 20 1.8
parsorbitalis 1029 698 2101 2.463 0.506 0.120 0.021 11 1.0
parstriangularis 2530 1786 4512 2.268 0.414 0.125 0.027 28 3.1
pericalcarine 2360 1621 2210 1.576 0.412 0.134 0.032 25 3.2
postcentral 7147 4621 9534 1.925 0.519 0.110 0.022 64 6.5
posteriorcingulate 1951 1324 3382 2.343 0.641 0.118 0.024 22 1.8
precentral 5906 3768 9659 2.399 0.470 0.107 0.020 47 4.9
precuneus 5806 3974 9086 2.138 0.501 0.122 0.024 65 5.7
rostralanteriorcingulate 1154 841 2405 2.751 0.651 0.128 0.030 14 1.5
rostralmiddlefrontal 5501 4011 10018 2.293 0.457 0.136 0.028 75 6.3
superiorfrontal 12417 8616 24617 2.540 0.529 0.128 0.026 146 13.6
superiorparietal 6832 4515 9679 1.960 0.464 0.121 0.024 72 6.4
superiortemporal 6549 4452 15456 2.982 0.693 0.117 0.023 64 6.3
supramarginal 4981 3413 8862 2.376 0.479 0.123 0.025 61 5.1
transversetemporal 507 294 858 2.454 0.354 0.116 0.032 5 0.6
insula 3047 2056 6185 2.985 0.722 0.108 0.026 25 3.0
