StructName NumVert SurfArea GrayVol ThickAvg ThickStd MeanCurv GausCurv FoldInd CurvInd
caudalanteriorcingulate 1393 972 2586 2.450 0.553 0.130 0.017 20 1.1
caudalmiddlefrontal 2457 1638 3868 2.278 0.393 0.110 0.020 22 2.0
cuneus 3421 2261 4272 1.723 0.496 0.136 0.029 40 4.1
entorhinal 500 329 1952 3.841 0.852 0.105 0.028 4 0.5
fusiform 4524 2973 9071 2.738 0.542 0.105 0.019 49 3.5
inferiorparietal 7494 5263 12044 2.125 0.412 0.129 0.025 96 7.9
inferiortemporal 4037 2782 8934 2.769 0.558 0.111 0.020 40 3.3
isthmuscingulate 1418 963 2323 2.251 0.825 0.126 0.029 20 1.4
lateraloccipital 6749 4668 9750 1.971 0.506 0.144 0.032 95 8.7
lateralorbitofrontal 4293 3139 8967 2.668 0.508 0.143 0.033 67 6.3
lingual 5126 3550 7399 1.916 0.613 0.138 0.034 66 7.1
medialorbitofrontal 2192 1526 4294 2.487 0.645 0.122 0.029 28 2.6
middletemporal 5003 3624 10859 2.668 0.539 0.128 0.025 72 5.4
parahippocampal 1146 704 2191 2.748 0.661 0.081 0.014 7 0.6
paracentral 2582 1568 3696 2.245 0.535 0.099 0.016 18 1.7
parsopercularis 2331 1542 4378 2.643 0.432 0.106 0.019 21 1.7
parsorbitalis 986 664 2083 2.554 0.518 0.114 0.019 9 0.8
parstriangularis 2578 1826 4731 2.338 0.443 0.124 0.026 27 2.7
pericalcarine 2550 1746 2262 1.490 0.383 0.135 0.033 27 3.5
postcentral 6786 4449 8957 1.890 0.507 0.111 0.020 63 6.0
posteriorcingulate 1938 1311 3406 2.358 0.686 0.115 0.020 20 1.7
precentral 5755 3687 9228 2.333 0.460 0.103 0.018 45 4.3
precuneus 5845 4032 9318 2.213 0.559 0.121 0.023 63 5.9
rostralanteriorcingulate 1142 799 2455 2.908 0.643 0.118 0.022 11 1.1
rostralmiddlefrontal 5862 4119 9999 2.255 0.440 0.131 0.027 78 6.4
superiorfrontal 12455 8620 23802 2.490 0.510 0.124 0.023 143 12.1
superiorparietal 6643 4495 8831 1.851 0.381 0.122 0.022 73 6.1
superiortemporal 6315 4308 15277 3.059 0.683 0.114 0.021 64 5.5
supramarginal 4992 3466 8650 2.294 0.466 0.121 0.023 53 5.1
transversetemporal 519 332 895 2.386 0.363 0.126 0.031 5 0.6
insula 3089 2040 6473 3.155 0.743 0.101 0.022 24 2.6
