StructName NumVert SurfArea GrayVol ThickAvg ThickStd MeanCurv GausCurv FoldInd CurvInd
caudalanteriorcingulate 1318 929 2447 2.448 0.480 0.140 0.022 20 1.3
caudalmiddlefrontal 2432 1592 3862 2.310 0.414 0.112 0.021 21 2.1
cuneus 3325 2240 4180 1.714 0.470 0.140 0.032 39 4.3
entorhinal 449 301 1823 3.761 0.855 0.107 0.025 4 0.4
fusiform 4454 2976 8820 2.636 0.532 0.110 0.022 46 4.1
inferiorparietal 7430 5162 12176 2.148 0.477 0.128 0.025 86 7.9
inferiortemporal 4091 2812 9020 2.675 0.594 0.113 0.021 44 3.5
isthmuscingulate 1356 928 2248 2.271 0.764 0.125 0.029 18 1.3
lateraloccipital 6694 4693 9695 1.965 0.489 0.147 0.032 94 8.9
lateralorbitofrontal 4361 3167 8568 2.521 0.560 0.148 0.039 67 7.3
lingual 4973 3470 7370 1.934 0.583 0.140 0.033 64 6.5
medialorbitofrontal 2097 1485 4431 2.568 0.692 0.133 0.034 39 3.1
middletemporal 5195 3743 11108 2.646 0.536 0.126 0.025 65 5.3
parahippocampal 1110 692 1970 2.505 0.599 0.084 0.018 9 0.7
paracentral 2432 1512 3627 2.234 0.538 0.100 0.019 16 1.8
parsopercularis 2409 1561 4397 2.613 0.446 0.104 0.019 20 1.8
parsorbitalis 1009 676 2076 2.522 0.560 0.114 0.018 9 0.8
parstriangularis 2612 1845 4789 2.329 0.447 0.124 0.027 29 2.9
pericalcarine 2438 1681 2224 1.528 0.395 0.136 0.032 29 3.4
postcentral 6928 4542 9172 1.888 0.516 0.113 0.023 64 6.7
posteriorcingulate 1933 1314 3324 2.304 0.648 0.122 0.026 23 2.1
precentral 5837 3782 9502 2.361 0.460 0.107 0.020 46 4.7
precuneus 5877 4039 9303 2.161 0.491 0.123 0.024 67 5.9
rostralanteriorcingulate 1159 822 2428 2.792 0.663 0.117 0.026 12 1.4
rostralmiddlefrontal 5641 4079 10058 2.225 0.501 0.136 0.029 75 6.8
superiorfrontal 12159 8538 23916 2.506 0.544 0.127 0.026 133 13.5
superiorparietal 6721 4548 9085 1.870 0.402 0.122 0.023 73 6.3
superiortemporal 6553 4471 15361 2.952 0.656 0.116 0.023 65 5.9
supramarginal 5093 3446 8800 2.322 0.464 0.120 0.023 53 5.2
transversetemporal 483 293 839 2.430 0.335 0.128 0.031 5 0.6
insula 3146 2046 6313 3.043 0.738 0.104 0.025 22 2.9
