session mist_left_amygdala mist_left_caudate_accumbens mist_left_hippocampus mist_left_pallidum mist_left_putamen mist_left_thalamus mist_right_amygdala mist_right_caudate_accumbens mist_right_hippocampus mist_right_pallidum mist_right_putamen mist_right_thalamus
03286_NOT1ACH001 03286_NOT1ACH001 2241.448278345494 3431.94698614341 2980.6716469094395 1321.8048517731331 3941.727854359965 6579.175487925317 2646.372456415812 3445.8878625769103 2844.5405488784313 1466.6573588226884 4051.6057890927705 6352.918351626877
03286_NOT2ING001 03286_NOT2ING001 2387.8283699262556 3391.450451831164 2869.510112517879 1372.6059458692707 3947.7648140208767 6711.344907181472 2679.5122097688463 3564.979922370041 2798.3576677696924 1433.961678992925 3960.246966280058 6564.622996421448
03286_NOT2ING002 03286_NOT2ING002 2387.8283699262556 3391.450451831164 2869.510112517879 1372.6059458692707 3947.7648140208767 6711.344907181472 2679.5122097688463 3564.979922370041 2798.3576677696924 1433.961678992925 3960.246966280058 6564.622996421448
03286_NOT3GEM001 03286_NOT3GEM001 2307.2283308440656 3394.505931288443 2907.185414052999 1270.9503243935799 4266.434033699827 6807.404035457812 2462.066742205358 3571.366475345851 2883.9701266339507 1487.0640001026436 4261.125679048526 6122.296050692832
03286_NOT3GEM002 03286_NOT3GEM002 2307.2283308440656 3394.505931288443 2907.185414052999 1270.9503243935799 4266.434033699827 6807.404035457812 2462.066742205358 3571.366475345851 2883.9701266339507 1487.0640001026436 4261.125679048526 6122.296050692832
03286_OXF1PRI001 03286_OXF1PRI001 2410.437436410976 3336.8985805941948 3045.364891099348 1355.956756963134 3855.304778195031 6532.71474418493 2413.3006321214893 3495.146303716644 2980.9231967662263 1465.7047907829522 3982.254218603749 6738.467372355011
03286_OXF2PRI001 03286_OXF2PRI001 2449.586268235607 3454.724418513103 2958.901730455984 1363.7895607658252 4011.6109541693886 6664.569941824533 2429.2252967683016 3541.7508074888765 2930.235909399832 1426.6237190567217 4009.34180025995 6700.704294118768
03286_OXF3TRI001 03286_OXF3TRI001 2256.209260437258 3375.579165641845 3086.4483642294404 1489.8028013605103 3834.370666969008 6574.157065490347 2676.491109620754 3425.932667221605 2895.2235565628807 1639.7180785386943 3969.973076354564 6586.941775354861
03997_NOT1ACH001 03997_NOT1ACH001 2264.833012408285 2936.5632725078804 2523.7834036252825 1275.0120537998255 3753.777680091225 6177.347624681071 2374.9447872524333 2605.5553844365177 2540.4570611477484 1383.7550292602514 3609.9781624476327 6309.3111310921395
03997_NOT2ING001 03997_NOT2ING001 2155.8894409073973 2889.9719031920404 2541.0317663552632 1294.6456630894468 3668.9123411299165 6356.057565613255 2518.469474161425 2724.7185689398984 2504.8786515655916 1382.8314954220577 3698.2855927545866 6036.368230891367
03997_NOT2ING002 03997_NOT2ING002 2155.8894409073973 2889.9719031920404 2541.0317663552632 1294.6456630894468 3668.9123411299165 6356.057565613255 2518.469474161425 2724.7185689398984 2504.8786515655916 1382.8314954220577 3698.2855927545866 6036.368230891367
03997_NOT3GEM001 03997_NOT3GEM001 2184.9467512672895 2956.6856683702063 2106.220828275812 1300.881730400409 4125.866720517629 6129.366560358662 2388.007347720189 2753.919349209511 2317.1409951267447 1391.8155929353677 3949.523399968445 5594.608719551226
03997_NOT3GEM002 03997_NOT3GEM002 2184.9467512672895 2956.6856683702063 2106.220828275812 1300.881730400409 4125.866720517629 6129.366560358662 2388.007347720189 2753.919349209511 2317.1409951267447 1391.8155929353677 3949.523399968445 5594.608719551226
03997_OXF1PRI001 03997_OXF1PRI001 2326.436345110969 2914.8862751197303 2675.055437914075 1336.1697835934447 3655.9788087267902 6244.8528579875165 2624.675640384963 2680.8563488283185 2502.8848784731326 1394.4874814942011 3684.7346903166404 6201.234251346908
03997_OXF2PRI001 03997_OXF2PRI001 2259.1541683498504 2869.2989191020474 2598.087631418989 1322.613889745303 3718.741910463059 6218.0714058837875 2526.8969282776143 2765.8674922549626 2537.5386085395826 1358.3569901702867 3638.7435592147963 6169.400328412194
03997_OXF3TRI001 03997_OXF3TRI001 2264.567695607757 2916.523903647468 2557.368032999835 1308.9129347772705 3699.6272551444868 6123.513330877004 2375.569738784291 2664.034337418557 2426.219048083146 1384.5886021569822 3651.940969156104 6113.645824623718
10975_NOT1ACH001 10975_NOT1ACH001 2428.6456616778996 3820.7196325053333 2331.4429796643335 1455.0027782461038 4471.406356164838 6770.999310910757 2617.589574226588 3443.491300893769 2749.6462218057072 1615.051886107538 4315.971704997518 6763.491715883607
10975_NOT2ING001 10975_NOT2ING001 2772.6980369062235 3913.845600606878 2667.802844447495 1442.4529639200086 4472.163357683559 6710.009707898858 2862.054108677491 3443.4403798460016 2883.3265934046376 1588.233123295497 4415.770811056161 6699.4503432985575
10975_NOT2ING002 10975_NOT2ING002 2772.6980369062235 3913.845600606878 2667.802844447495 1442.4529639200086 4472.163357683559 6710.009707898858 2862.054108677491 3443.4403798460016 2883.3265934046376 1588.233123295497 4415.770811056161 6699.4503432985575
10975_NOT3GEM001 10975_NOT3GEM001 2371.410661580836 3895.558153147508 2354.1364822257738 1457.5660741838215 4682.150531158303 6497.9077700360485 2893.234034425551 3558.2867353886013 2536.6242962198103 1609.3913533856562 4434.678486269765 6739.421244560444
10975_NOT3GEM002 10975_NOT3GEM002 2371.410661580836 3895.558153147508 2354.1364822257738 1457.5660741838215 4682.150531158303 6497.9077700360485 2893.234034425551 3558.2867353886013 2536.6242962198103 1609.3913533856562 4434.678486269765 6739.421244560444
10975_OXF1PRI001 10975_OXF1PRI001 2619.6276838390877 3784.3977203605627 2474.356025534379 1437.8992963270834 4352.132431000932 6733.74441024367 2944.124353723045 3537.5749422782264 2824.8745707660564 1586.3064478401093 4400.519302750676 7050.411821454289
10975_OXF2PRI001 10975_OXF2PRI001 2655.351813264243 3828.9726534142183 2564.082621720703 1414.099645373818 4344.139969724771 6686.855602007098 2933.7714253522618 3562.8210797547626 2782.195206783139 1512.6073403807222 4379.979397540797 6981.521040292779
10975_OXF3TRI001 10975_OXF3TRI001 2875.565791544709 3796.913409725621 2518.5667450549695 1397.3615630807126 4362.729718990633 6589.398274728592 2950.622455687911 3515.673256898794 2656.137409040017 1563.4993284456432 4391.912634475121 6989.150621414685
12813_NOT1ACH001 12813_NOT1ACH001 2517.0964653950396 3545.8071269292445 3051.9300439592553 1570.186971874303 4679.285677475448 6857.0485738212865 2728.4842388412426 3347.668485663521 2719.792520095424 1677.9932207977104 4565.379437480778 6681.341955679139
12813_NOT2ING001 12813_NOT2ING001 2631.131309087503 3630.6657855339486 3232.8030146756046 1514.865844756228 4628.216118456302 7033.693271753384 2786.8248855034108 3294.6289765604943 2660.5231727151227 1710.473072605768 4507.5991399643835 6801.2748699642525
12813_NOT2ING002 12813_NOT2ING002 2631.131309087503 3630.6657855339486 3232.8030146756046 1514.865844756228 4628.216118456302 7033.693271753384 2786.8248855034108 3294.6289765604943 2660.5231727151227 1710.473072605768 4507.5991399643835 6801.2748699642525
12813_NOT3GEM001 12813_NOT3GEM001 2255.785966510608 3501.7932382165172 2600.9731803405275 1604.8324620215158 5076.581189378301 6603.912596241964 2588.716268865292 3426.9990540062677 2448.093443242651 1693.1212823820974 4664.595266332093 6268.092581790148
12813_NOT3GEM002 12813_NOT3GEM002 2255.785966510608 3501.7932382165172 2600.9731803405275 1604.8324620215158 5076.581189378301 6603.912596241964 2588.716268865292 3426.9990540062677 2448.093443242651 1693.1212823820974 4664.595266332093 6268.092581790148
12813_OXF1PRI001 12813_OXF1PRI001 2412.029195058093 3636.970832193464 3167.8720395395508 1649.447816721492 4788.81649827082 6989.884121272176 2954.542013244004 3402.6213954744485 2772.37811877079 1653.0238058814643 4539.445839986105 7016.563659046589
12813_OXF2PRI001 12813_OXF2PRI001 2382.7283578815513 3503.8365642626154 3226.2812543549835 1614.5397055982178 4686.608113273347 6889.571455566482 2797.3453807723163 3412.8791820240617 2781.602256712058 1618.232458350446 4502.7514926298545 6877.390357873572
12813_OXF3TRI001 12813_OXF3TRI001 2404.9991553090385 3492.4991470601462 3323.2811982422136 1812.2270949557333 4721.884011497473 6865.415062246676 2831.159318053011 3163.072462142297 2857.418301268345 1923.9479067560892 4487.0612474017325 6909.626144135413
13192_NOT1ACH001 13192_NOT1ACH001 2092.430127416674 2849.452434391944 2260.28606530295 1122.5750953039296 3322.8112836787914 5391.542614024295 2445.1716661854766 2799.8427783649195 2083.7691231396193 1364.5310826906823 3460.980773838257 5403.500736883432
13192_NOT2ING001 13192_NOT2ING001 2207.8365000322674 2934.688878843901 2337.955499337046 1158.7460447381886 3255.6486627820586 5484.835708586478 2357.613117980045 2860.4938231720253 2034.5675093930413 1324.3797191168987 3392.0917701101225 5406.7493225683975
13192_NOT2ING002 13192_NOT2ING002 2207.8365000322674 2934.688878843901 2337.955499337046 1158.7460447381886 3255.6486627820586 5484.835708586478 2357.613117980045 2860.4938231720253 2034.5675093930413 1324.3797191168987 3392.0917701101225 5406.7493225683975
13192_NOT3GEM001 13192_NOT3GEM001 2125.553198360108 2824.1264740077268 1995.8981322099107 1056.123502533551 3636.978401488603 5276.862036708074 2366.0921023563 2769.4578308498894 1922.1112850666188 1438.8167574409456 3484.5291245788885 5069.323953554163
13192_NOT3GEM002 13192_NOT3GEM002 2125.553198360108 2824.1264740077268 1995.8981322099107 1056.123502533551 3636.978401488603 5276.862036708074 2366.0921023563 2769.4578308498894 1922.1112850666188 1438.8167574409456 3484.5291245788885 5069.323953554163
13192_OXF1PRI001 13192_OXF1PRI001 2067.8251099613444 2825.9930981274792 2348.974157849383 1187.5780401358188 3307.8654764745565 5238.027406092942 2729.891028511133 2793.950862951182 2088.7462965309655 1339.0291818005207 3401.9357595535075 5411.776791648788
13192_OXF1PRI002 13192_OXF1PRI002 2113.6462536948725 2823.1528231373295 2258.5888063638313 1216.4905007127704 3335.265121056118 5216.012879305819 2531.2286926954025 2824.84556303837 2113.962196649002 1349.513608525701 3385.384659516005 5353.03057607055
13192_OXF1PRI003 13192_OXF1PRI003 2260.6820440889333 2838.9384389701886 2336.501441088293 1231.7707859884758 3346.467914853626 5216.620660138843 2634.181277140626 2758.3227613644835 2083.6040089966714 1390.677352013874 3404.0857177708376 5370.388714157592
13192_OXF1PRI004 13192_OXF1PRI004 2023.1232043891991 2827.3798935141467 2416.4591331815295 1216.8063581458218 3356.944511382496 5248.503289686797 2646.8399865694146 2786.600980881589 2010.3052860917296 1392.0197686592724 3407.7891926334987 5466.889338430972
13192_OXF1PRI005 13192_OXF1PRI005 2313.3871681628634 2846.4095974068564 2397.9336315042874 1192.1674765664711 3330.1470542041984 5264.233644389763 2465.2635737534433 2800.012890820885 2131.677973359583 1376.6247700318152 3442.6272013011376 5396.3058891916435
13192_OXF1PRI006 13192_OXF1PRI006 2261.609195919572 2842.1126072059174 2367.662560652264 1193.0292932889795 3322.7970489828394 5265.517927685572 2642.8445505602704 2805.3482558412825 2083.651598841412 1363.9257794308412 3397.457785140032 5459.436791333377
13192_OXF2PRI001 13192_OXF2PRI001 2251.306414566785 2848.897784493197 2374.7574823085642 1181.206497080225 3305.452996016619 5160.965201192637 2547.869316014564 2893.1913527066326 2058.0785290888257 1309.0806093548472 3434.239708671092 5393.605384056198
13192_OXF3TRI001 13192_OXF3TRI001 2347.2029732826513 2845.1368969589116 2414.9946079920446 1184.6103098944259 3333.158465226549 5267.26413618895 2484.2355131460245 2767.366983376949 2031.5117787055572 1484.8766337158413 3492.4826489070288 5300.4284205465565
13305_NOT1ACH001 13305_NOT1ACH001 2642.2627257261893 3430.7307151735677 2833.7098867320638 1702.0529500254552 4693.373478845113 7199.487124308355 2658.225659288435 3199.2025009772424 2558.645361463273 1699.3723418772254 4653.024763087768 7099.99632320913
13305_NOT2ING001 13305_NOT2ING001 2476.838973529777 3452.461588652638 2811.474459555593 1696.4026365544241 4725.264467790836 7197.024180135625 2659.620734117195 3238.7764112964096 2669.3949929467108 1767.1945715349707 4678.10785173998 7112.222163281875
13305_NOT2ING002 13305_NOT2ING002 2476.838973529777 3452.461588652638 2811.474459555593 1696.4026365544241 4725.264467790836 7197.024180135625 2659.620734117195 3238.7764112964096 2669.3949929467108 1767.1945715349707 4678.10785173998 7112.222163281875
13305_NOT3GEM001 13305_NOT3GEM001 2522.8261184552275 3504.8910066809585 2700.5960005948746 1669.564104438572 5022.882298116442 7159.062102689527 2776.8676672787296 3394.3829414116235 2400.0798357798285 1711.1728363364427 5000.686013952905 6809.673346608995
13305_NOT3GEM002 13305_NOT3GEM002 2522.8261184552275 3504.8910066809585 2700.5960005948746 1669.564104438572 5022.882298116442 7159.062102689527 2776.8676672787296 3394.3829414116235 2400.0798357798285 1711.1728363364427 5000.686013952905 6809.673346608995
13305_OXF1PRI001 13305_OXF1PRI001 2654.1855718067354 3416.331447537261 2900.3118311615167 1778.1888074844053 4757.370233698826 7252.530401823963 2889.947432563874 3254.1168130022234 2659.1230868312778 1641.3426929158334 4673.15753091411 7293.131090393192
13305_OXF2PRI001 13305_OXF2PRI001 2517.8426236882456 3451.0618885883237 3085.000491736082 1699.1990275663825 4774.678938314279 7133.923502718651 2837.609965830148 3319.585953906142 2708.631021189034 1676.55389583352 4735.64182763246 7217.489797159131
13305_OXF3TRI001 13305_OXF3TRI001 2593.9600426932184 3406.2700248041856 2967.591021108009 1871.7415552016405 4689.3379809736525 7086.048217430009 2734.7439376237926 3197.9885817704867 2688.724371132465 1741.0938401348367 4681.255235350461 7191.005733634296
14221_NOT1ACH001 14221_NOT1ACH001 2271.7364857564085 3337.420829380916 2218.7297738580774 1331.144049453271 3898.6089381474776 6993.455447186199 2637.962826101463 2972.0986312623477 2507.9066749694075 1434.991306304557 3682.2300082770075 7056.249274039785
14221_NOT2ING001 14221_NOT2ING001 2528.3374761376235 3366.958000078027 2114.7672262934093 1349.1444223862552 3896.549900806287 7175.94228647252 2568.7845868078884 3119.7402332048537 2486.5523748229434 1447.0137785093 3833.3940069718647 7170.01971483233
14221_NOT2ING002 14221_NOT2ING002 2528.3374761376235 3366.958000078027 2114.7672262934093 1349.1444223862552 3896.549900806287 7175.94228647252 2568.7845868078884 3119.7402332048537 2486.5523748229434 1447.0137785093 3833.3940069718647 7170.01971483233
14221_NOT3GEM001 14221_NOT3GEM001 2141.9032939236577 3393.6548466753065 2342.099675468709 1451.0140183440021 3972.002087772471 6838.139964076967 2281.500234338405 3188.1020143851833 2234.6380253623984 1429.455695442569 4190.353651175011 6734.442232708372
14221_NOT3GEM002 14221_NOT3GEM002 2141.9032939236577 3393.6548466753065 2342.099675468709 1451.0140183440021 3972.002087772471 6838.139964076967 2281.500234338405 3188.1020143851833 2234.6380253623984 1429.455695442569 4190.353651175011 6734.442232708372
14221_OXF1PRI001 14221_OXF1PRI001 2445.5516236906096 3381.380908367769 2505.851311768405 1401.0868205589036 3802.5677407068415 7077.707020168934 2505.8649530342836 3068.30844484569 2405.3116760555695 1510.4108672147302 3839.286647813771 7137.8295689135575
14221_OXF2PRI001 14221_OXF2PRI001 2503.705586762937 3326.038785065517 2220.135869891333 1366.504815467345 3761.521498438117 6909.651774320702 2454.8999620911536 3099.3898869021173 2459.1342785802717 1493.1508835635468 3850.782774539905 7036.997836741351
14221_OXF3TRI001 14221_OXF3TRI001 2423.7668394276498 3377.877428194823 2379.986702120804 1362.260135937126 3770.8804254842535 6869.146572264543 2465.776391714305 3009.813807149493 2277.3038843218314 1530.6632754421953 3881.4229481129537 6946.762886513885
14229_NOT1ACH001 14229_NOT1ACH001 2748.7633212564024 3200.9037843212664 2128.6775610458667 1428.4588480758134 4527.883866212375 5863.372342314404 2798.2137508018877 3412.869259184321 2459.1538045204206 1575.8288411878068 4575.376435264976 5813.403551271947
14229_NOT2ING001 14229_NOT2ING001 2838.4407935695976 3147.418290606007 2100.269973307906 1421.9791057528525 4233.3246616284805 5860.948695118943 2873.8257433578838 3241.66243504845 2446.2279349277196 1483.1244154406781 4311.745086009041 5715.538058421054
14229_NOT2ING002 14229_NOT2ING002 2838.4407935695976 3147.418290606007 2100.269973307906 1421.9791057528525 4233.3246616284805 5860.948695118943 2873.8257433578838 3241.66243504845 2446.2279349277196 1483.1244154406781 4311.745086009041 5715.538058421054
14229_NOT3GEM001 14229_NOT3GEM001 2632.255120283766 3083.1371824954035 2471.115171761221 1366.8914424244933 4687.017032655847 5617.977334338027 2801.640120578926 3441.4649330370644 2598.134346823821 1442.6447896366385 4766.8555151790015 5481.635692689395
14229_NOT3GEM002 14229_NOT3GEM002 2632.255120283766 3083.1371824954035 2471.115171761221 1366.8914424244933 4687.017032655847 5617.977334338027 2801.640120578926 3441.4649330370644 2598.134346823821 1442.6447896366385 4766.8555151790015 5481.635692689395
14229_OXF1PRI001 14229_OXF1PRI001 2737.9288529387054 3198.9702801418766 2387.9742867909563 1442.0936542580014 4467.516868304476 5657.942674126112 3030.869211780247 3326.602703809757 2422.164065060432 1442.754177081088 4335.101507852625 5901.687411071285
14229_OXF2PRI001 14229_OXF2PRI001 2775.7391372098814 3147.774525506059 2355.1253218185116 1482.6143351503424 4568.33295673201 5717.962009067078 2931.3214643913307 3521.397484844417 2528.8288071866355 1429.7253809084164 4352.833335613805 6043.509785120572
14229_OXF2PRI002 14229_OXF2PRI002 2882.8415707530867 3144.0655047300243 2322.3098069468433 1407.3059697446852 4444.7258116250105 5776.929708487982 2804.411522931634 3400.2860468669287 2485.1886789560745 1476.095518226104 4400.200263929612 5798.652748458052
14229_OXF2PRI003 14229_OXF2PRI003 2730.747826832333 3145.5007762673367 2369.8688012565344 1451.0089436716994 4409.575016969624 5712.978787615085 2964.5550992376798 3409.3646827977773 2574.1592778007566 1439.879722239691 4404.914160483819 5913.31141541722
14229_OXF2PRI004 14229_OXF2PRI004 2739.428846892324 3139.6311989327887 2197.4846895710584 1466.801866736564 4464.193977810316 5733.740712605376 2818.3580191327833 3362.263002996069 2523.5243780303845 1467.8313255349526 4424.6122086413425 5967.411750599189
14229_OXF2PRI005 14229_OXF2PRI005 2739.8107917371317 3124.455391588541 2298.2126584858324 1432.574129768179 4470.021655353239 5741.019580766606 2905.6795749673843 3442.4213137369934 2578.853578060268 1457.484527070869 4351.789492151273 5946.170066402443
14229_OXF2PRI006 14229_OXF2PRI006 2768.075070483681 3153.5769079265656 2232.1645819270507 1451.0297081712001 4397.450004916538 5673.317224519662 2711.1639107350184 3385.1069636064294 2480.9755094300954 1455.93288845615 4357.0696175731955 5947.690043055161
14229_OXF3TRI001 14229_OXF3TRI001 2628.7355906215817 3141.9240446694916 2450.4351469669045 1488.479617674393 4397.061561998876 5613.211334058082 2827.3332742542925 3259.32847606764 2433.7000758487466 1534.3042007105169 4379.3051266207485 5729.392777322875
14230_NOT1ACH001 14230_NOT1ACH001 2017.3702592603352 3140.9856304243795 2327.3695512449267 1289.964873031681 3420.82047708301 5776.660654933272 2142.2689297027036 2672.623639576115 2365.475428838404 1366.2687245725056 3454.57747768504 5911.313680177967
14230_NOT2ING001 14230_NOT2ING001 1920.8782295862486 3158.5765093844184 2716.8229573600447 1270.4829158113732 3399.009225528702 5886.8744365165385 2273.667342263277 2723.0139214839246 2583.9216003142346 1325.953886369488 3498.063551038901 5979.855047915822
14230_NOT2ING002 14230_NOT2ING002 1920.8782295862486 3158.5765093844184 2716.8229573600447 1270.4829158113732 3399.009225528702 5886.8744365165385 2273.667342263277 2723.0139214839246 2583.9216003142346 1325.953886369488 3498.063551038901 5979.855047915822
14230_NOT3GEM001 14230_NOT3GEM001 1920.4646105631896 3042.622623933789 2080.672666890246 1256.316929360489 3765.733777229342 5540.925644507009 2087.4465017509824 2863.194305244373 2219.828833674418 1381.9590337265952 3609.221086924985 5310.380046232781
14230_NOT3GEM002 14230_NOT3GEM002 1920.4646105631896 3042.622623933789 2080.672666890246 1256.316929360489 3765.733777229342 5540.925644507009 2087.4465017509824 2863.194305244373 2219.828833674418 1381.9590337265952 3609.221086924985 5310.380046232781
14230_OXF1PRI001 14230_OXF1PRI001 1900.0210873533827 3118.178294384642 2394.7375502438067 1330.0357235931317 3468.601734600211 5967.911695717772 2111.0929041539675 2767.3416661120855 2558.7550879775445 1365.5175862021947 3460.209731645965 6090.309226511921
14230_OXF2PRI001 14230_OXF2PRI001 1905.1756929709925 3154.964293209352 2444.189769536696 1312.64978150944 3400.1838278476203 5896.661836757875 2089.258402385143 2849.0482042089957 2584.8773090473196 1297.145940528984 3440.749838827034 5965.996290590008
14230_OXF3TRI001 14230_OXF3TRI001 2034.037056780428 3161.956233035611 2543.318716162298 1324.1965615929569 3421.663111768315 5778.261026845623 2143.1747763743087 2777.450706340955 2610.348737647219 1394.349676618736 3448.797916825817 5884.576067609272
14230_OXF3TRI002 14230_OXF3TRI002 1977.3992998517406 3164.3533416823907 2521.6384692445918 1321.4789760948659 3463.480132051236 5901.024248009198 2123.793584486085 2750.805581076549 2602.641272937236 1407.1984259907435 3476.36632681753 5888.626358551267
14230_OXF3TRI003 14230_OXF3TRI003 1886.1740541284855 3153.5195642589206 2555.0089001143824 1255.5210046197312 3436.87244040252 5828.346857663893 2112.2213218100887 2776.34414184876 2652.969091070324 1425.4856254078215 3438.3745302509537 5935.532268169938
14230_OXF3TRI004 14230_OXF3TRI004 1809.4038613978748 3185.6225576515444 2576.447322531372 1310.3178370953292 3439.8123736537536 5809.0309044091355 2151.245774074012 2805.0462887537406 2640.6574771784144 1357.583489864177 3453.3891562514427 5927.704780026232
14230_OXF3TRI005 14230_OXF3TRI005 1878.1095576087612 3167.373824217274 2559.3169829717895 1303.0094890059952 3449.4596078365084 5850.0110100211405 2043.8082454385608 2746.04979245629 2530.4636588118738 1406.903170583757 3405.631404188276 5949.014095348208
14230_OXF3TRI006 14230_OXF3TRI006 1977.8115179348338 3156.0359430341814 2585.157360930122 1354.3239981216648 3397.599047625742 5829.7711719909385 2337.959353336781 2743.5106631382732 2659.8362700061843 1398.6416840673194 3446.923254220409 6041.710167025848
14482_NOT1ACH001 14482_NOT1ACH001 2126.808404733099 2834.1191195999118 2698.901378176787 1267.0038039249216 3845.214310434012 6092.697229437971 2109.2406294089305 2783.759805718762 2641.430391030146 1388.6159627389031 3936.821728294067 5846.985753903844
14482_NOT1ACH002 14482_NOT1ACH002 2129.016141921258 2813.1841609846265 2698.010031685226 1314.9381564659861 3812.497324947318 6042.239122247878 2076.771032231515 2837.165051743519 2716.670300036457 1373.064498966918 3880.767265737043 5776.385585354845
14482_NOT1ACH003 14482_NOT1ACH003 2262.5517512213337 2835.9317566722093 2556.8952384101276 1247.6137323430294 3866.3905867942426 6001.169876463677 2150.770377087317 2667.9118139529655 2458.9388216256684 1362.804217492304 3725.4449303091938 6038.745140363554
14482_NOT1ACH004 14482_NOT1ACH004 2123.9781304655503 2757.535033530723 2668.6912081537785 1382.0653163999696 3859.313108958944 5989.459734298629 2200.6443486401313 2795.822857764437 2627.215532830716 1381.515978373568 3854.9553545248236 5750.477167678611
14482_NOT1ACH005 14482_NOT1ACH005 2129.3235346452925 2800.391351494543 2600.430911198032 1378.0959073293109 3758.210995623837 6151.826619715441 2202.6146641821288 2761.7671318212424 2669.3193408548914 1404.5390313615267 3751.5788564186655 5851.962073646411
14482_NOT1ACH006 14482_NOT1ACH006 2261.749406320567 2823.0705794877176 2604.2488201366477 1226.3557413013752 3929.162936225703 5985.749221269833 2266.740362946874 2688.8098737323744 2550.7400141465805 1329.0110218216978 3736.856860228194 5826.394565020486
14482_NOT2ING001 14482_NOT2ING001 2148.5694053112434 2892.408967754046 2612.824584937237 1316.331981623243 3738.863352365479 6110.922785065523 2241.027240340668 2774.7017669873285 2715.4583174495315 1368.900574678853 3784.363921275904 5986.634099093133
14482_NOT3GEM001 14482_NOT3GEM001 2133.413950207299 2832.354206635926 2321.3941792694277 1301.4360104082234 4172.997324993655 5766.419586975444 2364.9724941504496 2868.4444981816278 2556.031907059046 1356.9497788408376 4102.242066283265 5796.586597066691
14482_NOT3GEM002 14482_NOT3GEM002 2133.413950207299 2832.354206635926 2321.3941792694277 1301.4360104082234 4172.997324993655 5766.419586975444 2364.9724941504496 2868.4444981816278 2556.031907059046 1356.9497788408376 4102.242066283265 5796.586597066691
14482_OXF1PRI001 14482_OXF1PRI001 2136.3986366352683 2770.419756967706 2896.1479303130595 1343.1299987252492 3907.3995120670916 5813.440144256726 2284.3508989219754 2744.58597846436 2746.3992672528148 1391.5289759078485 3850.808478256617 5835.02774093575
14482_OXF2PRI001 14482_OXF2PRI001 2105.723076598802 2785.39604927869 2686.0768104472645 1373.901957898031 3894.6229219427833 5769.088334923705 2356.236823012132 2699.1431760974483 2649.751654393446 1360.859586546398 3793.7667481195367 5856.7600993606575
14482_OXF3TRI001 14482_OXF3TRI001 2110.817047417132 2822.016928785166 2894.7332845221545 1306.8344214885874 3866.3237459005386 5774.149701879692 2207.2005467347694 2705.3542575053093 2664.344162029126 1381.767395861136 3797.6692015783137 5654.028118687802
