session mist_left_amygdala mist_left_caudate_accumbens mist_left_hippocampus mist_left_pallidum mist_left_putamen mist_left_thalamus mist_right_amygdala mist_right_caudate_accumbens mist_right_hippocampus mist_right_pallidum mist_right_putamen mist_right_thalamus
03286_NOT1ACH001 03286_NOT1ACH001 2329.9603346122435 3391.353744528911 2777.2697425311853 1319.8440058018325 4025.249499082146 6277.964250006854 2482.193389680565 3389.903080797587 2804.7794232518268 1224.5996285934118 4192.772586820988 6342.594230848132
03286_NOT2ING001 03286_NOT2ING001 2378.72543180871 3414.7051942860007 2802.2695746299332 1265.7131082700828 3813.039312182761 6648.376758812516 2601.368161677441 3422.3601243877897 2774.374270474723 1349.7938439823067 4231.5205696734165 6613.890832356268
03286_NOT2ING002 03286_NOT2ING002 2378.72543180871 3414.7051942860007 2802.2695746299332 1248.1756995214332 3814.479888930773 6669.088487489284 2601.368161677441 3422.3601243877897 2774.374270474723 1349.7938439823067 4223.045803183887 6612.760863846957
03286_NOT3GEM001 03286_NOT3GEM001 2377.9357658841955 3418.9590673638404 2837.391116948292 1193.494050941984 4040.3286694918056 6769.5804426398445 2438.076421330597 3526.152885984502 2830.8598213043383 1164.1812904156893 4189.750924544591 6226.368258144803
03286_NOT3GEM002 03286_NOT3GEM002 2377.9357658841955 3418.9590673638404 2837.391116948292 1194.378064633237 4042.6901158163237 6753.896617847886 2438.076421330597 3526.152885984502 2830.8598213043383 1159.10116551875 4179.700729785845 6222.04884359756
03286_OXF1PRI001 03286_OXF1PRI001 2504.1751403184344 3375.016382441252 2942.0575143826964 1347.6745502656586 4056.99581306724 6484.410876313854 2427.1283672363784 3517.2191304961416 2936.7853582437533 1268.5769615080321 4186.76977745196 6559.023031313626
03286_OXF2PRI001 03286_OXF2PRI001 2445.7683068533593 3417.5463028480062 2803.9464960517653 1269.9578204585869 4030.7291348938743 6538.776188724618 2472.691177483893 3522.4667803196735 2926.5942642649507 1206.955181715425 4145.989921594368 6562.754769777313
03286_OXF3TRI001 03286_OXF3TRI001 2332.449075751614 3401.02758034802 2937.536581164903 1374.0461583303634 3951.3900097948867 6425.734134914901 2538.836268662519 3387.8032783024764 2887.903195453158 1318.5667218394933 4084.81314814188 6440.790741315763
03997_NOT1ACH001 03997_NOT1ACH001 2411.1230425760014 2992.236158233668 2538.366964972842 1157.8724879795363 3761.92667580282 5992.539832272463 2419.706169705419 2771.051315122616 2521.474335232273 1059.90170019612 3632.703399043017 6176.538647328618
03997_NOT2ING001 03997_NOT2ING001 2262.7346237149673 2975.6527267775778 2429.141125556426 1221.8497467615691 3528.5033915196177 6179.283871323802 2616.360574882135 2768.8945557006955 2480.7534741724403 1129.7324363827488 3698.1593453411374 6064.347327472906
03997_NOT2ING002 03997_NOT2ING002 2262.7346237149673 2975.6527267775778 2429.141125556426 1218.3853487310244 3522.5927076227117 6153.272209520001 2616.360574882135 2768.8945557006955 2480.7534741724403 1128.6488856532837 3694.041686114312 6063.409918593743
03997_NOT3GEM001 03997_NOT3GEM001 2135.2489844365955 3092.5236535323193 2160.1121901274155 1147.6220589680895 3864.958536804004 5966.337637058019 2410.4978087183263 2842.217420182975 2318.835660926442 1099.9157702106372 3903.174113532197 5706.901131820656
03997_NOT3GEM002 03997_NOT3GEM002 2135.2489844365955 3092.5236535323193 2160.1121901274155 1147.6220589680895 3861.4109892559054 5964.05504157746 2410.4978087183263 2842.217420182975 2318.835660926442 1102.2703831332065 3902.5778710600157 5706.901131820656
03997_OXF1PRI001 03997_OXF1PRI001 2300.0646457776443 2931.9455791006076 2578.4848846226155 1155.9570901857326 3715.675946908532 6159.3172764298 2583.697139662194 2782.2013156112293 2510.475869319698 1122.044215585158 3767.385261252728 6166.425916851171
03997_OXF2PRI001 03997_OXF2PRI001 2310.0865512716427 2913.3581657083964 2507.013771812417 1161.2912479140602 3709.086682062819 6057.612689791352 2534.7108279293448 2818.1983943210466 2542.520588414585 1085.7874563968287 3678.6974521471357 6178.584337183159
03997_OXF3TRI001 03997_OXF3TRI001 2370.031214773796 2965.6461911747033 2410.6965959964828 1139.218984547623 3598.9311417354943 5929.500142550729 2399.0623286692353 2725.5592558492035 2413.571170388129 1059.792718379708 3579.4092387864634 6051.96789016173
10975_NOT1ACH001 10975_NOT1ACH001 2459.349793759968 3853.2349560619614 2291.835838394753 1309.9489609924258 4486.432777969913 6473.272034592417 2659.7911983422414 3532.9133608901375 2783.257379918717 1290.3560048712595 4527.852059736866 6706.327693732028
10975_NOT2ING001 10975_NOT2ING001 2604.061868833538 3863.427755059771 2485.0133333237177 1514.0556076238774 4443.094984243857 6459.200997801371 2828.4684432955687 3493.1517571183413 2894.2590972604658 1440.7682687625766 4526.468520451533 6662.527208631734
10975_NOT2ING002 10975_NOT2ING002 2604.061868833538 3863.427755059771 2485.0133333237177 1501.064500511059 4445.5175641501855 6459.200997801371 2828.4684432955687 3493.1517571183413 2894.2590972604658 1444.6378194678962 4541.136813566395 6662.527208631734
10975_NOT3GEM001 10975_NOT3GEM001 2372.6394291595043 4020.614811562259 2340.2077056475528 1264.46019674042 4504.770592527005 6377.793035835822 2738.230678516077 3762.581579612867 2613.888294094253 1303.5692397934808 4525.896539896185 6749.024040190017
10975_NOT3GEM002 10975_NOT3GEM002 2372.6394291595043 4020.614811562259 2340.2077056475528 1265.3207613794136 4518.084725809536 6373.943585603294 2738.230678516077 3762.581579612867 2613.888294094253 1303.5692397934808 4526.7462305384715 6768.852824989797
10975_OXF1PRI001 10975_OXF1PRI001 2593.4412122213052 3841.277588608308 2443.018847182018 1296.3281656605313 4511.145752552261 6526.531648138227 2772.7004393353113 3585.066632136757 2835.4366137938655 1259.9417901712686 4642.782982063039 6930.618893388542
10975_OXF2PRI001 10975_OXF2PRI001 2694.1151522037817 3818.6455758175075 2482.9331935247046 1264.5313306542464 4547.544755192753 6448.636660933198 2691.3168811696974 3623.846101466889 2786.1169238654365 1195.4735392149291 4579.787409666081 6859.8866989272465
10975_OXF3TRI001 10975_OXF3TRI001 2747.347013089003 3869.967400537018 2380.8809318658095 1229.5248435380438 4286.898921837139 6361.345400356682 2871.736315220278 3575.6101316030545 2693.816182131126 1242.8663747092264 4341.464098012631 6836.012858021191
12813_NOT1ACH001 12813_NOT1ACH001 2487.248690362375 3649.5301805813588 3022.4962448344204 1443.7872868275263 4846.704150339205 6645.3084999653865 2709.482048996818 3318.7084776995234 2759.86129096048 1340.2241666745601 4709.646512045589 6663.767568355361
12813_NOT2ING001 12813_NOT2ING001 2516.0605362615315 3629.8319980668925 3112.2191015707995 1501.0039319134112 4683.846822503155 6765.612104184696 2822.375873929806 3379.518796310177 2722.419530044168 1508.3116407415032 4638.299534301492 6700.228615805677
12813_NOT2ING002 12813_NOT2ING002 2516.0605362615315 3629.8319980668925 3112.2191015707995 1498.4024635177761 4686.071895403356 6767.228173584848 2822.375873929806 3379.518796310177 2722.419530044168 1510.6835501562064 4638.299534301492 6700.228615805677
12813_NOT3GEM001 12813_NOT3GEM001 2228.9290379931626 3611.941696945515 2607.436511446388 1409.5545572869917 4947.176278911368 6654.948357842919 2744.2833790199556 3441.69683984668 2512.330441235136 1413.1877749480323 4853.368643492932 6422.202295715189
12813_NOT3GEM002 12813_NOT3GEM002 2228.9290379931626 3611.941696945515 2607.436511446388 1409.5545572869917 4932.74621637966 6654.556872247058 2744.2833790199556 3441.69683984668 2512.330441235136 1406.813594241372 4846.999249615116 6429.154395645868
12813_OXF1PRI001 12813_OXF1PRI001 2401.633504440877 3642.4078876268914 3200.7589554511665 1511.3050638455657 5035.536455188045 6826.905773569149 2841.8647606125087 3514.522783360779 2875.560242857413 1440.0313348085965 4819.218664736097 6856.131015492623
12813_OXF2PRI001 12813_OXF2PRI001 2422.2361667149517 3578.649511564194 3085.9921391260577 1515.064273295987 4994.469189847075 6746.056069864753 2726.660318111295 3442.3829050674804 2842.357092826087 1376.0728939826752 4788.151966924952 6813.056566361518
12813_OXF3TRI001 12813_OXF3TRI001 2362.5239392670032 3619.2119590195116 3076.689084761429 1544.6128272307512 4907.335355989993 6641.634059537428 2574.6398853751034 3442.4757539538477 2902.475341018062 1556.8051708909195 4870.055150735758 6769.5881740491
13192_NOT1ACH001 13192_NOT1ACH001 2163.39431094214 2863.84034631585 2190.5629047409784 1126.1672775295622 3382.5162819216466 5197.244054331853 2466.217046455883 2780.1538121852263 2011.6996063335462 1015.9578750095442 3548.711284359059 5313.305228764515
13192_NOT2ING001 13192_NOT2ING001 2267.993229665593 2969.6885227683083 2267.1622613090412 1241.5139173464906 3525.7920786358254 5499.835356516594 2374.1384188459842 2786.358998356473 2051.937876713174 1293.5748544352027 3817.2355469224444 5486.152831717425
13192_NOT2ING002 13192_NOT2ING002 2267.993229665593 2969.6885227683083 2267.1622613090412 1256.183555876625 3525.0418861928065 5496.026136048964 2374.1384188459842 2786.358998356473 2051.937876713174 1293.5748544352027 3823.6250518448614 5486.152831717425
13192_NOT3GEM001 13192_NOT3GEM001 2133.3092601837943 2838.6521276909425 1986.6191132921692 972.845398623029 3608.098886173283 5183.234939427045 2420.5317088698293 2725.961829413226 2069.6645862919427 1118.689579574152 3576.9125431973157 5168.650281328342
13192_NOT3GEM002 13192_NOT3GEM002 2133.3092601837943 2838.6521276909425 1986.6191132921692 976.4821815558441 3604.7973849605314 5186.463886576432 2420.5317088698293 2725.961829413226 2069.6645862919427 1118.689579574152 3574.4496538178414 5166.42643122206
13192_OXF1PRI001 13192_OXF1PRI001 2143.033422321294 2864.3729016255556 2314.1566287155283 1117.619038299063 3470.2764264386274 5105.280676321327 2654.9127149452424 2830.5249076855757 2170.5394523168948 1138.4726375878936 3703.395929702821 5346.974644438238
13192_OXF1PRI002 13192_OXF1PRI002 2095.4460310290965 2868.7290822745035 2209.2643067637205 1131.8083333172813 3503.8210881516497 5150.183866316521 2469.7604134184667 2852.120650552105 2096.3975930214892 1075.6401373326007 3634.5544503246538 5361.381380818206
13192_OXF1PRI003 13192_OXF1PRI003 2257.7749140090637 2869.182060250313 2298.175547522742 1134.487661576457 3471.596896716995 5090.664615626336 2612.5018063763723 2813.9128819937437 2068.810614983013 1080.4460600922596 3651.2801915293558 5344.700641647544
13192_OXF1PRI004 13192_OXF1PRI004 2084.7300435883317 2866.5028371560866 2392.1567443090094 1150.9920260195017 3469.416734924477 5138.869524045123 2534.1688701846106 2855.2694802038714 2020.1461121771108 1088.4211485800297 3682.9518828920136 5445.361963540791
13192_OXF1PRI005 13192_OXF1PRI005 2260.176093551045 2875.0332979441114 2282.6438520206157 1094.7878071185596 3448.6585332397167 5140.370049212669 2513.507106545259 2835.824541950761 2103.8797075095736 1088.363874761523 3657.5719508445486 5365.72104337264
13192_OXF1PRI006 13192_OXF1PRI006 2265.146977164325 2870.922075674417 2284.75990535691 1114.7553836587072 3513.799170345086 5107.475282622384 2559.4390699858104 2791.74434161766 2112.0387328917486 1073.5325281290175 3669.851570609747 5367.03978472754
13192_OXF2PRI001 13192_OXF2PRI001 2217.011244121384 2834.257426715383 2361.0213066006445 1069.8150828343455 3459.082385425817 5062.68820747687 2505.767121491649 2820.219962010783 2188.526600676453 1093.5226135941173 3591.0444676471793 5324.62375210691
13192_OXF3TRI001 13192_OXF3TRI001 2322.3214018836684 2876.212067626524 2234.41836363963 1047.22737133221 3372.9061369678366 5050.088014085526 2539.605071904043 2792.36914255008 2017.738110862175 1121.519040358148 3610.582128644061 5269.787554711443
13305_NOT1ACH001 13305_NOT1ACH001 2605.2010867317667 3450.468971750849 2823.941261144118 1431.817722577394 4868.026256201698 7016.8931816186305 2728.6297747972485 3221.1579835346884 2671.221806383817 1325.150267142256 4827.856289639869 6918.658017358992
13305_NOT2ING001 13305_NOT2ING001 2501.322438120603 3418.1636707562657 2743.239690234799 1692.0517868756538 4922.592358809144 7294.4321234202325 2758.913378034381 3194.226537675396 2693.9159638968813 1564.0187386862592 4973.240585110276 7215.85753398182
13305_NOT2ING002 13305_NOT2ING002 2501.322438120603 3418.1636707562657 2743.239690234799 1692.8874802707064 4924.532807157626 7293.211645427789 2758.913378034381 3194.226537675396 2693.9159638968813 1569.4145861094698 4972.229943081137 7215.382152819708
13305_NOT3GEM001 13305_NOT3GEM001 2486.345000034933 3728.468974678871 2631.4663778944214 1454.1069745756677 5069.540032544781 7162.960951277468 2856.2696084865966 3462.4913835116567 2539.231316366061 1324.169347283224 4795.029534858468 6890.989908931879
13305_NOT3GEM002 13305_NOT3GEM002 2486.345000034933 3728.468974678871 2631.4663778944214 1452.7442304585165 5080.569424137863 7164.283781926193 2856.2696084865966 3462.4913835116567 2539.231316366061 1334.3855878580819 4797.437321481847 6890.989908931879
13305_OXF1PRI001 13305_OXF1PRI001 2642.387017031054 3558.5688068947443 2812.488001113615 1536.9939685478241 4981.614425258884 7165.559999960037 2877.060063986275 3298.5590743086386 2700.7738799574995 1417.2404490046756 4899.536267085513 7133.290797680869
13305_OXF2PRI001 13305_OXF2PRI001 2596.213952063329 3500.271567722012 2938.882550734181 1513.0147510920947 5010.4293580942085 7079.790995993233 2835.361705105897 3342.513627784405 2710.18206854059 1411.1688483801393 4910.353643975161 7090.79142775748
13305_OXF3TRI001 13305_OXF3TRI001 2595.034335151713 3521.020935714597 2836.908600884254 1607.4248789558976 4900.438810181384 6973.129689797495 2743.431245779292 3275.505152237507 2715.632978741819 1456.1032995007247 4943.254919597931 7069.919888891212
14221_NOT1ACH001 14221_NOT1ACH001 2371.8668227536837 3397.440945428203 2104.6000934488843 1148.9738590076427 3822.7297925542416 6738.327602459044 2634.9359245889655 3065.882932457724 2312.9374081121778 1053.779157030955 3814.51082584974 6952.6639457171605
14221_NOT2ING001 14221_NOT2ING001 2532.187905546355 3466.183362677494 2039.0578651983956 1248.0624151893417 3790.000355099178 6878.231893371348 2618.9674888410937 3140.7017218521005 2406.4511274183606 1193.9085661277184 4023.7536540300935 6994.723463044893
14221_NOT2ING002 14221_NOT2ING002 2532.187905546355 3466.183362677494 2039.0578651983956 1240.6374749735012 3786.7863634243254 6873.483481618639 2618.9674888410937 3140.7017218521005 2406.4511274183606 1195.20206362329 4015.599248199019 6995.807675069394
14221_NOT3GEM001 14221_NOT3GEM001 2217.0747624329974 3512.5476350689432 2201.1901286222123 1083.6036186299116 3907.253049891932 6935.693067330405 2295.459658905303 3228.8201537035675 2260.6148654465915 1065.3965873080565 4056.567640641441 6741.244301473111
14221_NOT3GEM002 14221_NOT3GEM002 2217.0747624329974 3512.5476350689432 2201.1901286222123 1080.0977936622326 3908.855334948046 6931.175264349753 2295.459658905303 3228.8201537035675 2260.6148654465915 1065.3965873080565 4062.5614235567105 6741.244301473111
14221_OXF1PRI001 14221_OXF1PRI001 2497.145245644315 3415.0953509835663 2362.198376611228 1172.6772675098791 3914.840411118342 6821.00586268302 2484.4514584344233 3080.1114595565905 2387.951858316867 1132.1510031580917 4066.701321463394 6988.848044841516
14221_OXF2PRI001 14221_OXF2PRI001 2451.8166976890016 3372.2456042031117 2130.3585431577953 1116.8191077364447 3901.3530548022586 6689.09658913563 2479.007959510571 3105.24615262363 2382.868004609658 1080.9150996008564 4065.7903374620983 6959.519530411921
14221_OXF3TRI001 14221_OXF3TRI001 2439.557630522717 3429.8778774328207 2208.53828986244 1104.6558619457091 3770.0226994637883 6565.226940025948 2532.156679013555 3033.598033135619 2247.81625178843 1142.4244410658189 3999.164637132055 6878.5450532430805
14229_NOT1ACH001 14229_NOT1ACH001 2767.9591109012963 3203.8938820912554 2129.068311495647 1260.503706799567 4489.99667926749 5666.413001851778 2788.6516344862703 3326.6533795263513 2427.168088405705 1225.7064934149037 4432.077963651383 5683.993342084417
14229_NOT2ING001 14229_NOT2ING001 2790.053321817275 3166.2560588166443 1989.3340305409329 1470.3595364853418 4548.392347045273 5974.463559599872 2857.3519022612063 3216.5053716668235 2418.01374093193 1346.466631265289 4539.653815369724 5962.009552549092
14229_NOT2ING002 14229_NOT2ING002 2790.053321817275 3166.2560588166443 1989.3340305409329 1470.3595364853418 4554.356270555786 5976.414526708482 2857.3519022612063 3216.5053716668235 2418.01374093193 1360.6541176974733 4536.464524538205 5958.73646207647
14229_NOT3GEM001 14229_NOT3GEM001 2675.059675791872 3186.1078334419703 2348.816652131326 1192.3929733621048 4497.444818715172 5706.370733816978 2867.880979496741 3423.216787293968 2517.4491525668955 1174.9144698755795 4481.959767814522 5666.540208387751
14229_NOT3GEM002 14229_NOT3GEM002 2675.059675791872 3186.1078334419703 2348.816652131326 1182.2786003156425 4503.5934555261465 5705.919191829038 2867.880979496741 3423.216787293968 2517.4491525668955 1169.1421961878418 4479.874801145065 5673.434484569477
14229_OXF1PRI001 14229_OXF1PRI001 2848.930289310154 3169.0599771139714 2250.2861754749515 1290.7718758629967 4502.5716413515165 5662.261962142608 3038.866484429307 3277.132866142578 2481.1999291521215 1256.530353862237 4512.737166572636 5794.152444847023
14229_OXF2PRI001 14229_OXF2PRI001 2795.8299149689683 3126.3709846758534 2296.0343307618605 1314.3228416067413 4472.2740444335395 5615.971449819184 2948.756059621479 3393.7103490357395 2465.368672900465 1226.7218498107165 4423.503542035747 5863.344891643433
14229_OXF2PRI002 14229_OXF2PRI002 2758.2173837868495 3116.42704308305 2214.9299738694617 1225.8178621731536 4446.42725857381 5746.851115020342 2847.028943822122 3385.3834552493963 2456.5614188948985 1231.5517563016956 4446.64021102459 5772.737720503206
14229_OXF2PRI003 14229_OXF2PRI003 2742.540935727805 3095.335606085546 2258.8813623330066 1278.862276477708 4458.265850119219 5706.74761259754 3030.3771015826405 3314.156598068837 2497.281941723216 1241.6152651146372 4495.078318922319 5776.754006640915
14229_OXF2PRI004 14229_OXF2PRI004 2754.072702065375 3070.0645454565283 2167.8936035393276 1302.5410991336387 4493.289143647316 5697.372109297787 2808.1945452543277 3295.876720208842 2477.479194936696 1257.4892312860006 4516.551756928738 5862.947847018132
14229_OXF2PRI005 14229_OXF2PRI005 2795.85879533762 3113.1863913829443 2243.4814324238523 1251.1301198049832 4493.201033231487 5701.487756086458 3036.687656283797 3331.3300982566047 2520.2105041787795 1253.7113518308415 4480.265044305672 5783.469710239029
14229_OXF2PRI006 14229_OXF2PRI006 2931.972679295675 3131.0904592713828 2148.8812141074845 1299.792910457829 4491.336830622575 5673.3810215065605 2748.7118420209554 3362.562735606148 2409.192945581566 1258.9245874022954 4521.8870606104265 5877.343460416054
14229_OXF3TRI001 14229_OXF3TRI001 2681.679816944909 3049.034912734228 2252.512870007094 1299.9429467254172 4387.516520831672 5456.450746228755 2745.5132499475767 3219.244285721736 2403.5133476111614 1313.0047618534122 4441.2830309247265 5696.902502308947
14230_NOT1ACH001 14230_NOT1ACH001 1974.7440916716391 3160.1594758666215 2287.9689641228947 1141.2091398495384 3698.7253656385938 5590.501606747922 2159.8563302828625 2737.4931435363724 2463.8452408324974 1063.9882548817436 3673.7237100898465 5783.628059373721
14230_NOT2ING001 14230_NOT2ING001 1929.2331367633378 3185.502884875221 2653.4377744088615 1158.4360282315163 3678.178211593208 5843.513093787597 2263.617609960674 2761.055332129856 2598.780938336377 1145.2933054838093 3706.7209641410127 6094.266713194017
14230_NOT2ING002 14230_NOT2ING002 1929.2331367633378 3185.502884875221 2653.4377744088615 1166.6326511263874 3680.441574272312 5841.941622721638 2263.617609960674 2761.055332129856 2598.780938336377 1156.3114184669676 3698.4185807763233 6089.672266888019
14230_NOT3GEM001 14230_NOT3GEM001 1877.84668861477 3186.1584360839606 1993.7897394755882 1058.8132973122104 3713.6227259180296 5627.724164675732 2096.5583537771317 2969.2560551465676 2323.2079287845045 1074.0741017535156 3600.754569644688 5621.816354272794
14230_NOT3GEM002 14230_NOT3GEM002 1877.84668861477 3186.1584360839606 1993.7897394755882 1058.8132973122104 3707.717930212947 5600.044888627614 2096.5583537771317 2969.2560551465676 2323.2079287845045 1075.2404732448013 3614.7821214174996 5625.657250957217
14230_OXF1PRI001 14230_OXF1PRI001 1953.6844569190632 3157.293339972627 2458.3076128603216 1095.706723792045 3700.691123161914 5788.733097845889 2127.0805466838738 2850.7287142440373 2611.555153005904 1068.092981098393 3710.2537819062695 5999.277855970237
14230_OXF2PRI001 14230_OXF2PRI001 1848.7996817110002 3155.922692240986 2560.91802703197 1128.6273196196316 3651.544862954346 5713.717444048662 2114.95254219041 2868.370808026801 2606.170007938572 1095.4657330008274 3647.419203214599 5888.344150352796
14230_OXF3TRI001 14230_OXF3TRI001 2026.0919007067064 3166.005591530159 2271.9398328428592 1116.7959401409114 3461.2507301228243 5553.9319512624115 2148.132552077239 2854.9400546714646 2527.9468236446814 1119.174643058299 3454.881422763924 5774.888544620793
14230_OXF3TRI002 14230_OXF3TRI002 1983.1352065539747 3168.6397882048864 2286.826757478413 1097.2504194642868 3541.4655623064814 5648.446438121933 2177.707565719378 2838.8785222909673 2517.4495393506772 1131.1747572039376 3535.8471506491355 5805.783299683373
14230_OXF3TRI003 14230_OXF3TRI003 1891.5787358457032 3180.446851714132 2334.339595187118 1121.635642180011 3516.327224890008 5629.49509732301 2147.093047939645 2857.553001563845 2566.9378008240164 1159.5252737054957 3525.5608180478407 5829.665263099792
14230_OXF3TRI004 14230_OXF3TRI004 1884.256739362173 3186.4913902532217 2435.2386530473877 1079.0353074912157 3510.25700588431 5605.031733378383 2221.3588834745915 2843.8127576269917 2582.725325143109 1094.7975887985517 3535.930561244199 5801.4840009264835
14230_OXF3TRI005 14230_OXF3TRI005 1889.4746254295828 3153.719500872602 2241.286540411463 1131.1161883382308 3457.2032187202485 5634.898343935386 2067.3365295748154 2797.9781589613162 2480.9274469284437 1143.6212737752116 3474.2669223384933 5822.871027810585
14230_OXF3TRI006 14230_OXF3TRI006 1968.4464341413757 3158.4640856883243 2396.4621632648978 1131.170349353893 3467.7756556277072 5594.12580237243 2280.34952732332 2822.4336141917993 2575.8180560612363 1125.9415052912452 3519.6300618444366 5836.694129160767
14482_NOT1ACH001 14482_NOT1ACH001 2118.3785028809616 2855.058687771072 2610.6319037093535 1063.441909968645 4032.1945663373344 5968.538196149123 2335.8934768099175 2786.893742866156 2592.5429139242624 979.1625339797941 4006.788412760401 5990.129386903298
14482_NOT1ACH002 14482_NOT1ACH002 2149.929156105709 2832.0205110302077 2659.5941812375922 1150.0112383096878 3973.9988257551868 5935.109655257063 2096.4254599272017 2794.904012209654 2613.0414566270097 1016.6299275487427 3986.8452542540763 5916.496947558109
14482_NOT1ACH003 14482_NOT1ACH003 2256.6691814201354 2878.514275107162 2474.3189168016343 1108.9823828025624 4034.558611117741 5930.49841344454 2267.8787329150946 2737.855427990916 2483.2328337088866 963.4156099490324 3908.409909122838 6133.230020593237
14482_NOT1ACH004 14482_NOT1ACH004 2179.3081977740803 2807.379707170605 2615.230984330843 1100.8008128865551 3988.367503705386 5901.4829855194475 2341.1079965451045 2759.4315320100795 2608.2901816226727 1023.8337511329819 3939.981024465269 5872.738316918255
14482_NOT1ACH005 14482_NOT1ACH005 2148.76811326314 2943.0512140052087 2565.747344694462 1098.1158189453256 3885.741116798744 5973.7513141425625 2235.8052108615666 2760.0872126218646 2607.3098812777844 1005.2640799561086 3815.7454066878418 5884.81769829626
14482_NOT1ACH006 14482_NOT1ACH006 2247.901030481511 2860.8360661572374 2483.73328217101 1082.2977112561575 4020.9129223086984 5881.200215746923 2312.1287818975666 2716.119805967887 2546.111104704555 994.0891031007023 3849.113416141075 6001.32870069984
14482_NOT2ING001 14482_NOT2ING001 2212.635468429349 3080.3525726834037 2642.439560922203 1192.6247896870188 3762.451856812264 5949.867174937789 2325.403975550808 2782.4981876797056 2711.4483794171056 1087.10108886135 3731.8311395295455 5975.21913257989
14482_NOT3GEM001 14482_NOT3GEM001 2124.0218879668296 3028.698185348293 2321.1339496354776 1086.9593888319848 4040.209338579531 5757.245556156602 2278.932105784009 2973.203471465658 2553.0209914516163 1045.6699155603696 4091.539459764395 5881.045176325415
14482_NOT3GEM002 14482_NOT3GEM002 2124.0218879668296 3028.698185348293 2321.1339496354776 1088.0666221358424 4053.3661221733173 5758.698366099385 2278.932105784009 2973.203471465658 2553.0209914516163 1045.6699155603696 4086.700549372694 5880.239503627281
14482_OXF1PRI001 14482_OXF1PRI001 2173.754687739856 2883.3263517497267 2794.654925678238 1164.502146784087 4047.4754044064566 5701.547362731892 2262.4086571256803 2805.195878765453 2704.019827608463 1062.2671970309864 3936.8083992630777 5895.137765315267
14482_OXF2PRI001 14482_OXF2PRI001 2153.113201693034 2859.101677726515 2643.77483851932 1156.1782941807667 4012.6963235857056 5723.538854694296 2350.138635393506 2759.000449965908 2632.822618906229 1087.0970187974783 3918.7232985596293 5934.346620800957
14482_OXF3TRI001 14482_OXF3TRI001 2201.9550452982603 2944.6870725965773 2559.5381615581728 1079.3541887867243 3956.4204719876534 5619.855872578943 2237.719825017003 2750.602519429279 2636.28865254473 1063.4758241327445 3860.7104918968457 5788.978271671037
