session mist_left_amygdala mist_left_caudate_accumbens mist_left_hippocampus mist_left_pallidum mist_left_putamen mist_left_thalamus mist_right_amygdala mist_right_caudate_accumbens mist_right_hippocampus mist_right_pallidum mist_right_putamen mist_right_thalamus
03286_NOT1ACH001 2329.9603346122435 3391.353744528911 2777.2697425311853 1498.5467328304057 3967.5211641117667 6484.158337961993 2482.193389680565 3389.903080797587 2804.7794232518268 1506.9981410553585 4199.567056239386 6452.954379057893
03286_NOT2ING001 2378.72543180871 3414.7051942860007 2802.2695746299332 1526.895128648427 4021.1418127911843 6716.045086839187 2601.368161677441 3422.3601243877897 2774.374270474723 1583.1923054978733 4118.2168450892705 6534.947466295717
03286_NOT2ING002 2378.72543180871 3414.7051942860007 2802.2695746299332 1526.895128648427 4021.1418127911843 6716.045086839187 2601.368161677441 3422.3601243877897 2774.374270474723 1583.1923054978733 4118.2168450892705 6534.947466295717
03286_NOT3GEM001 2377.9357658841955 3418.9590673638404 2837.391116948292 1438.5773458782735 4183.323337490673 7023.536533590546 2438.076421330597 3526.152885984502 2830.8598213043383 1563.3219592713913 4233.297901078656 6371.235973585004
03286_NOT3GEM002 2377.9357658841955 3418.9590673638404 2837.391116948292 1438.5773458782735 4183.323337490673 7023.536533590546 2438.076421330597 3526.152885984502 2830.8598213043383 1563.3219592713913 4233.297901078656 6371.235973585004
03286_OXF1PRI001 2504.1751403184344 3375.016382441252 2942.0575143826964 1476.219179413037 4033.0411524280003 6834.414083431646 2427.1283672363784 3517.2191304961416 2936.7853582437533 1521.3573861571401 4133.52369332329 6831.197669013558
03286_OXF2PRI001 2445.7683068533593 3417.5463028480062 2803.9464960517653 1436.3624558841016 4046.3677915375947 6825.725697119235 2472.691177483893 3522.4667803196735 2926.5942642649507 1463.6136703454426 4112.659915613395 6893.778039832018
03286_OXF3TRI001 2332.449075751614 3401.02758034802 2937.536581164903 1594.1512710132051 3932.4977745241645 6689.588073393243 2538.836268662519 3387.8032783024764 2887.903195453158 1601.5812040284018 4117.949846477871 6700.14896587769
03997_NOT1ACH001 2411.1230425760014 2992.236158233668 2538.366964972842 1329.2086807273176 3790.134598358396 6387.055640362203 2419.706169705419 2771.051315122616 2521.474335232273 1349.6720471575727 3701.5064987682654 6445.263019293879
03997_NOT2ING001 2262.7346237149673 2975.6527267775778 2429.141125556426 1376.1296387850775 3608.4876228164903 6538.575316031113 2616.360574882135 2768.8945557006955 2480.7534741724403 1395.985618978442 3715.323000134255 6208.7921968721
03997_NOT2ING002 2262.7346237149673 2975.6527267775778 2429.141125556426 1376.1296387850775 3608.4876228164903 6538.575316031113 2616.360574882135 2768.8945557006955 2480.7534741724403 1395.985618978442 3715.323000134255 6208.7921968721
03997_NOT3GEM001 2135.2489844365955 3092.5236535323193 2160.1121901274155 1390.476673345351 3894.5296814735093 6306.699092131626 2410.4978087183263 2842.217420182975 2318.835660926442 1381.5592751236604 3895.199101890484 5772.472163035538
03997_NOT3GEM002 2135.2489844365955 3092.5236535323193 2160.1121901274155 1390.476673345351 3894.5296814735093 6306.699092131626 2410.4978087183263 2842.217420182975 2318.835660926442 1381.5592751236604 3895.199101890484 5772.472163035538
03997_OXF1PRI001 2300.0646457776443 2931.9455791006076 2578.4848846226155 1394.4714947070083 3716.8988847448627 6491.657710579645 2583.697139662194 2782.2013156112293 2510.475869319698 1410.2242929593674 3761.4542415769774 6443.809048649168
03997_OXF2PRI001 2310.0865512716427 2913.3581657083964 2507.013771812417 1364.2523397965253 3761.577362001292 6427.240269593772 2534.7108279293448 2818.1983943210466 2542.520588414585 1347.9005585574168 3685.7525902855286 6401.859435325554
03997_OXF3TRI001 2370.031214773796 2965.6461911747033 2410.6965959964828 1405.1145098411698 3671.14151038472 6257.796558693071 2399.0623286692353 2725.5592558492035 2413.571170388129 1407.1643949600461 3699.5197220109476 6345.237898369856
10975_NOT1ACH001 2459.349793759968 3853.2349560619614 2291.835838394753 1627.5276389020023 4476.281022940478 6904.589449146066 2659.7911983422414 3532.9133608901375 2783.257379918717 1640.4384246745258 4522.5449622067445 6904.366902047683
10975_NOT2ING001 2604.061868833538 3863.427755059771 2485.0133333237177 1693.6050856944007 4394.393263440018 6873.86476613823 2828.4684432955687 3493.1517571183413 2894.2590972604658 1758.1516468956372 4446.059473405414 6861.907365308272
10975_NOT2ING002 2604.061868833538 3863.427755059771 2485.0133333237177 1693.6050856944007 4394.393263440018 6873.86476613823 2828.4684432955687 3493.1517571183413 2894.2590972604658 1758.1516468956372 4446.059473405414 6861.907365308272
10975_NOT3GEM001 2372.6394291595043 4020.614811562259 2340.2077056475528 1567.489258013193 4556.335732172153 6785.6519047332495 2738.230678516077 3762.581579612867 2613.888294094253 1638.6554492988678 4433.442682359627 7152.3549747746565
10975_NOT3GEM002 2372.6394291595043 4020.614811562259 2340.2077056475528 1567.489258013193 4556.335732172153 6785.6519047332495 2738.230678516077 3762.581579612867 2613.888294094253 1638.6554492988678 4433.442682359627 7152.3549747746565
10975_OXF1PRI001 2593.4412122213052 3841.277588608308 2443.018847182018 1551.6713026595842 4394.963712921675 7000.991796104637 2772.7004393353113 3585.066632136757 2835.4366137938655 1628.3566363065534 4444.374464956212 7274.324194423731
10975_OXF2PRI001 2694.1151522037817 3818.6455758175075 2482.9331935247046 1576.1120958153915 4439.089221979237 6926.250221658029 2691.3168811696974 3623.846101466889 2786.1169238654365 1611.2875757210754 4428.485885362645 7191.573824417426
10975_OXF3TRI001 2747.347013089003 3869.967400537018 2380.8809318658095 1553.227586488752 4376.854739790889 6841.583617100534 2871.736315220278 3575.6101316030545 2693.816182131126 1675.9434721456169 4412.313885052459 7220.52899472953
12813_NOT1ACH001 2487.248690362375 3649.5301805813588 3022.4962448344204 1722.2390813106636 4704.110293657035 6975.237394731284 2709.482048996818 3318.7084776995234 2759.86129096048 1730.7680893251854 4675.947773192373 6825.043286296466
12813_NOT2ING001 2516.0605362615315 3629.8319980668925 3112.2191015707995 1708.721223987482 4612.624224409244 7187.348230370613 2822.375873929806 3379.518796310177 2722.419530044168 1793.9109706538466 4557.594247430284 6965.867281721361
12813_NOT2ING002 2516.0605362615315 3629.8319980668925 3112.2191015707995 1708.721223987482 4612.624224409244 7187.348230370613 2822.375873929806 3379.518796310177 2722.419530044168 1793.9109706538466 4557.594247430284 6965.867281721361
12813_NOT3GEM001 2228.9290379931626 3611.941696945515 2607.436511446388 1725.9790328601982 4987.093360342452 6916.633098371221 2744.2833790199556 3441.69683984668 2512.330441235136 1753.6519998431786 4674.965906422529 6699.478454507047
12813_NOT3GEM002 2228.9290379931626 3611.941696945515 2607.436511446388 1725.9790328601982 4987.093360342452 6916.633098371221 2744.2833790199556 3441.69683984668 2512.330441235136 1753.6519998431786 4674.965906422529 6699.478454507047
12813_OXF1PRI001 2401.633504440877 3642.4078876268914 3200.7589554511665 1735.2676556192116 4778.683117385657 7196.69968976573 2841.8647606125087 3514.522783360779 2875.560242857413 1689.3107587038435 4661.842141034864 7268.664019877976
12813_OXF2PRI001 2422.2361667149517 3578.649511564194 3085.9921391260577 1721.5026002770257 4746.943703764806 7113.370298776987 2726.660318111295 3442.3829050674804 2842.357092826087 1672.852086039672 4645.146838733838 7135.033291882675
12813_OXF3TRI001 2362.5239392670032 3619.2119590195116 3076.689084761429 1869.245117486114 4790.7447167743285 7062.663692003263 2574.6398853751034 3442.4757539538477 2902.475341018062 1891.0760519249861 4660.389438134086 7025.584939295334
13192_NOT1ACH001 2163.39431094214 2863.84034631585 2190.5629047409784 1261.400772596143 3323.7682139239687 5497.6904747439285 2466.217046455883 2780.1538121852263 2011.6996063335462 1367.0088192098497 3545.3126701474202 5427.178962724347
13192_NOT2ING001 2267.993229665593 2969.6885227683083 2267.1622613090412 1303.095083378389 3314.284950947928 5540.987361739357 2374.1384188459842 2786.358998356473 2051.937876713174 1375.3607284802597 3492.479348698898 5441.03623889327
13192_NOT2ING002 2267.993229665593 2969.6885227683083 2267.1622613090412 1303.095083378389 3314.284950947928 5540.987361739357 2374.1384188459842 2786.358998356473 2051.937876713174 1375.3607284802597 3492.479348698898 5441.03623889327
13192_NOT3GEM001 2133.3092601837943 2838.6521276909425 1986.6191132921692 1229.0607087794442 3665.7959702207104 5411.904634405306 2420.5317088698293 2725.961829413226 2069.6645862919427 1440.4390683948263 3633.313579369088 5216.46821398091
13192_NOT3GEM002 2133.3092601837943 2838.6521276909425 1986.6191132921692 1229.0607087794442 3665.7959702207104 5411.904634405306 2420.5317088698293 2725.961829413226 2069.6645862919427 1440.4390683948263 3633.313579369088 5216.46821398091
13192_OXF1PRI001 2143.033422321294 2864.3729016255556 2314.1566287155283 1272.577955087166 3353.939971744262 5372.9860848908 2654.9127149452424 2830.5249076855757 2170.5394523168948 1417.8095032034323 3513.3982573802414 5538.610320731729
13192_OXF1PRI002 2095.4460310290965 2868.7290822745035 2209.2643067637205 1282.9233569274447 3396.8804456031253 5369.071298433678 2469.7604134184667 2852.120650552105 2096.3975930214892 1382.0527054282375 3474.91323463859 5524.227076396801
13192_OXF1PRI003 2257.7749140090637 2869.182060250313 2298.175547522742 1291.720888203638 3389.2868058953864 5353.087502050547 2612.5018063763723 2813.9128819937437 2068.810614983013 1358.6794769858257 3469.0795238993564 5517.03372586335
13192_OXF1PRI004 2084.7300435883317 2866.5028371560866 2392.1567443090094 1325.1170313881303 3399.1451292945194 5404.363192013603 2534.1688701846106 2855.2694802038714 2020.1461121771108 1379.9317599294443 3445.9984312250563 5648.920148660778
13192_OXF1PRI005 2260.176093551045 2875.0332979441114 2282.6438520206157 1279.812822753954 3380.4427625448607 5409.749400955575 2513.507106545259 2835.824541950761 2103.8797075095736 1379.072575632565 3484.91028864505 5544.217496966188
13192_OXF1PRI006 2265.146977164325 2870.922075674417 2284.75990535691 1307.5608337769177 3413.06649339592 5367.515806806718 2559.4390699858104 2791.74434161766 2112.0387328917486 1385.2734691316302 3493.4068198453924 5567.621101555384
13192_OXF2PRI001 2217.011244121384 2834.257426715383 2361.0213066006445 1266.510063952143 3379.678943181597 5304.86519112598 2505.767121491649 2820.219962010783 2188.526600676453 1340.7529900697873 3466.640647583163 5502.23298130482
13192_OXF3TRI001 2322.3214018836684 2876.212067626524 2234.41836363963 1279.94108291248 3366.0032914821004 5397.268180246365 2539.605071904043 2792.36914255008 2017.738110862175 1490.7163941041026 3566.223722817069 5453.527198295668
13305_NOT1ACH001 2605.2010867317667 3450.468971750849 2823.941261144118 1714.0411847395994 4902.42962147802 7284.369015332238 2728.6297747972485 3221.1579835346884 2671.221806383817 1710.4666184449502 4781.729903822928 7113.991701362603
13305_NOT2ING001 2501.322438120603 3418.1636707562657 2743.239690234799 1757.4900450834236 4794.492237461541 7337.102817595989 2758.913378034381 3194.226537675396 2693.9159638968813 1694.6630926989744 4730.37225400271 7081.362670575239
13305_NOT2ING002 2501.322438120603 3418.1636707562657 2743.239690234799 1757.4900450834236 4794.492237461541 7337.102817595989 2758.913378034381 3194.226537675396 2693.9159638968813 1694.6630926989744 4730.37225400271 7081.362670575239
13305_NOT3GEM001 2486.345000034933 3728.468974678871 2631.4663778944214 1728.5608498937129 5003.000347626787 7410.798819837915 2856.2696084865966 3462.4913835116567 2539.231316366061 1652.4794938024233 4822.2070936718865 7157.099120264871
13305_NOT3GEM002 2486.345000034933 3728.468974678871 2631.4663778944214 1728.5608498937129 5003.000347626787 7410.798819837915 2856.2696084865966 3462.4913835116567 2539.231316366061 1652.4794938024233 4822.2070936718865 7157.099120264871
13305_OXF1PRI001 2642.387017031054 3558.5688068947443 2812.488001113615 1827.5633190446706 4823.589685182987 7473.218484643802 2877.060063986275 3298.5590743086386 2700.7738799574995 1671.237577412132 4746.294706170247 7500.830584771413
13305_OXF2PRI001 2596.213952063329 3500.271567722012 2938.882550734181 1747.45069003531 4860.404698346304 7401.055795600234 2835.361705105897 3342.513627784405 2710.18206854059 1643.931988300511 4750.4178248626 7411.147470868511
13305_OXF3TRI001 2595.034335151713 3521.020935714597 2836.908600884254 1927.6802524907298 4839.914449323283 7236.800208144984 2743.431245779292 3275.505152237507 2715.632978741819 1799.9184407708353 4715.578421694723 7404.86504395997
14221_NOT1ACH001 2371.8668227536837 3397.440945428203 2104.6000934488843 1384.0900809753964 3890.869118930843 7036.5430238622785 2634.9359245889655 3065.882932457724 2312.9374081121778 1418.8307284060222 3819.1383138544343 7191.014676212296
14221_NOT2ING001 2532.187905546355 3466.183362677494 2039.0578651983956 1417.145396461107 3880.99806563094 7245.13788860328 2618.9674888410937 3140.7017218521005 2406.4511274183606 1388.056160616075 3967.9447596906625 7227.813380331165
14221_NOT2ING002 2532.187905546355 3466.183362677494 2039.0578651983956 1417.145396461107 3880.99806563094 7245.13788860328 2618.9674888410937 3140.7017218521005 2406.4511274183606 1388.056160616075 3967.9447596906625 7227.813380331165
14221_NOT3GEM001 2217.0747624329974 3512.5476350689432 2201.1901286222123 1404.3029613955607 4014.4848103963996 7191.102203565595 2295.459658905303 3228.8201537035675 2260.6148654465915 1423.1909139294216 4174.790987463492 6980.130751960657
14221_NOT3GEM002 2217.0747624329974 3512.5476350689432 2201.1901286222123 1404.3029613955607 4014.4848103963996 7191.102203565595 2295.459658905303 3228.8201537035675 2260.6148654465915 1423.1909139294216 4174.790987463492 6980.130751960657
14221_OXF1PRI001 2497.145245644315 3415.0953509835663 2362.198376611228 1421.1357530498642 3902.6695480671287 7245.446219519088 2484.4514584344233 3080.1114595565905 2387.951858316867 1449.9245516379256 4031.901430329939 7315.618221778254
14221_OXF2PRI001 2451.8166976890016 3372.2456042031117 2130.3585431577953 1411.6868258684894 3878.7130163165816 7094.451998546849 2479.007959510571 3105.24615262363 2382.868004609658 1406.3920090367928 3994.6782490434266 7269.983490381108
14221_OXF3TRI001 2439.557630522717 3429.8778774328207 2208.53828986244 1428.5160086497096 3800.402458736845 7010.825513942521 2532.156679013555 3033.598033135619 2247.81625178843 1438.8106099502702 4018.8231123109263 7089.914805652112
14229_NOT1ACH001 2767.9591109012963 3203.8938820912554 2129.068311495647 1554.404021223861 4431.347040641616 5757.820799118839 2788.6516344862703 3326.6533795263513 2427.168088405705 1569.1355748966976 4504.124164747481 5739.1251051107265
14229_NOT2ING001 2790.053321817275 3166.2560588166443 1989.3340305409329 1534.01095794824 4310.439880606073 5854.135984417979 2857.3519022612063 3216.5053716668235 2418.01374093193 1527.245792628258 4317.056515556924 5700.9345663717695
14229_NOT2ING002 2790.053321817275 3166.2560588166443 1989.3340305409329 1534.01095794824 4310.439880606073 5854.135984417979 2857.3519022612063 3216.5053716668235 2418.01374093193 1527.245792628258 4317.056515556924 5700.9345663717695
14229_NOT3GEM001 2675.059675791872 3186.1078334419703 2348.816652131326 1448.6332475962636 4543.518722291569 5818.199988158451 2867.880979496741 3423.216787293968 2517.4491525668955 1497.818005404001 4631.541991468841 5617.647584248927
14229_NOT3GEM002 2675.059675791872 3186.1078334419703 2348.816652131326 1448.6332475962636 4543.518722291569 5818.199988158451 2867.880979496741 3423.216787293968 2517.4491525668955 1497.818005404001 4631.541991468841 5617.647584248927
14229_OXF1PRI001 2848.930289310154 3169.0599771139714 2250.2861754749515 1455.7698252835369 4514.016706571455 5784.208889180307 3038.866484429307 3277.132866142578 2481.1999291521215 1475.5382138399689 4425.060442413707 6005.909872672835
14229_OXF2PRI001 2795.8299149689683 3126.3709846758534 2296.0343307618605 1495.4621054145591 4508.7849540469615 5735.70997604235 2948.756059621479 3393.7103490357395 2465.368672900465 1435.1641238533139 4362.126858439734 6123.234926973661
14229_OXF2PRI002 2758.2173837868495 3116.42704308305 2214.9299738694617 1466.2291632074018 4416.633398078779 5796.7347271281615 2847.028943822122 3385.3834552493963 2456.5614188948985 1492.7512447727681 4401.5381325761455 5989.338890799216
14229_OXF2PRI003 2742.540935727805 3095.335606085546 2258.8813623330066 1476.3404437059378 4414.104593638798 5762.408312913402 3030.3771015826405 3314.156598068837 2497.281941723216 1486.8427706703226 4415.436680492673 5977.418510974938
14229_OXF2PRI004 2754.072702065375 3070.0645454565283 2167.8936035393276 1519.183438378102 4472.087273764524 5746.558555448464 2808.1945452543277 3295.876720208842 2477.479194936696 1499.6355269215996 4408.6409368880195 6042.978465247366
14229_OXF2PRI005 2795.85879533762 3113.1863913829443 2243.4814324238523 1486.4932763499376 4429.771453993107 5834.804200915487 3036.687656283797 3331.3300982566047 2520.2105041787795 1479.8918555595305 4376.028867619209 6011.610686727312
14229_OXF2PRI006 2931.972679295675 3131.0904592713828 2148.8812141074845 1495.1464543071465 4488.262216305205 5748.557089920754 2748.7118420209554 3362.562735606148 2409.192945581566 1508.2580291639583 4370.353269023739 6039.059409411586
14229_OXF3TRI001 2681.679816944909 3049.034912734228 2252.512870007094 1579.1039764484608 4475.773198185856 5620.530229253453 2745.5132499475767 3219.244285721736 2403.5133476111614 1567.2611030380076 4417.365968605708 5792.806013292291
14230_NOT1ACH001 1974.7440916716391 3160.1594758666215 2287.9689641228947 1355.5202864452604 3611.237108071353 5912.661301912157 2159.8563302828625 2737.4931435363724 2463.8452408324974 1372.776497560462 3553.6014153855135 6038.796170840184
14230_NOT2ING001 1929.2331367633378 3185.502884875221 2653.4377744088615 1284.2285141291898 3499.6212431896724 6015.194653854307 2263.617609960674 2761.055332129856 2598.780938336377 1373.999460170871 3507.2470280838716 6095.127040768627
14230_NOT2ING002 1929.2331367633378 3185.502884875221 2653.4377744088615 1284.2285141291898 3499.6212431896724 6015.194653854307 2263.617609960674 2761.055332129856 2598.780938336377 1373.999460170871 3507.2470280838716 6095.127040768627
14230_NOT3GEM001 1877.84668861477 3186.1584360839606 1993.7897394755882 1301.2049343061192 3642.4605077813158 5894.869042643861 2096.5583537771317 2969.2560551465676 2323.2079287845045 1351.3402987277627 3598.586373770675 5781.24100814697
14230_NOT3GEM002 1877.84668861477 3186.1584360839606 1993.7897394755882 1301.2049343061192 3642.4605077813158 5894.869042643861 2096.5583537771317 2969.2560551465676 2323.2079287845045 1351.3402987277627 3598.586373770675 5781.24100814697
14230_OXF1PRI001 1953.6844569190632 3157.293339972627 2458.3076128603216 1309.551084817015 3533.203419011429 6182.188715143229 2127.0805466838738 2850.7287142440373 2611.555153005904 1361.0648494181007 3551.6084014252315 6321.5491144415955
14230_OXF2PRI001 1848.7996817110002 3155.922692240986 2560.91802703197 1369.820492257388 3481.6877663904215 6079.020656074987 2114.95254219041 2868.370808026801 2606.170007938572 1321.4878891108344 3469.5579387133184 6264.344009069829
14230_OXF3TRI001 2026.0919007067064 3166.005591530159 2271.9398328428592 1346.1090027482574 3517.225297922456 5921.237254466756 2148.132552077239 2854.9400546714646 2527.9468236446814 1436.0905804567074 3484.012472546503 6044.441100070635
14230_OXF3TRI002 1983.1352065539747 3168.6397882048864 2286.826757478413 1376.195729445711 3528.9079419337004 6049.424523912206 2177.707565719378 2838.8785222909673 2517.4495393506772 1455.6218296141963 3540.3455636635404 6105.404984091527
14230_OXF3TRI003 1891.5787358457032 3180.446851714132 2334.339595187118 1324.4162755944803 3509.442842655897 5993.749887323985 2147.093047939645 2857.553001563845 2566.9378008240164 1445.173228692148 3521.9714577674154 6130.987541339014
14230_OXF3TRI004 1884.256739362173 3186.4913902532217 2435.2386530473877 1355.2564933828787 3521.3091588460047 5953.317605612689 2221.3588834745915 2843.8127576269917 2582.725325143109 1408.1079126757002 3517.4868419323634 6059.017081169159
14230_OXF3TRI005 1889.4746254295828 3153.719500872602 2241.286540411463 1350.9448448744774 3491.8609204037602 6006.441154654029 2067.3365295748154 2797.9781589613162 2480.9274469284437 1451.9092141778406 3501.7389250792157 6094.80524285598
14230_OXF3TRI006 1968.4464341413757 3158.4640856883243 2396.4621632648978 1347.3205811536027 3504.727658478991 5976.008126263753 2280.34952732332 2822.4336141917993 2575.8180560612363 1442.8065801168282 3500.8431340990396 6170.964009456901
14482_NOT1ACH001 2118.3785028809616 2855.058687771072 2610.6319037093535 1294.3703884477027 3941.0193047152115 6268.520448161883 2335.8934768099175 2786.893742866156 2592.5429139242624 1339.8977844793562 3938.135433090718 6041.312104803261
14482_NOT1ACH002 2149.929156105709 2832.0205110302077 2659.5941812375922 1379.515731629461 3887.3561039238602 6248.790003918829 2096.4254599272017 2794.904012209654 2613.0414566270097 1358.761076305563 3892.916472491428 5964.7665290679815
14482_NOT1ACH003 2256.6691814201354 2878.514275107162 2474.3189168016343 1338.4120220673503 3938.746425644089 6175.406314660315 2267.8787329150946 2737.855427990916 2483.2328337088866 1297.6633078878137 3778.2837884091796 6244.073805837797
14482_NOT1ACH004 2179.3081977740803 2807.379707170605 2615.230984330843 1366.6965434077451 3926.8520757325746 6192.106480957373 2341.1079965451045 2759.4315320100795 2608.2901816226727 1380.7234689291797 3906.5456666288223 5930.16147683378
14482_NOT1ACH005 2148.76811326314 2943.0512140052087 2565.747344694462 1342.7199732158867 3782.7725429428983 6327.146522533122 2235.8052108615666 2760.0872126218646 2607.3098812777844 1327.2979677217909 3799.55143787121 6002.977690507003
14482_NOT1ACH006 2247.901030481511 2860.8360661572374 2483.73328217101 1343.1761766838472 3943.7208726428235 6158.822539443525 2312.1287818975666 2716.119805967887 2546.111104704555 1339.5459662864382 3786.2203970300716 6094.500438789134
14482_NOT2ING001 2212.635468429349 3080.3525726834037 2642.439560922203 1333.3610985693256 3876.049304481392 6283.568059564463 2325.403975550808 2782.4981876797056 2711.4483794171056 1299.8956811477776 3785.0301545557204 6121.259668614833
14482_NOT3GEM001 2124.0218879668296 3028.698185348293 2321.1339496354776 1336.6412411707852 4048.940778737969 5969.634591228552 2278.932105784009 2973.203471465658 2553.0209914516163 1377.6582609135571 4037.224409624359 5969.800185759901
14482_NOT3GEM002 2124.0218879668296 3028.698185348293 2321.1339496354776 1336.6412411707852 4048.940778737969 5969.634591228552 2278.932105784009 2973.203471465658 2553.0209914516163 1377.6582609135571 4037.224409624359 5969.800185759901
14482_OXF1PRI001 2173.754687739856 2883.3263517497267 2794.654925678238 1376.376979297932 3988.831685805193 6030.451872346013 2262.4086571256803 2805.195878765453 2704.019827608463 1332.8865434347347 3856.3366491184815 6079.208179270006
14482_OXF2PRI001 2153.113201693034 2859.101677726515 2643.77483851932 1400.1013277844097 3954.193514512715 6016.093572419961 2350.138635393506 2759.000449965908 2632.822618906229 1347.8203855709078 3831.487037166803 6092.706201977734
14482_OXF3TRI001 2201.9550452982603 2944.6870725965773 2559.5381615581728 1342.7962580458407 3892.7727290063767 5967.895836598231 2237.719825017003 2750.602519429279 2636.28865254473 1371.3410378235592 3806.491579966737 5889.3695163758675
