session modality fwhm_avg fwhm_x fwhm_y fwhm_z spacing_x spacing_y spacing_z snr_total snr_gm snr_wm snr_csf snrd_total snrd_gm snrd_wm snrd_csf qi_1 cnr cjv efc
03286_NOT1ACH001 T1w 4.39987 4.47628 4.59827 4.12506 1.0 1.0 1.0 12.04530659590782 10.127395210832587 23.51541576296359 2.493108813927287 64.46196610936353 70.35473853892742 100.99807448193104 22.03308530723211 0.05246768924676242 3.739918869937376 0.36267778146865504 0.5825833114173188
03286_NOT1ACH001 T2w 2.898631790410835 2.931695371232504 2.91448 2.84972 1.0499999523162842 1.0 1.0 9.927088712997126 14.0729335746533 1.053050818779979 14.6552817455581 48.155712692066224 58.680078541769966 8.342697970411924 77.44436156401679 0.0 5.60762285247855 0.20510939502460285 0.675551811366314
03286_NOT2ING001 T1w 4.731330000000001 4.74937 5.03945 4.40517 1.0 1.0 1.0 13.885303234910573 12.284763516623574 26.55968337407989 2.811462814028256 55.18844252830903 60.97050564769128 83.77840392126191 20.8164180159739 0.06241591809894969 3.8546529275269372 0.339897185411091 0.6269069779684124
03286_NOT2ING001 T2w 2.746835755987883 2.7548572679636485 2.77732 2.70833 1.0499999523162842 1.0 1.0 9.912028012100768 15.398075324241924 1.0168427308640777 13.321165981196298 88.67621086294237 107.11353050651435 14.635512299114394 144.27958978319836 0.0 5.780132926154505 0.1908755400024532 0.6868324955162208
03286_NOT3GEM001 T1w 3.5724666666666667 3.34668 3.86299 3.50773 1.0 1.0 1.0 8.259094723430106 8.452635316078982 14.243030237571421 2.0816186166399144 26.907059520314238 29.13960214294499 44.10955151510943 7.472024902888303 0.01920848696053987 3.1985672550869335 0.4245167251949431 0.5149256870237896
03286_NOT3GEM001 T2w 2.466271111111111 2.4550933333333336 2.368653333333333 2.575066666666667 1.5 1.5 1.5 9.217109854201695 14.306451506483771 0.9829397958477049 12.361938260273607 16.237473633890197 17.932190997900022 3.213806633132408 27.56642327063816 0.0 4.063542385915961 0.2562397991132447 0.5694333329715157
03286_OXF1PRI001 T1w 4.215166666666667 4.19347 4.21241 4.23962 1.0 1.0 1.0 12.815477175969967 11.075006398873528 24.906844783705008 2.4645803453313637 78.08803073169211 86.39011067134895 120.87101202656609 27.00296949716126 2.7287115024285532e-05 3.7438257621143753 0.35644988311347336 0.46392682493951753
03286_OXF1PRI001 T2w 3.119249457160669 2.935228371482006 3.62552 2.797 1.0500000715255737 1.0 1.0 11.797283035670334 17.04201134668736 1.5130623266679852 16.83677543365566 95.0452147012847 110.30957634606324 25.90145503341365 148.92461272437723 4.2020525504226005e-05 4.609197866080818 0.2640135639696592 0.46702923571310884
03286_OXF2PRI001 T1w 4.331056666666666 4.3317 4.27752 4.38395 1.0 1.0 1.0 12.230214476114064 10.523331418161304 24.11810440870704 2.0492076014738485 72.16580055809779 80.01719961604509 113.85264059188239 22.6275614663659 9.611868645991338e-05 3.770457852942389 0.3567294070347986 0.48052768918789784
03286_OXF2PRI001 T2w 3.3393913566345472 3.168114069903641 3.84899 3.00107 1.0500000715255737 1.0 1.0 11.37289427432241 15.947232518793147 1.4344795058050022 16.736970798369086 78.57552451552944 90.93448304756001 21.470216442014 123.32187405701431 0.00021370211749601945 4.333427813143503 0.2969998271344996 0.4680026724009607
03286_OXF3TRI001 T1w 4.2341500000000005 4.20338 4.26475 4.23432 1.0 1.0 1.0 12.477122378847932 11.063969510335701 23.927761446888997 2.4396361793191 78.24942571450624 87.00442087475075 122.26735042279915 25.476505845968823 0.0 3.751017386150345 0.35491079037507267 0.45755798191356667
03286_OXF3TRI001 T2w 2.9578539070471117 2.6955617211413347 3.39238 2.78562 1.0500000715255737 1.0 1.0 12.265802420672477 18.290185112757836 2.2315977011959944 16.2756244480636 104.58818151183031 123.73063048225437 39.29355492713981 150.74035912609673 4.088190088661535e-05 4.47375889980724 0.2697867908592806 0.5109271559724733
03997_NOT1ACH001 T1w 3.963833333333333 4.02656 4.19081 3.67413 1.0 1.0 1.0 11.72681184141644 11.119390509042194 21.787184806711792 2.273860208495327 49.37131327457553 53.00739672848778 73.44813295671804 21.658410138520765 0.00045391635267073095 3.479139969527007 0.38849884116259487 0.5853691244264093
03997_NOT1ACH001 T2w 2.6690533738932554 2.6794001216797656 2.68189 2.64587 1.0499999523162842 1.0 1.0 9.755317484198242 14.60025571755892 1.046729267075014 13.61896746796079 53.105901277922555 64.53510320387689 10.023260016610953 84.75934061327985 0.0 5.158720395601843 0.22372300375499818 0.6450403719144961
03997_NOT2ING001 T1w 4.5261933333333335 4.57951 4.79848 4.20059 1.0 1.0 1.0 15.240851585131415 12.40098488392574 30.93914289197996 2.382426979488539 77.55648728645315 83.73360122778114 114.80143202831738 34.13442860326092 0.06739071759096027 4.0179408651550155 0.32852402848565604 0.5907851546670229
03997_NOT2ING001 T2w 2.6672282947507724 2.6941048842523156 2.65572 2.65186 1.0499999523162842 1.0 1.0 9.519671670293572 16.178215125535047 1.0257795987147527 11.355020286630918 67.52619301316206 80.90990994872031 12.39717006845097 109.27149902231487 0.0 5.231668589835291 0.20924534242962772 0.6839569123266666
03997_NOT3GEM001 T1w 3.0901033333333334 2.89969 3.38559 2.98503 1.0 1.0 1.0 7.984725130382851 8.483587790318927 13.9422485790449 1.5283390217847284 21.39619613848717 22.85707087483346 34.30656272738697 7.02495481324109 0.01790109547996264 3.088525984290133 0.4410287356974327 0.5155623414061163
03997_NOT3GEM001 T2w 2.3825644444444443 2.394693333333333 2.2903533333333335 2.4626466666666667 1.5 1.5 1.5 9.829511307190401 14.657071960585746 1.024877119646009 13.80658484133945 14.577124793363444 17.256586847480612 3.2014595671126664 23.27332796549705 0.0 4.054154815416886 0.25494604857318237 0.5648042986404586
03997_OXF1PRI001 T1w 3.7607933333333334 3.75053 3.76426 3.76759 1.0 1.0 1.0 12.252295828825083 10.410086038574146 24.116883756612207 2.229917691288895 72.63267925932546 78.13029660856093 110.63502383334449 29.132717336070943 5.4908659077110735e-05 3.6851398922754006 0.3677608366985256 0.4704229111570953
03997_OXF1PRI001 T2w 3.0428275548666393 2.8265426645999185 3.60757 2.69437 1.0500000715255737 1.0 1.0 12.106236070938493 17.90934588990034 1.2943362453800222 17.11502607753512 103.77911921396093 121.58092089668023 28.306659540954595 161.44977720424794 1.1697498651258238e-05 4.0717488483628035 0.30365801508403173 0.4648295922893632
03997_OXF2PRI001 T1w 3.931703333333333 3.90748 3.92028 3.96735 1.0 1.0 1.0 11.508270359394386 9.823979653540277 22.745507550878276 1.9553238737646026 69.30255667315286 74.28183607068351 107.52826227876875 26.097571670006317 2.6783775536655988e-06 3.718242646911255 0.36531063146159304 0.48269587299975014
03997_OXF2PRI001 T2w 3.335454532477282 3.113523597431846 3.92358 2.96926 1.0500000715255737 1.0 1.0 11.923059533265672 17.562539189068207 1.1884904943606382 17.01814891636817 85.71056619350664 100.998962219914 22.914219338529268 133.21851702207664 0.0 3.8791201194029648 0.3008833067354387 0.47405562720778316
03997_OXF3TRI001 T1w 3.7786266666666664 3.76598 3.80671 3.76319 1.0 1.0 1.0 11.307543185554591 10.036575723441066 21.887747840992027 1.9983059922306807 78.68928713627389 84.98170056865108 120.85652167884228 30.229639161328326 0.0 3.5415834984584573 0.37943131305348277 0.4691741329751123
03997_OXF3TRI001 T2w 2.8511948627490558 2.549304588247168 3.31423 2.69005 1.0500000715255737 1.0 1.0 12.554008897706131 17.780633648978124 2.1165179719195466 17.764875072220725 71.85157631654364 83.07631270064776 31.982048588213523 100.49636766076966 0.010299095660455764 3.227790048401242 0.38244482784345224 0.5029999201665318
10975_NOT1ACH001 T1w 4.39262 4.50757 4.62854 4.04175 1.0 1.0 1.0 12.693288938041425 10.719949993036286 25.12438577509827 2.235531045989717 53.03401582169827 55.3202511378865 83.12552304244373 20.65627328476456 0.0 4.5102569623809465 0.29663595614510213 0.6566321713960287
10975_NOT1ACH001 T2w 2.786491947723962 2.8380858431718847 2.80269 2.7187 1.0499999523162842 1.0 1.0 10.160390662343673 14.651544878436129 0.9920416045587368 14.837585504036156 62.83766623156249 75.25545532942208 12.385464808785917 100.87207855647948 0.0 4.651597750036077 0.24527446128660002 0.6674401713722852
10975_NOT2ING001 T1w 4.8066466666666665 4.88872 5.09549 4.43573 1.0 1.0 1.0 14.857931992487437 12.232286196296807 29.84269542008126 2.498814361084249 67.03403124963737 70.18719675542619 102.97329737115672 27.94159962232918 0.06104240831005714 4.873517072251002 0.27171245853189446 0.6262064091527507
10975_NOT2ING001 T2w 2.814502742975602 2.943838228926805 2.73634 2.76333 1.0499999523162842 1.0 1.0 10.454087134400064 15.979258028968085 1.0548572499755473 14.32814612425656 64.53865681922372 76.45745858486782 13.094367587034572 104.06414428576876 0.0 4.757132789293638 0.23276907182311202 0.6796272804147043
10975_NOT3GEM001 T1w 3.3858933333333336 3.23371 3.66582 3.25815 1.0 1.0 1.0 8.657350963342529 9.120240473255805 14.999531109517942 1.8522813072538387 29.079900443420268 30.19490177666346 46.8924627872539 10.152336766343444 0.013547210316536934 3.629597552810762 0.371481733923664 0.5081438203259755
10975_NOT3GEM001 T2w 2.632144444444444 2.62222 2.5534333333333334 2.72078 1.5 1.5 1.5 9.917331965914139 14.247634534169723 1.0180855730531642 14.486275790519526 17.27911718244992 19.807668684581984 4.036953854536624 27.992729008231155 0.0 3.6541150086562144 0.28819294648211763 0.5538620157653938
10975_OXF1PRI001 T1w 4.24093 4.22335 4.29603 4.20341 1.0 1.0 1.0 12.930998491975346 11.571369267902698 24.74003543944783 2.481590768575516 75.97654403422739 79.37660920652147 115.97204750831821 32.58097538784251 1.2886628778750758e-06 4.391019154469632 0.30860359136620275 0.46079108029835253
10975_OXF1PRI001 T2w 3.1324612022002474 2.978923606600743 3.66808 2.75038 1.0500000715255737 1.0 1.0 12.492648161436207 18.31819819848056 1.389343866109381 17.77040241971868 121.3364506172885 136.59365695503968 36.71564067670113 190.70005422012468 0.0 3.6365151841138315 0.33898999605037006 0.4599103733420797
10975_OXF2PRI001 T1w 4.318553333333333 4.35372 4.27542 4.32652 1.0 1.0 1.0 12.322464325249664 11.227196626097165 23.438953586140343 2.301242763511483 74.86261619530536 77.9449451970969 116.06477030148571 30.57813308733347 1.4638552188634335e-05 4.457105773010297 0.30757450863961866 0.4536055207608645
10975_OXF2PRI001 T2w 3.5730469071431976 3.390380721429594 3.99308 3.33568 1.0500000715255737 1.0 1.0 10.640046958796686 15.085405662097187 1.4189296645361391 15.415805549756735 58.47968795707997 67.06305408779026 16.76399367464239 91.61201610880727 0.0 3.9794014588378994 0.32879477770940563 0.4556826582569568
10975_OXF3TRI001 T1w 4.224943333333333 4.26403 4.22299 4.18781 1.0 1.0 1.0 12.318660939839168 11.20915856475963 23.426415828491095 2.3204084262667792 82.37495603609467 86.82136213400905 126.81314074308766 33.49036523118731 0.0 4.221956982736016 0.3201672535918762 0.4645563208223971
10975_OXF3TRI001 T2w 2.9723037480079277 2.7091712440237834 3.42637 2.78137 1.0500000715255737 1.0 1.0 11.781569999629703 17.801783861674796 1.8259640442246543 15.716962092989657 109.89429932751278 127.64514908968256 45.25118144210976 156.78656745074605 0.00013591511647925483 3.192852367677831 0.37172903488510767 0.5235019424390541
12813_NOT1ACH001 T1w 4.390453333333333 4.43916 4.60047 4.13173 1.0 1.0 1.0 12.845532225431446 10.072247474529107 26.43415183179049 2.030197369974744 57.884225227585205 61.73488336925284 92.184241346961 19.733550966541753 0.0002645040142107499 4.2994522077219335 0.31057186312168467 0.660298451695393
12813_NOT1ACH001 T2w 2.8244730585706677 2.8206191757120034 2.83119 2.82161 1.0499999523162842 1.0 1.0 10.151818538858818 15.06413035216596 0.9628439965289123 14.428481267881581 52.71161275476812 63.95928170674416 8.695897416113487 85.47965914144673 0.0 5.525750752849508 0.19944080734095715 0.6614963626750319
12813_NOT2ING001 T1w 4.840646666666667 4.8452 5.13598 4.54076 1.0 1.0 1.0 15.594669119038985 11.960322499354653 32.676824132211586 2.146860725550719 72.29608599173478 77.76076051201674 112.07675939102424 27.05073807216333 0.04818382355732906 4.649941573767394 0.2798486115251537 0.6333873204980898
12813_NOT2ING001 T2w 2.8056843285803263 2.831742985740979 2.78864 2.79667 1.0499999523162842 1.0 1.0 10.438720567011194 16.200125164170302 0.9643887431415804 14.151647793721695 87.62131296852117 105.8006448469193 14.307509883601771 142.7557841750424 0.0 5.639808735251404 0.19173236589288742 0.6862753616483367
12813_NOT3GEM001 T1w 3.1654033333333333 2.97265 3.43993 3.08363 1.0 1.0 1.0 8.25586898212888 8.483466266501289 14.576110177196172 1.7080305026891822 20.429628468826717 21.64056421729211 33.726159943862946 5.922161245325092 0.011676414583883235 3.4474274303024623 0.38864493273212863 0.5239426071535006
12813_NOT3GEM001 T2w 2.5341911111111113 2.5363866666666666 2.441946666666667 2.62424 1.5 1.5 1.5 10.739300260418636 16.35054013071971 1.0396880137364872 14.82767263679971 16.762816676222148 19.638474935703005 4.436612623927889 26.213362469035552 0.0 3.3803640981273277 0.32962282044799224 0.5339423389738711
12813_OXF1PRI001 T1w 4.11468 4.03146 4.11998 4.1926 1.0 1.0 1.0 13.132071178695064 10.977154837920496 26.16079943294047 2.2582592652242273 91.79798114000731 99.11672029194948 142.51861182550522 33.75861130256723 0.0 4.1077867181370555 0.32551580548250086 0.45611524551895677
12813_OXF1PRI001 T2w 3.0470966036742113 2.774199811022635 3.64209 2.725 1.0500000715255737 1.0 1.0 12.867017886618006 18.546967133573272 1.2601303347561992 18.793956191524547 158.42639779002033 183.2511057830272 43.46644446885233 248.5616431181814 0.07225455836102729 3.8953036411233493 0.3035814960643134 0.44149386274788827
12813_OXF2PRI001 T1w 4.2636 4.19717 4.24793 4.3457 1.0 1.0 1.0 12.365649430939376 10.665914088998395 24.440437170665128 1.9905970331546012 71.83138676514584 77.60422554042341 113.86788233501379 24.022052420000332 0.0 4.185322595079711 0.3256582907700166 0.48048277502095293
12813_OXF2PRI001 T2w 3.2600472336456883 2.9921617009370647 3.85332 2.93466 1.0500000715255737 1.0 1.0 12.198074427586505 17.144715917449552 1.2594194904345235 18.19008787487544 106.84496683510247 124.82041506023674 28.15423703885317 167.5602484062175 0.0 4.110150965899222 0.30721406648145066 0.45297299865209584
12813_OXF3TRI001 T1w 4.181533333333333 4.11162 4.20634 4.22664 1.0 1.0 1.0 12.33591947306922 11.170166420996422 23.62470577205873 2.212886226152508 78.42699840026692 84.22707106841963 125.91591166544389 25.138012466937248 0.0 4.5034816855672775 0.2971839566478076 0.45299241961884384
12813_OXF3TRI001 T2w 2.8532837520406074 2.5315712561218224 3.3033 2.72498 1.0500000715255737 1.0 1.0 12.827524267993958 18.137849317521752 1.7831840479449887 18.561539438515133 118.69988012932355 141.586909595645 43.06529398422359 171.44743680810203 0.0002235738161927277 3.880522090526479 0.3045245809222161 0.45496267306115257
13192_NOT1ACH001 T1w 4.107406666666666 4.10943 4.28663 3.92616 1.0 1.0 1.0 11.553874636728947 11.461519291594012 20.77750446068098 2.4226001579118472 46.90114966920455 50.37219917812755 72.72232805416236 17.608921775323733 0.024542656191524414 3.951352509635847 0.34792743294160716 0.6257397362994278
13192_NOT1ACH001 T2w 2.84942813738315 2.784114412149448 2.88812 2.87605 1.0499999523162842 1.0 1.0 10.18262355387114 13.987993457040538 1.0792423610877493 15.480634843485133 45.9931519039005 56.37804384033009 8.442143430535054 73.15926844083634 0.0 5.432533614880348 0.2186044837805287 0.6648854816688168
13192_NOT2ING001 T1w 4.69418 4.62753 4.95926 4.49575 1.0 1.0 1.0 14.040733205600057 13.782080953583286 25.612314001314626 2.727804661902258 41.37502827790181 44.91734531768324 62.71451805166184 16.493221464360364 0.04009425686990638 4.310564576826086 0.30625067608282625 0.6370587627452374
13192_NOT2ING001 T2w 2.90604877367771 2.874876321033129 2.91179 2.93148 1.0499999523162842 1.0 1.0 10.420395853225152 16.10570561742159 1.1324983636687695 14.022983578585093 60.16581997404658 73.40474908274638 10.985204920645753 96.1075059187476 0.0 5.813342060659618 0.19554408483086963 0.6944314595899359
13192_NOT3GEM001 T1w 3.12716 2.84735 3.41947 3.11466 1.0 1.0 1.0 7.709025590089635 8.78002705594652 12.387882578754082 1.9591671355683031 17.343593115475027 18.5322845608537 28.253480530545616 5.245014255025758 0.006582633100977694 3.0609845439420287 0.44067555615058657 0.5037426244428523
13192_NOT3GEM001 T2w 3.235055555555556 2.3925266666666665 3.419872 3.892768 1.5 0.9375 0.9375 9.326526703507257 15.332012088159386 1.0458232557362053 11.601744766626183 18.63034846199777 21.83043509529425 3.690077626702121 30.370532663996936 0.0 4.594067551757287 0.22557222634959015 0.5610143200803837
13192_OXF1PRI001 T1w 3.8373633333333337 3.74396 3.80062 3.96751 1.0 1.0 1.0 11.776020930837696 11.691911321524815 21.07977084684847 2.5563806241398037 70.2178490561545 76.49304036907722 107.688581083084 26.47192571630229 3.196676900848835e-05 3.7465888231072233 0.36316738885476335 0.4511596615772602
13192_OXF1PRI001 T2w 3.172815013586641 2.8968950407599237 3.70587 2.91568 1.0500000715255737 1.0 1.0 12.250494018228189 16.68048320900683 1.5085746814531213 18.562424164224613 91.09341798617487 107.83017760335376 24.508328222891198 140.94174813227966 1.3739504490658903e-06 4.761063621081111 0.25525075059254376 0.4498743504474039
13192_OXF1PRI002 T1w 3.86228 3.75142 3.85528 3.98014 1.0 1.0 1.0 12.028755501418052 11.511076124130089 21.968037658659707 2.607152721464359 61.759124444196296 67.04138433475856 94.94549636533746 23.290492632492874 2.1028283040689728e-05 3.831932074932861 0.35750198830350743 0.45450159897593456
13192_OXF1PRI002 T2w 3.168635172621284 2.8834855178638517 3.72275 2.89967 1.0500000715255737 1.0 1.0 12.763071569917424 18.16024592864765 1.5368057320703488 18.592163049034273 110.90576883607984 131.47717194009448 30.77107868918759 170.46905587895745 4.1998404060645696e-06 4.727709088684795 0.25081135823561634 0.44926606758050547
13192_OXF1PRI003 T1w 3.8793966666666666 3.77354 3.86202 4.00263 1.0 1.0 1.0 12.065809966469992 11.559347075719195 22.043809891175375 2.594272932515406 70.21489225361559 76.46239249977084 107.7175970466314 26.464687214444545 2.5324923288093976e-06 3.7885517500860177 0.36076234101954496 0.4538685139492395
13192_OXF1PRI003 T2w 3.1761615210915086 2.915904563274527 3.70394 2.90864 1.0500000715255737 1.0 1.0 12.737571349815951 17.671379306911938 1.490100623378093 19.051234119157826 102.88625867944188 122.0792641101661 27.378947698074246 159.20056423008526 7.153520153089339e-05 4.821720795077079 0.24615029078484765 0.4479802796971146
13192_OXF1PRI004 T1w 3.86124 3.7506 3.86432 3.9688 1.0 1.0 1.0 11.970010893562614 11.64565185526453 21.65549277580245 2.6088880496208637 68.00483731745571 73.94911382478756 104.18152094358555 25.883877183994027 0.0001563617112022748 3.782192687991879 0.36243489092155756 0.4533311521395407
13192_OXF1PRI004 T2w 3.192243267098386 2.916999801295158 3.74909 2.91064 1.0500000715255737 1.0 1.0 12.880369068235458 18.018917035054073 1.5122545329858126 19.109935636666485 126.33430385217714 149.98687476820922 34.29610186930028 194.71993491902197 1.9766558935592763e-05 4.787208448001924 0.24648697714245862 0.44081517721658936
13192_OXF1PRI005 T1w 3.9177033333333333 3.79171 3.95209 4.00931 1.0 1.0 1.0 12.037350184018456 11.891774355218557 21.61807008909362 2.6022061077431853 65.02993230507359 70.94396475948997 99.37919293996173 24.76663921576907 1.4479436214192127e-05 3.7613382052765165 0.3647288055145202 0.45521292225354626
13192_OXF1PRI005 T2w 3.1943572355348713 2.908961706604614 3.7567 2.91741 1.0500000715255737 1.0 1.0 12.961885243284927 18.317301335386492 1.502827734714446 19.065526659753843 127.90245157062209 151.87158855840676 34.8370591522359 196.99870700122364 0.0 4.752185104734297 0.24824469110065225 0.44265446894869087
13192_OXF1PRI006 T1w 3.928123333333333 3.79546 3.97221 4.0167 1.0 1.0 1.0 12.042797533333959 11.824271732934246 21.695455854768866 2.608665012298765 66.09874738916143 71.82710245063386 101.6731576049473 24.795982111903136 1.1867041665183287e-05 3.8761005318772384 0.35353794421091717 0.4587718649720865
13192_OXF1PRI006 T2w 3.1589881883803343 2.8885045651410035 3.70657 2.88189 1.0500000715255737 1.0 1.0 12.755455440167793 17.90215381064125 1.4409852436543684 18.92322726620776 110.94641515121178 132.03052596089563 28.403864928249366 172.40485456449034 3.8093963497517646e-05 4.921514155502615 0.2426948591949471 0.4516853230100734
13192_OXF2PRI001 T1w 4.012826666666666 3.91968 3.9343 4.1845 1.0 1.0 1.0 11.389764871406193 11.289002399501866 20.49382725044462 2.3864649642720943 63.98593601535536 69.57314031868246 99.9307446905472 22.453923036836393 0.0 3.8496444108365053 0.35823981444825803 0.45553321484226306
13192_OXF2PRI001 T2w 3.3312643754862274 3.0369331264586816 3.88698 3.06988 1.0500000715255737 1.0 1.0 12.81064922401057 17.98394532876349 1.4087783029626786 19.039224040305545 104.30903123911988 124.63132871652037 27.099509529208717 161.19625547163054 0.0 4.767733431063435 0.2540056736944843 0.4456153733939382
13192_OXF3TRI001 T1w 3.908943333333333 3.80963 3.90129 4.01591 1.0 1.0 1.0 10.657766580299475 11.368329037578313 18.051837566911814 2.553133136408297 59.850042618478845 65.24944650776906 93.01780936697591 21.282871980691574 0.0 3.587211707384295 0.3826032066114792 0.4458407568413731
13192_OXF3TRI001 T2w 2.9641042261699795 2.6223426785099386 3.38326 2.88671 1.0500000715255737 1.0 1.0 12.179736706687942 16.514734991357212 2.3273408010119385 17.697134327694677 72.98979354165326 86.17874049761144 29.48678887221268 103.30385125513564 4.014658613504801e-05 4.13274697387233 0.29682441712278984 0.474884610003157
13305_NOT1ACH001 T1w 4.33164 4.45757 4.46003 4.07732 1.0 1.0 1.0 12.861547896314306 10.674603086263879 25.119111120567247 2.790929482111796 51.15099415801752 55.12287377723081 77.00859668422734 21.321512012594408 0.00019043017705969078 3.62288848425498 0.37670125868608473 0.6242806129787932
13305_NOT1ACH001 T2w 2.6038905158901446 2.6225715476704345 2.56608 2.62302 1.0499999523162842 1.0 1.0 9.289893225616304 13.379652392574958 1.0397218719154662 13.450305412358487 64.09280467574126 76.0782766212528 12.693030720116912 103.5071066858541 0.0 4.701070907634619 0.2536181452137201 0.6634003183287942
13305_NOT2ING001 T1w 4.820406666666667 4.92101 5.00588 4.53433 1.0 1.0 1.0 15.449766307574572 11.442845503042962 32.413631835049195 2.4928215846315602 63.64946532703584 69.46615583677458 97.63898572071544 23.84325442361753 0.052293732686714105 4.137891947225568 0.3189829879621173 0.6337133371369211
13305_NOT2ING001 T2w 2.6565257549282446 2.684857264784734 2.63141 2.65331 1.0499999523162842 1.0 1.0 10.009056866380975 15.727267363240548 1.0654581511925676 13.23444508470981 70.69887570403068 84.03865513814387 14.016684553719534 114.04128742022866 0.0 4.926153694483256 0.23692773605127818 0.6928045313898394
13305_NOT3GEM001 T1w 3.2749400000000004 3.09757 3.51512 3.21213 1.0 1.0 1.0 7.880330053885966 8.300228103935497 13.434864234833217 1.9058978228891794 17.280208037871883 18.627556318828592 27.987250500597114 5.225817294189936 0.008559578348177246 2.9890496547832908 0.4448033943914553 0.5527425825099616
13305_NOT3GEM001 T2w 2.4689799999999997 2.4872666666666667 2.3306066666666667 2.5890666666666666 1.5 1.5 1.5 10.143445346454621 15.279046804286544 1.0623035399253875 14.088985695151935 14.69693198321486 16.963162197935624 3.6996738475745348 23.427959904134422 0.0 3.5314128121863417 0.3077825307935448 0.5719139156524375
13305_OXF1PRI001 T1w 4.124633333333334 4.1507 4.04101 4.18219 1.0 1.0 1.0 12.481505730979592 10.563834697430307 24.477518582801856 2.40316391270661 83.55955297836711 90.82574011325757 128.91085872938558 30.942060092458213 3.846819641861092e-06 3.769410408223217 0.35855854131890114 0.4896378188947638
13305_OXF1PRI001 T2w 2.958268507839259 2.8004855235177777 3.43819 2.63613 1.0500000715255737 1.0 1.0 11.591005136748379 17.046752247161375 1.54930251557552 16.176960647508245 115.03330328026624 131.1744890396791 34.95747687259468 178.96794392852496 0.0 4.034591101925315 0.3132528431554913 0.4759762620940207
13305_OXF2PRI001 T1w 4.168166666666667 4.20885 4.05005 4.2456 1.0 1.0 1.0 11.84380716334117 10.329384886861826 23.010283781647047 2.191752821514642 66.6828416032639 72.58422632299173 103.98434941174965 23.479949075050282 1.08738781515857e-05 3.746939709363622 0.36279658576400803 0.5014388416170279
13305_OXF2PRI001 T2w 3.0846139021470425 2.9113617064411272 3.56862 2.77386 1.0500000715255737 1.0 1.0 11.665616410756607 16.58724471830094 1.4922754544765133 16.917329059492374 91.8995153496179 105.001439105058 27.232349979190538 143.46475696460516 0.0 4.0239905785629535 0.3170568137226303 0.4857875682578173
13305_OXF3TRI001 T1w 4.114 4.1502 4.01527 4.17653 1.0 1.0 1.0 10.696929873511927 9.866066286926387 20.1071662371606 2.1175570964487913 70.85176691914091 77.05687300879664 113.09616973376606 22.402258014860024 0.0 3.735798692445166 0.35683392824069277 0.47732504419262084
13305_OXF3TRI001 T2w 2.846543274695991 2.5823998240879726 3.25211 2.70512 1.0500000715255737 1.0 1.0 12.548530954391339 18.088208492630308 1.9196188957673055 17.6377654747764 121.83011387553768 145.24987592414203 44.7392682474235 175.50119745504753 3.266558622275536e-05 4.075980447229601 0.30526814038946504 0.5093163940936632
14221_NOT1ACH001 T1w 4.10641 4.13212 4.30341 3.8837 1.0 1.0 1.0 11.116472265096228 10.62680839605734 20.516254516058194 2.2063538831731475 32.26657187495201 34.627914347203706 49.499774201150345 12.67202707650198 8.929755988039229e-06 3.6210265005097306 0.36985724785074353 0.6816393081284297
14221_NOT1ACH001 T2w 2.947343218796286 2.919409656388858 2.93582 2.9868 1.0499999523162842 1.0 1.0 10.530998042189568 14.985807825903265 1.0369425011974043 15.570243799468033 43.215728124679345 52.43720908967193 8.549944849184573 68.66003043518153 0.0 4.886723654966168 0.23345404614231657 0.6557616075685575
14221_NOT2ING001 T1w 4.638193333333333 4.59655 4.90734 4.41069 1.0 1.0 1.0 14.86596099534524 12.682230376023684 29.497876282622553 2.417776327389484 61.17223198258316 66.31221274837354 92.34521030292973 24.859272896446228 0.019593024303241034 4.247267455474643 0.3085892771145015 0.6332012690991319
14221_NOT2ING001 T2w 2.617317024347533 2.6569810730426 2.55134 2.64363 1.0499999523162842 1.0 1.0 10.277320376753385 15.453334576708142 0.9284721803735585 14.450154373178451 63.73397348042277 76.3971945510769 12.508791545402243 102.29593434478916 0.0 4.447309796924709 0.23051692392092646 0.6555901961527146
14221_NOT3GEM001 T1w 3.2982533333333333 3.00462 3.59373 3.29641 1.0 1.0 1.0 7.923882878351475 9.304451343727944 12.592559555778422 1.8746377355480588 21.447861854755033 23.192043278309587 34.60162804597183 6.549914239983687 0.02073999715184738 3.0286160098983226 0.4417866638463586 0.5287907676543439
14221_NOT3GEM001 T2w 2.5445177777777777 2.5197866666666666 2.5027333333333335 2.6110333333333333 1.5 1.5 1.5 10.679020872034188 15.220026525491923 0.7535759508948859 16.06346013971576 18.134060013215393 21.90186972950289 3.380571976421962 29.119738333721326 0.0 3.8624278984017186 0.22227692618085004 0.5432844523939989
14221_OXF1PRI001 T1w 3.9866466666666667 3.90419 3.99337 4.06238 1.0 1.0 1.0 12.791158167621711 11.586974592382017 24.452811164481815 2.333688746001306 75.85837088768716 82.60503469560791 116.55248760687634 28.41759036057722 0.0 3.9470762139444844 0.3438742391470607 0.4554934065028083
14221_OXF1PRI001 T2w 3.1263827930371337 2.8232283791114003 3.75227 2.80365 1.0500000715255737 1.0 1.0 13.266601112778375 19.02883412175324 1.4244299417717683 19.346539274810116 126.13680066210357 147.99798181522962 35.06568257683949 195.34673759424163 0.000447845321946581 4.37309346772105 0.26140358476645675 0.43639533786332024
14221_OXF2PRI001 T1w 3.991823333333334 3.92376 3.9487 4.10301 1.0 1.0 1.0 12.086606859242844 11.253076769941508 22.864537026066554 2.142206781720469 63.81352517827158 69.51647709697791 98.72843823002171 23.195660207815145 0.0 3.861255844632022 0.35623802300375956 0.4495684340589423
14221_OXF2PRI001 T2w 3.147806284901024 2.832018854703073 3.7574 2.854 1.0500000715255737 1.0 1.0 13.067747971767156 18.166378656097887 1.4876914657077178 19.549173793495864 93.49623635410678 109.50895180621515 26.51585532961103 144.46390192649423 0.0 4.408775105034704 0.2672563854349603 0.43102805490858725
14221_OXF3TRI001 T1w 3.9524500000000002 3.89671 3.94023 4.02041 1.0 1.0 1.0 11.638804815631984 10.811284942131497 21.990793765304787 2.114335739459667 74.32801359847186 81.33502219287874 115.56212916346163 26.086889439075172 0.0 3.720317984930047 0.36542372277084734 0.4455928171964574
14221_OXF3TRI001 T2w 2.9611445438260056 2.613723631478017 3.43831 2.8314 1.0500000715255737 1.0 1.0 13.585050092847979 18.785243041118843 2.284581331643379 19.685325905781713 105.56268507875514 124.19346960124618 44.66656394040909 147.82802169461013 2.5004605627727753e-05 3.851448153807758 0.29578337926148124 0.45772552344859924
14229_NOT1ACH001 T1w 4.2022699999999995 4.31719 4.4271 3.86252 1.0 1.0 1.0 11.776232898524407 11.24613196002858 21.373575425506136 2.7089913100385115 41.645404608928 45.50742638480972 63.10764704459057 16.32114039738369 0.003239042467731954 3.483964337910487 0.3900401590761515 0.5992025030333525
14229_NOT1ACH001 T2w 2.7969843279536257 2.790342983860878 2.82334 2.77727 1.0499999523162842 1.0 1.0 9.479200212920068 13.760202709160792 1.1671099174242292 13.51028801217518 56.76711914352804 69.63491973573797 10.432497256811192 90.23394043803498 0.0 5.751907823623441 0.21118813882200435 0.6760809219999327
14229_NOT2ING001 T1w 4.566943333333334 4.6409 4.86275 4.19718 1.0 1.0 1.0 15.027902912763837 12.84540412806337 29.340913748573197 2.897390861654946 64.6593602214712 70.8922214233579 97.36215728706658 25.723701953989128 0.07889610884195147 4.08938726477351 0.32277715959268755 0.6278970920056273
14229_NOT2ING001 T2w 2.8448314717125425 2.849914415137628 2.87803 2.80655 1.0499999523162842 1.0 1.0 10.372137832310463 16.52022714822129 1.1668111925896925 13.429375156120402 73.46847137555046 90.19669280415582 12.663063709551416 117.54565761294415 0.0 6.372832119558502 0.1777567654963452 0.687467496982838
14229_NOT3GEM001 T1w 3.333296666666667 3.12401 3.64957 3.22631 1.0 1.0 1.0 7.753077445826595 8.60430425626783 13.867093469849982 0.7878346113619782 18.69756993729383 20.064790451012644 30.772065278756923 5.255854082111919 0.006608935280499235 3.2594359773345722 0.40643416981538105 0.5214236284784953
14229_NOT3GEM001 T2w 2.5886022222222222 2.60204 2.4661133333333334 2.6976533333333332 1.5 1.5 1.5 10.156688707054304 14.79667221770564 1.3631740456368264 14.310219857820446 16.602012839598387 19.315476403322688 3.589647814962808 26.900914300509662 0.0 5.060463065552367 0.22919069832353126 0.5678698895390786
14229_OXF1PRI001 T1w 3.9658833333333336 3.96523 3.96668 3.96574 1.0 1.0 1.0 12.347238708315873 11.148893173404307 23.254164293633032 2.6386586579102795 64.20028239621216 70.93921579622136 98.36231040717163 23.299320985243465 0.0 3.5760634600080787 0.3770603010597894 0.4733008140348476
14229_OXF1PRI001 T2w 3.135331520601048 2.9375045618031437 3.66538 2.80311 1.0500000715255737 1.0 1.0 12.641179319520978 18.23097384044129 1.412256495083352 18.28030762303829 99.76217247340277 119.51211228833367 24.85359012768347 154.92081500419118 0.0 5.037425114403955 0.22288498613933488 0.47961883037903547
14229_OXF2PRI001 T1w 4.07908 4.08894 4.03848 4.10982 1.0 1.0 1.0 11.457343909837276 10.519285144288085 21.50228176888626 2.3504648163374826 54.86287116580212 60.19778819228516 85.62650901229134 18.76431629282984 0.0 3.631400094642505 0.3773279881241023 0.4998902182530161
14229_OXF2PRI001 T2w 3.383396594423571 3.1815997832707144 3.93301 3.03558 1.0500000715255737 1.0 1.0 12.359006366811068 17.99975697887952 1.3389699319767516 17.73829218957693 80.7654800567771 97.22818537351186 19.88696612842292 125.1812886683965 0.0 4.889565200433647 0.23691569556973244 0.48783523898389075
14229_OXF2PRI002 T1w 4.129523333333334 4.14705 4.10853 4.13299 1.0 1.0 1.0 11.24840692933588 10.493783852280394 21.73111471314724 1.5203222225800135 56.65631097724296 62.12142026229387 89.19186497320064 18.655647696234368 0.0 3.742561153594572 0.3674826011680552 0.5029894076366431
14229_OXF2PRI002 T2w 3.477777386040941 3.271152158122824 4.02029 3.14189 1.0500000715255737 1.0 1.0 12.381903123472163 17.857921047511944 1.4222414926307205 17.865546830273825 62.40309658846084 74.75798732921972 16.235263784801266 96.21603865136154 0.0 4.806326449123335 0.2391018683563199 0.49201835504641184
14229_OXF2PRI003 T1w 4.107550000000001 4.1033 4.10669 4.11266 1.0 1.0 1.0 11.569015085311518 10.568312930240822 22.021516896887952 2.1172154288057787 51.50638867341743 56.51282842395627 80.62885083542487 17.377486760871165 2.2733804390390194e-06 3.702344987047769 0.37315860534763523 0.4895118150609494
14229_OXF2PRI003 T2w 3.3375562779437438 3.138418833831231 3.87173 3.00252 1.0500000715255737 1.0 1.0 12.270153077005459 18.21948105464327 1.3382044790589795 17.252773697314122 88.653171765325 106.61237123431287 21.8605695511199 137.4865745105422 0.0 4.880795074055096 0.23219517350311772 0.4796620249099591
14229_OXF2PRI004 T1w 3.9872633333333334 4.00159 3.93136 4.02884 1.0 1.0 1.0 11.656421693635295 10.825355273213727 21.951256281321854 2.192653526370301 53.575865800254974 58.6822033445937 83.10839530926555 18.93699874690567 0.0 3.6762258234847325 0.3723934255729196 0.4861359914264015
14229_OXF2PRI004 T2w 3.2417696138429144 3.025418841528744 3.78031 2.91958 1.0500000715255737 1.0 1.0 12.219183851054558 17.761862161779653 1.3859611734418815 17.509728217942133 78.56938154726477 94.12993327910335 19.20816236224464 122.37004900044633 5.294517040508985e-06 5.044526731953676 0.22424168924303092 0.47489767703580626
14229_OXF2PRI005 T1w 4.06083 4.08265 3.99637 4.10347 1.0 1.0 1.0 11.45576820150386 10.543855255492895 21.66848633493364 2.15496301408505 54.28276044970462 59.4551840367117 84.70592308588935 18.687174226512795 0.0 3.663510609242091 0.37403458224651265 0.48638950200805303
14229_OXF2PRI005 T2w 3.341954532145767 3.1281235964373004 3.88574 3.012 1.0500000715255737 1.0 1.0 11.902737268916072 17.354316615176373 1.376786967152683 16.977108224419162 71.9838339281027 85.71809325649643 18.248089086808015 111.98531944100365 0.0 4.764976591427939 0.24042630704051596 0.4803210439468648
14229_OXF2PRI006 T1w 3.9938499999999997 4.00722 3.93822 4.03611 1.0 1.0 1.0 11.580085954226035 10.607666281929369 21.950165427277494 2.1824261534712477 64.75896580754427 71.05014063203132 100.46382014953642 22.762936641065092 0.0 3.6140343667034123 0.3779257204713401 0.485948710013582
14229_OXF2PRI006 T2w 3.234019454980842 3.0312283649425256 3.74778 2.92305 1.0500000715255737 1.0 1.0 11.907407316611687 17.34036154717213 1.4642727664465356 16.917587636216393 87.00911324783425 103.62086295830977 22.65567151117479 134.75080527401818 0.0 4.877726147842872 0.2339890781525357 0.4773511049784047
14229_OXF3TRI001 T1w 3.922606666666667 3.91631 3.91476 3.93675 1.0 1.0 1.0 10.981036422775544 10.298045272337136 20.16739960700271 2.4776643889867866 56.83450274403356 62.454230570940254 88.98863163000534 19.06064603115509 0.0 3.524532068669986 0.38521019416870933 0.4664756632927468
14229_OXF3TRI001 T2w 2.9946862872579625 2.7282188617738865 3.4372 2.81864 1.0500000715255737 1.0 1.0 12.183748402497818 18.144899409190923 2.186577179962506 16.219768618340026 82.14209576583212 99.2686890981307 30.194101031102345 116.96349716826334 0.0002091940998819301 4.646034341906681 0.25040282387516133 0.49397430509046203
14230_NOT1ACH001 T1w 4.144726666666667 4.163 4.42684 3.84434 1.0 1.0 1.0 12.261521650104134 11.007584299477541 23.511408491508927 2.265572159325935 54.76330954044216 57.134007092518736 83.60189423720823 23.554027291599514 0.0011921092416632283 4.184284031886951 0.32281581865372383 0.6274766910510462
14230_NOT1ACH001 T2w 2.8034832166043486 2.7746096498130455 2.88802 2.74782 1.0499999523162842 1.0 1.0 10.080980924175215 14.31828933078047 0.9840737163608925 14.940579725384284 48.91157721055553 58.333698744033576 9.615574624141233 78.78545826349179 0.0 4.593232515733807 0.24449048601044693 0.6438613389587126
14230_NOT2ING001 T1w 4.71096 4.65948 5.08798 4.38542 1.0 1.0 1.0 13.982486853086641 13.201773874814185 26.271610291423432 2.4740763930223073 77.73602704775335 80.90443251725912 116.19002869869787 36.11361992730307 0.004050226745264199 4.651542043400314 0.2866694393313697 0.6353860262941984
14230_NOT2ING001 T2w 2.9038000440173697 2.9078001320521096 2.90321 2.90039 1.0499999523162842 1.0 1.0 10.5025440016267 16.47581190629389 1.1162065734824396 13.915613525103772 84.40839734905119 99.63043932770324 17.274843068344563 136.31990965110575 0.0 4.952700301661058 0.2294700816832647 0.6811470271099898
14230_NOT3GEM001 T1w 3.1223233333333336 2.88513 3.45338 3.02846 1.0 1.0 1.0 8.419292594143073 9.005083788143946 14.539267587975006 1.7135264063102658 33.49937984574403 35.322757255006735 54.522610571575505 10.652771710649855 0.015836343512921035 3.512566231001068 0.38300057310646535 0.46301790955758443
14230_NOT3GEM001 T2w 2.622211111111111 2.6589266666666664 2.5760333333333336 2.631673333333333 1.5 1.5 1.5 10.223024279872694 14.151623357457996 1.9754528020469273 14.541996680113161 16.040935768955094 17.20013982321852 6.814552041089104 24.10811544255766 0.0 2.7780807024500085 0.521857891986527 0.4910336428233053
14230_OXF1PRI001 T1w 3.9111933333333333 3.85379 3.94313 3.93666 1.0 1.0 1.0 13.078312807320032 11.466645581728176 25.471666022602115 2.296626817629801 95.88836231289304 101.65644046413092 147.38415975093434 38.62448672361388 8.63342710723097e-05 4.311203247931506 0.3141439899799521 0.4051302721852265
14230_OXF1PRI001 T2w 3.0400699375979148 2.7481998127937444 3.69677 2.67524 1.0500000715255737 1.0 1.0 12.74538226531916 18.15921450059427 1.353456779544164 18.723475515819043 129.22905940617326 144.4412966622078 38.763811527807746 204.48207002850427 0.0 3.554579030731784 0.37146794471475525 0.384370481345464
14230_OXF2PRI001 T1w 4.073196666666667 4.02409 4.05573 4.13977 1.0 1.0 1.0 12.496447914266271 11.344886553914177 23.976375204960384 2.1680819839242553 79.53002464899117 84.31735173956521 123.19145956751572 31.081262639892604 1.265085009194457e-06 4.2912397997757035 0.31602075106506666 0.4069806926901148
14230_OXF2PRI001 T2w 3.2429256459014315 3.011656937704295 3.84127 2.87585 1.0500000715255737 1.0 1.0 11.939072549239933 17.122530956327818 1.306492015430942 17.388194675961046 94.40313495941575 106.48729604273369 26.60229580675114 150.11981302876242 0.0 3.750657184467129 0.3245542471849334 0.3872807815408371
14230_OXF3TRI001 T1w 3.954946666666667 3.89473 4.00921 3.9609 1.0 1.0 1.0 12.146094919614585 11.08444747663716 23.145175130770365 2.2086621514362346 102.2843678207824 108.941827099627 157.455302176094 40.45597418662627 0.0 4.05261273567968 0.3348326887919489 0.4011845503939678
14230_OXF3TRI001 T2w 2.7991651821625676 2.463285546487703 3.31347 2.62074 1.0500000715255737 1.0 1.0 12.878983132265338 18.291420058900798 2.047580058975586 18.297949278919628 141.06532425329704 162.78750526259824 60.39287183880291 200.01559565848996 4.2575037470166474e-05 3.323081303787119 0.3792682688638791 0.4185338456157768
14230_OXF3TRI002 T1w 3.9376666666666664 3.86373 4.00827 3.941 1.0 1.0 1.0 12.21576713476255 11.148473880245053 23.276135334670222 2.2226921893723746 102.94881566665538 108.51067545955708 158.6097320940966 41.72603944631249 0.0 4.210206113859483 0.3263263480818412 0.3964042540797343
14230_OXF3TRI002 T2w 2.7806799448776283 2.4275998346328844 3.31774 2.5967 1.0500000715255737 1.0 1.0 12.775236793923632 18.354809704924364 2.0141341815558698 17.956766495290662 61.841898691156835 71.63947016047686 26.092597542372275 87.79362837062136 0.003715182902752414 3.362660275048097 0.3747833260223623 0.4231766742687921
14230_OXF3TRI003 T1w 3.9975466666666666 3.90604 4.13023 3.95637 1.0 1.0 1.0 12.1505447742253 10.959758098118042 23.278263160925505 2.213613063632353 93.92172904911008 100.81296808045816 145.75389047598648 35.1983285908856 0.0 4.031861674325195 0.34073711279536495 0.40099187915401296
14230_OXF3TRI003 T2w 2.7979967694844827 2.462390308453448 3.28289 2.64871 1.0500000715255737 1.0 1.0 12.017427582061591 17.401083584221862 1.9531858182045219 16.698013343758387 86.68708370771525 99.53854037601761 37.067274771259484 123.45543597586864 0.0005574614722810526 3.150216427999853 0.39637224859818077 0.41839602108454516
14230_OXF3TRI004 T1w 3.9886999999999997 3.89372 4.10892 3.96346 1.0 1.0 1.0 12.205244346375894 10.925540966432939 23.510645266488144 2.1795468062065995 106.34502932011304 113.39472543769442 165.94645500148627 39.69390752115843 0.0 4.18122539795836 0.327549666114468 0.39489008626493105
14230_OXF3TRI004 T2w 2.819830419488379 2.497171258465136 3.33044 2.63188 1.0500000715255737 1.0 1.0 12.324557328797795 17.70639915680764 1.9764641589202365 17.29080867066551 80.381185081875 92.77350042261506 33.41332995866753 114.95672486434242 0.00027472976440818484 3.351811424533089 0.3766128839607779 0.43099638659829986
14230_OXF3TRI005 T1w 3.971776666666667 3.91405 4.02198 3.9793 1.0 1.0 1.0 11.947455688275829 10.842624951225527 22.824221520128066 2.175520593473896 96.4653883534583 103.19583174162538 149.4114201438888 36.78891317486072 0.0 3.9944524910857098 0.34213897350129274 0.39670673931827194
14230_OXF3TRI005 T2w 2.8072999439466604 2.4685998318399816 3.32345 2.62985 1.0500000715255737 1.0 1.0 12.434708356393637 17.816736004012004 1.9689728073279085 17.518416257841004 95.32630617559737 110.35602362902944 39.019432038246016 136.60346285951664 0.00044846383974281973 3.434326171040844 0.3557343853261546 0.4118450950670951
14230_OXF3TRI006 T1w 3.9689333333333336 3.90542 4.03625 3.96513 1.0 1.0 1.0 11.967506513224015 11.176494422957635 22.437701936330264 2.288323180384141 102.35589157092939 109.26685746917227 158.39532404534881 39.40549319826706 0.0 4.068127262418948 0.33101116582352896 0.39340763763367975
14230_OXF3TRI006 T2w 2.7729269285963274 2.445580785788982 3.28833 2.58487 1.0500000715255737 1.0 1.0 13.380406263259905 19.619958073561605 1.9842598796787003 18.537000836539406 153.23302878602564 177.78141226568505 63.958663504614826 217.95901058777707 2.199755041563586e-05 3.3990284802007595 0.36151076001180293 0.4131583323752646
14482_NOT1ACH001 T1w 3.987103333333333 4.04124 4.17171 3.74836 1.0 1.0 1.0 11.085661867812453 9.671164354192197 21.592853398964586 1.992967850280571 41.879673478788504 43.735742811047466 66.44881603646763 15.454461588850423 0.0 4.122870022627225 0.325317390958648 0.6797022928157751
14482_NOT1ACH001 T2w 2.9425746478689887 2.952523943606965 2.94428 2.93092 1.0499999523162842 1.0 1.0 10.001912442918771 14.573106627632908 1.13629281403091 14.296337887092495 58.50497483425173 69.80133031365958 12.758572358333176 92.95502183076245 0.0 4.666221537947207 0.2628194024518092 0.6565167131357424
14482_NOT1ACH002 T1w 3.9922300000000006 4.04853 4.16987 3.75829 1.0 1.0 1.0 12.239946923247771 9.736195112117366 24.995101605806408 1.9885440518195399 47.14219126507388 49.3615691711059 74.38668289971304 17.678321724402707 0.0 4.230674185144227 0.319038500813569 0.6717236527583887
14482_NOT1ACH002 T2w 2.9249078221695535 2.9325334665086595 2.9117 2.93049 1.0499999523162842 1.0 1.0 9.989961277657875 14.266507001675997 1.094626344301683 14.608750486995946 53.4709676851993 63.850464680174 11.157090194845004 85.40534818057888 0.0 4.725405077587715 0.25734473924685775 0.6494740894908358
14482_NOT1ACH003 T1w 3.9922866666666668 4.04603 4.19209 3.73874 1.0 1.0 1.0 11.382730017365725 10.059711515443631 21.899704404742867 2.188774131910682 31.800693024064795 33.172662593324695 49.479022864064895 12.750393614804794 0.0 4.025658125941909 0.3342675225524635 0.682843003317706
14482_NOT1ACH003 T2w 2.996446235553631 2.9778287066608935 2.97412 3.03739 1.0499999523162842 1.0 1.0 9.895970300907178 13.84741634898341 1.1657246070036744 14.674769946734449 47.94481212893942 57.07747967510424 10.454501006793944 76.30245570492008 0.0 4.7133183445672415 0.2646100775867714 0.6680529612093683
14482_NOT1ACH004 T1w 4.034323333333334 4.09282 4.22061 3.78954 1.0 1.0 1.0 12.025928792484708 9.46168119772523 24.590729699551 2.0253754801778934 51.748845305302495 54.190208682433536 81.53198623039832 19.524341003075616 0.0 4.111508482820449 0.32835048641822656 0.6599193836516045
14482_NOT1ACH004 T2w 2.94872385436121 2.9619715630836287 2.94095 2.94325 1.0499999523162842 1.0 1.0 10.262477877914257 15.08390917641403 1.0796730682161837 14.623851389112556 59.56833760466966 70.8180031410953 12.405490500205751 95.48151917270792 0.0 4.699544633881571 0.2522815065360339 0.6373732427932629
14482_NOT1ACH005 T1w 4.03329 4.12089 4.20364 3.77534 1.0 1.0 1.0 12.569076184048278 10.34411676787465 25.262503785488786 2.1006079987813946 59.281864917349104 62.699226539721536 90.97967470345935 24.166693508866416 0.0 3.993968793829291 0.3345155775218235 0.6381300666178099
14482_NOT1ACH005 T2w 2.829667821255237 2.8721334637657105 2.76643 2.85044 1.0499999523162842 1.0 1.0 9.628115886867654 14.06289307410526 1.1901638356147708 13.63129075088293 65.64032430858317 77.4587116066352 13.874536374112509 105.58772494500184 0.0 4.925215460868067 0.25193815203393083 0.6465225155801574
14482_NOT1ACH006 T1w 3.9531899999999998 4.02486 4.13345 3.70126 1.0 1.0 1.0 11.876114330338543 9.71704854132871 23.816230905885597 2.0950635438013188 38.3638523465083 40.24684401983747 60.161260424778426 14.683452594909028 0.00028458320726332514 4.068005337071734 0.33240041940761156 0.6651381840598272
14482_NOT1ACH006 T2w 2.954770679909268 2.971962039727803 2.93466 2.95769 1.0499999523162842 1.0 1.0 10.269379195178749 14.75745009192298 1.14307816363604 14.907609329977223 61.36693575025803 72.75243930232764 13.35412379189187 97.9942441565546 0.0 4.678142765473831 0.26322496139003937 0.6530009199626216
14482_NOT2ING001 T1w 4.448716666666667 4.50425 4.68011 4.16179 1.0 1.0 1.0 15.034961087083737 11.63609046501383 31.223591120374902 2.245201675862482 70.01619831268862 74.23919597686896 106.43307745751888 29.37632150367799 0.023851256250145805 4.432502970405372 0.29760558431109885 0.6369391840138985
14482_NOT2ING001 T2w 2.9362856000553132 2.9396668001659396 2.91573 2.95346 1.0499999523162842 1.0 1.0 10.328051350630309 16.238328546955717 1.104727753859478 13.641097751075732 66.27963344825645 78.38518402520037 12.975653794272235 107.47806252529675 0.0 5.14403288951397 0.22540599813010173 0.6812272180552015
14482_NOT2ING002 T1w 4.226936666666667 4.25688 4.45764 3.96629 1.0 1.0 1.0 14.201095675269313 10.519710019157962 29.90433457264121 2.1792424340087604 63.423898191688544 67.56074828729196 98.66459936989138 24.046346917882303 0.0 4.290304308600403 0.3064887676991009 0.6714690009100638
14482_NOT2ING002 T2w 2.796168455297309 2.8140953658919274 2.77587 2.79854 1.0499999523162842 1.0 1.0 10.537883356223178 16.006546969219762 1.059274876757009 14.547828222692765 50.32217286105563 59.60292055130677 9.890902954945744 81.47269507691435 0.0 4.9348034414640605 0.23179054520364445 0.6555467093012719
14482_NOT3GEM001 T1w 2.8295833333333333 2.63212 3.07434 2.78229 1.0 1.0 1.0 7.88556389510951 8.004076311766584 15.140524724983965 0.5120906485779808 25.54618175997324 26.18204089408396 41.96361115373462 8.492893232101157 0.043427201221704 3.6387048530728094 0.3752614489782031 0.5509674496373944
14482_NOT3GEM001 T2w 3.436961333333334 2.6169 3.557514666666667 4.136469333333333 1.5 0.9375 0.9375 8.32058609118885 13.890068260992953 1.075864674096068 9.995825338477534 16.835196932821958 18.75517092583875 2.9333495633079227 28.817070309319206 0.0 4.901224260336881 0.22138347218602322 0.559879349298725
14482_OXF1PRI001 T1w 3.6163933333333333 3.58556 3.70107 3.56255 1.0 1.0 1.0 11.720155024311667 10.02769925449849 24.11191659403568 1.0208492244008351 87.6529713373846 91.68037912388739 137.05835198864975 34.22018289961664 0.0 4.2073113295914855 0.3191795542018999 0.4830441637315154
14482_OXF1PRI001 T2w 3.360769136620913 3.0708474098627403 4.00136 3.0101 1.0500000715255737 1.0 1.0 12.435092161625041 17.77689521786657 1.4974278285406475 18.030953438467904 110.38977262002942 124.43039466835036 34.46302103577212 172.27590215596575 0.0 3.738639306274582 0.33229929299258026 0.449770331136578
14482_OXF2PRI001 T1w 3.624556666666667 3.58857 3.66859 3.61651 1.0 1.0 1.0 11.107458888043185 9.94815637598859 22.284278596710568 1.089941691430399 75.6142048822469 78.97411378637445 119.43070614592062 28.437794714445605 0.0 4.213956026474733 0.320263383369758 0.4784788142456647
14482_OXF2PRI001 T2w 3.4489113568616125 3.1581140705848374 4.07623 3.11239 1.0500000715255737 1.0 1.0 12.482594360149022 17.638594446419624 1.4001658032462816 18.409022830781165 107.27494708084247 120.3061770950012 32.54257834346966 168.97608580405654 0.0 3.622029125137698 0.3433331490184867 0.44709432775490565
14482_OXF3TRI001 T1w 3.6572633333333333 3.61105 3.67221 3.68853 1.0 1.0 1.0 11.005216525667999 9.743644837967512 21.646677678154997 1.6253270608814887 80.69432861415402 85.04877449419301 126.76920704250749 30.265004305761572 0.0 3.961499916351026 0.34283777435295154 0.47603448279817956
14482_OXF3TRI001 T2w 3.0527181919952144 2.7293045759856422 3.51201 2.91684 1.0500000715255737 1.0 1.0 11.789549549329289 16.609227623691243 2.0724756121972594 16.686945412099362 126.39927664536889 146.80036218570348 51.73388416886674 180.66358358153641 5.378771142892818e-06 3.588992169741742 0.3480124194094359 0.47666620557398326
