session modality fwhm_avg fwhm_x fwhm_y fwhm_z spacing_tr spacing_x spacing_y spacing_z size_t snr tsnr efc fber fd_mean fd_perc aor aqi
03286_NOT1ACH001 task-rest_bold 2.1462073140897946 2.2222662873517716 2.1368640708825177 2.0794915840350954 1.1500004529953003 2.3958334922790527 2.3958332538604736 2.4000000953674316 400 3.006662850560819 31.395612716674805 0.45056008665475017 373493.375 0.2239716689042766 53.75 0.0019372499999999997 0.013699637875000002
03286_NOT2ING001 task-rest_acq-multiband4_bold 2.0570136566373396 1.970792413199795 2.2719694666684846 1.9282790900437397 1.4499999284744263 2.3958332538604736 2.3958332538604736 2.4000000953674316 398 4.588119663568913 50.772499084472656 0.46643825132416294 383375.0625 0.193671876334162 47.98994974874372 0.0005704773869346733 0.010274121582914575
03286_NOT2ING001 task-rest_acq-multiband6_bold 2.04562012066303 2.006112066545306 2.228619204360936 1.9021290910828474 0.8000001907348633 2.3958332538604736 2.3958332538604736 2.4000000953674316 396 4.17425631604721 39.13908386230469 0.4708573784247255 1647994.875 0.11256208868742777 9.848484848484848 0.000603459595959596 0.0117979325
03286_NOT3GEM001 task-rest_acq-resopt1_bold 2.5875782350673004 2.630365515061927 2.6063317905156818 2.5260373996242924 3.5 2.3958001136779785 2.3958001136779785 2.4000000953674316 200 1.959461772097889 31.08170861005783 0.454583537491105 6828.7900390625 0.10394616329763462 2.0 0.0035223 0.0081103414
03286_NOT3GEM001 task-rest_acq-resopt3_bold 3.2047256781854627 3.436179901128808 3.608166793264228 2.5698303401633513 2.200000047683716 2.1979000568389893 2.1979000568389893 3.299999952316284 200 2.4178659999214163 60.9898439522367 0.5013197011707216 5191.72021484375 0.10748784013640941 0.5 0.0006462000000000001 0.00213000195
03286_OXF1PRI001 task-rest_bold 3.0183216173842404 2.9511552945504285 3.142542714430368 2.961266843171925 0.7350000143051147 2.3863637447357178 2.3863637447357178 2.3999998569488525 486 1.7847381111474578 40.68073272705078 0.4595735058823226 9445.7919921875 0.124963490085558 10.08230452674897 0.00017304526748971195 0.003858422613168725
03286_OXF2PRI001 task-rest_bold 2.911319436131356 2.834194918909576 3.040550719062137 2.8592126704223557 0.7350000143051147 2.3863637447357178 2.3863637447357178 2.3999998569488525 488 1.802741635733962 38.819393157958984 0.4592094083366555 9597.2236328125 0.139586361392802 14.754098360655737 0.00047260245901639344 0.0040480468237704915
03286_OXF3TRI001 task-rest_bold 3.102227483944086 3.078684050663719 3.174365189175688 3.0536332119928513 0.7350000143051147 2.3863637447357178 2.3863637447357178 2.4000000953674316 488 1.8860567428118595 35.53136398433708 0.4564381098037795 14056.4267578125 0.08086667881942303 1.2295081967213115 0.0008925204918032787 0.00658282206967213
03997_NOT1ACH001 task-rest_bold 2.1280494432820682 2.200032072977881 2.1261705053104074 2.0579457515579165 1.1500004529953003 2.3958332538604736 2.3958332538604736 2.4000000953674316 400 3.749558218442041 35.269615173339844 0.42381056718920374 894873.375 0.2206038060600162 49.0 0.0010683 0.012644718175
03997_NOT2ING001 task-rest_acq-multiband4_bold 2.112912041137653 2.06469690650098 2.3123019897454964 1.961737227166482 1.4499999284744263 2.3958334922790527 2.3958332538604736 2.4000003337860107 400 5.6335774082244106 52.9097900390625 0.4428937531665847 1059767.375 0.12256961475402552 9.25 0.0006564 0.010624702875000001
03997_NOT2ING001 task-rest_acq-multiband6_bold 2.0965840180789157 2.0827657748674624 2.28420738011791 1.922778899251376 0.8000001907348633 2.3958334922790527 2.3958332538604736 2.4000003337860107 399 5.112562455350835 37.22003173828125 0.44574378731178954 2344024.5 0.13760886318828722 20.050125313283207 0.0006653383458646616 0.014148234335839598
03997_NOT3GEM001 task-rest_acq-resopt1_bold 2.456575641050008 2.3738374364082806 2.5464979174051527 2.4493915693365906 3.5 2.3958001136779785 2.3958001136779785 2.4000000953674316 200 2.718564817970402 31.843921697465703 0.4628219799694633 4999.7412109375 0.07553381609908363 5.5 0.00155065 0.010021612749999999
03997_NOT3GEM001 task-rest_acq-resopt2_bold 2.44750048891216 2.3208892963705114 2.6097212264241745 2.4118909439417946 2.200000047683716 3.2969000339508057 3.2969000339508057 3.299999952316284 200 3.837354181553893 62.76464213617146 0.5096215910116265 5466.50537109375 0.06799703563768994 1.0 0.0005359 0.0036040996999999997
03997_OXF1PRI001 task-rest_bold 2.8500019341308707 2.6527724509580497 2.947995675646297 2.949237675788264 0.7350000143051147 2.3863637447357178 2.3863637447357178 2.3999998569488525 489 2.692896088864269 34.385746002197266 0.4705253104132786 12919.0654296875 0.11345091668753303 3.6809815950920246 0.000300920245398773 0.005818108282208589
03997_OXF2PRI001 task-rest_bold 2.820309877362553 2.6702090215947734 2.9150040580969288 2.8757165523959576 0.7350000143051147 2.3863637447357178 2.3863637447357178 2.4000000953674316 489 2.530274935955989 32.58470916748047 0.47627804105673766 8855.9169921875 0.13710369791299568 16.155419222903884 0.00040840490797546013 0.006878844008179959
03997_OXF3TRI001 task-rest_bold 2.8795362096982386 2.7986261586201007 2.9155739628329522 2.9244085076416635 0.7350000143051147 2.3863637447357178 2.3863637447357178 2.3999998569488525 490 2.7784472468554218 35.38311147107743 0.4643765364197389 17548.212890625 0.13439756186013022 12.040816326530612 0.0005335102040816327 0.006845088204081633
10975_NOT1ACH001 task-rest_bold 2.2051402132305005 2.3362310340175143 2.290814684684909 1.9883749209890795 1.1500004529953003 2.3958332538604736 2.3958332538604736 2.4000000953674316 400 3.684168055156143 34.253536224365234 0.42747411828846316 3012721.0 0.20396715214646402 47.25 0.000704125 0.0161236198
10975_NOT2ING001 task-rest_acq-multiband4_bold 2.1258588832965413 2.077728068920901 2.36078199135364 1.9390665896150832 1.4499999284744263 2.3958332538604736 2.3958332538604736 2.4000000953674316 400 5.602253502453861 43.26535415649414 0.4548114617083849 458963.375 0.12622289269524792 12.75 0.000488625 0.015879318975
10975_NOT2ING001 task-rest_acq-multiband6_bold 2.0899762456706155 2.054099546397982 2.3280125989622897 1.887816591651575 0.8000001907348633 2.3958332538604736 2.3958332538604736 2.4000000953674316 398 5.410621656367468 36.38549041748047 0.45755174123207676 2935077.75 0.11319933477742242 6.28140703517588 0.0006986934673366834 0.01710795728643216
10975_NOT3GEM001 task-rest_acq-resopt1_bold 2.5768924660533243 2.6144626858640816 2.582343979649535 2.5338707326463568 3.5 2.3958001136779785 2.3958001136779785 2.4000000953674316 200 2.675123846049191 26.67072278331034 0.4656922064552499 5094.35009765625 0.12816998757843087 18.0 0.0016772500000000001 0.0157214574
10975_NOT3GEM001 task-rest_acq-resopt2_bold 2.709704124121659 2.6368133429822147 2.7763747477144713 2.7159242816682916 2.200000047683716 3.2969000339508057 3.2969000339508057 3.299999952316284 200 3.2547343174419017 55.11004158575088 0.5113321964919464 4864.94384765625 0.06784326652448004 3.0 0.0021209 0.0040648308
10975_OXF1PRI001 task-rest_bold 2.822954337552714 2.6694882597227436 2.927466533721445 2.8719082192139536 0.7350000143051147 2.3863637447357178 2.3863637447357178 2.4000000953674316 488 2.5646712176401096 39.59231185913086 0.4742580507220315 10420.22265625 0.11438066735972025 0.6147540983606558 0.0003472950819672131 0.0039060295491803276
10975_OXF2PRI001 task-rest_bold 2.80238395679496 2.6244154998648734 2.9279945336974675 2.85474183682254 0.7350000143051147 2.3863637447357178 2.3863637447357178 2.3999998569488525 486 2.607420024262255 28.332870483398438 0.4771616281569577 10100.7919921875 0.14549415814112773 14.814814814814815 0.0028350411522633746 0.011455803292181068
10975_OXF3TRI001 task-rest_bold 2.8523574949767414 2.7550829225022944 2.9146730104929146 2.8873165519350152 0.7350000143051147 2.3863637447357178 2.3863637447357178 2.4000000953674316 489 2.7065488426803412 35.02134697220754 0.47092050751688475 15565.505859375 0.13217270196926775 9.815950920245399 0.00044141104294478527 0.007490115889570552
12813_NOT1ACH001 task-rest_bold 2.1756003989218287 2.2696404231129663 2.1974108554996277 2.0597499181528915 1.1500004529953003 2.3958332538604736 2.3958332538604736 2.4000000953674316 399 3.7088555850078317 38.47010040283203 0.4318379868877906 6192761.5 0.21634630776474048 56.64160401002506 0.00019781954887218046 0.012572697644110276
12813_NOT2ING001 task-rest_acq-multiband4_bold 2.143396802673847 2.066249807670587 2.3633865131791656 2.0005540871717895 1.4499999284744263 2.3958332538604736 2.3958332538604736 2.4000000953674316 400 5.693706859231919 56.66205978393555 0.4494716607747758 769903.875 0.20749026405488552 51.25 0.000517275 0.008993213900000002
12813_NOT2ING001 task-rest_acq-multiband6_bold 2.1326574235613163 2.0742219818480776 2.3425670342276876 1.9811832546081838 0.8000001907348633 2.3958332538604736 2.3958332538604736 2.4000000953674316 399 5.407483846883415 38.307647705078125 0.45066213275769534 2486465.0 0.15591828385783782 28.32080200501253 0.0006538847117794485 0.016409728822055138
12813_NOT3GEM001 task-rest_acq-resopt1_bold 2.5615505688611306 2.54252429709115 2.5872191776818405 2.5549082318104017 3.5 2.3958001136779785 2.3958001136779785 2.4000000953674316 200 2.6911325707363374 37.361563936574385 0.4561660617625798 7786.41845703125 0.0420520103805113 0.5 0.00051675 0.008527034800000001
12813_NOT3GEM001 task-rest_acq-resopt2_bold 2.6882833905891577 2.5947435202482234 2.729649036163128 2.7404576153561218 2.200000047683716 3.2969000339508057 3.2969000339508057 3.299999952316284 200 3.2106494564964114 81.02403279487044 0.49347897907656274 8972.3408203125 0.06933635474324117 0.5 0.0005033 0.0016850234
12813_OXF1PRI001 task-rest_bold 3.160050775354398 3.045914528342359 3.1769004271557932 3.2573373705650424 0.7350000143051147 2.3863637447357178 2.3863637447357178 2.4000000953674316 486 2.079451677324597 47.27177429199219 0.45372631297614396 16757.154296875 0.09366402432106713 0.411522633744856 0.00023310699588477367 0.0025691787860082304
12813_OXF2PRI001 task-rest_bold 2.7918063309712617 2.685055878063389 2.849884061054227 2.84047905379617 0.7350000143051147 2.3863637447357178 2.3863637447357178 2.4000000953674316 489 2.5861071972522542 39.351478576660156 0.46863802210385985 5593.6435546875 0.11189265398952632 2.658486707566462 0.00033443762781186097 0.005017078261758691
12813_OXF3TRI001 task-rest_bold 3.383454448284636 3.299354516832873 3.3104048020453316 3.5406040259757035 0.7350000143051147 2.3863637447357178 2.3863637447357178 2.4000000953674316 488 2.178535284142542 40.86240243795328 0.45182008990185757 22614.60546875 0.12138610019582265 5.327868852459017 0.0003556967213114754 0.0051192012909836064
13192_NOT1ACH001 task-rest_bold 1.9579720378088392 2.0145934581309928 1.9474560645996115 1.9118665906959138 1.1500004529953003 2.3958332538604736 2.3958332538604736 2.4000000953674316 400 3.8323979117184384 36.856658935546875 0.408893821379553 1279785.75 0.2245198789388262 59.75 0.000187525 0.013567208000000002
13192_NOT2ING001 task-rest_acq-multiband4_bold 2.0829790291066814 1.9869913702588744 2.3183332942933883 1.9436124227677813 1.4499999284744263 2.3958332538604736 2.3958332538604736 2.4000000953674316 400 5.566592699551781 50.081634521484375 0.4292382395872194 1015334.875 0.23107553514733808 58.5 0.00046130000000000005 0.011515386075
13192_NOT2ING001 task-rest_acq-multiband6_bold 2.1097347717552766 2.0793976341936737 2.315048424619208 1.9347582564529475 0.8000001907348633 2.3958332538604736 2.3958332538604736 2.4000000953674316 397 4.91636089769304 34.25910186767578 0.4356409689932324 8344201.5 0.15486234406353214 30.730478589420656 0.0005521410579345088 0.0175481556675063
13192_NOT3GEM001 task-rest_acq-resopt1_bold 2.518553003729272 2.520176856795805 2.5704356406202824 2.465046513771729 3.5 2.3958001136779785 2.3958001136779785 2.400315761566162 200 2.5665401613110284 33.906297497451305 0.4393062942408874 6494.9638671875 0.11430648912110393 10.5 0.0008098000000000001 0.0086773125
13192_NOT3GEM001 task-rest_acq-resopt2_bold 2.7845540748723443 2.6849798018874615 2.8554702608676283 2.813212161861942 2.200000047683716 3.2969000339508057 3.2969000339508057 3.299999952316284 200 3.07370533799428 63.17625014204532 0.4714760418895797 6813.2587890625 0.17866884325712484 41.5 0.00067595 0.00271051085
13192_OXF1PRI001 task-rest_bold 2.776554831632918 2.669333212110737 2.83621472834166 2.8241165544463573 0.7350000143051147 2.3863637447357178 2.3863637447357178 2.4000000953674316 488 2.606637979044056 37.038604736328125 0.44505477246121716 17536.3984375 0.13423233041774174 23.975409836065573 0.00020530737704918032 0.005475893381147541
13192_OXF1PRI002 task-rest_bold 2.9045483737131033 2.787542349599641 2.9573320561746845 2.968770715364984 0.7350000143051147 2.3863637447357178 2.3863637447357178 2.4000000953674316 486 2.366127838058311 38.44196319580078 0.4443147299192396 15510.47265625 0.1613764690684612 36.21399176954733 0.00018030864197530862 0.004612924691358025
13192_OXF1PRI003 task-rest_bold 2.9085290481718573 2.7789602547512846 2.9586436751627385 2.987983214601548 0.7350000143051147 2.3863637447357178 2.3863637447357178 2.4000000953674316 487 2.396870181897022 32.08355712890625 0.4446489443862748 15088.1259765625 0.13739729531336667 22.17659137577002 0.00019595482546201233 0.008071539650924026
13192_OXF1PRI004 task-rest_bold 3.0176039005171464 2.8936661543040434 3.0887956692521383 3.070349877995257 0.7350000143051147 2.3863637447357178 2.3863637447357178 2.4000000953674316 488 2.275660468203296 36.69094467163086 0.4385672354258417 17190.037109375 0.18718805753353973 41.59836065573771 0.0001964344262295082 0.005777615020491803
13192_OXF1PRI005 task-rest_bold 2.928414240913021 2.8247537764811845 2.9878471024079505 2.9726418438499276 0.7350000143051147 2.3863637447357178 2.3863637447357178 2.3999998569488525 487 2.3087980422177767 38.95492935180664 0.4412328853754129 16117.1875 0.13390050802626452 22.38193018480493 0.00023248459958932234 0.004309992422997946
13192_OXF1PRI006 task-rest_bold 2.743495489952022 2.619194166768657 2.792637968415852 2.818654334671557 0.7350000143051147 2.3863637447357178 2.3863637447357178 2.3999998569488525 488 2.7354895090908884 37.14272689819336 0.44990958270479386 17663.490234375 0.1302887250370236 20.28688524590164 0.00017571721311475407 0.0050130424385245904
13192_OXF2PRI001 task-rest_bold 2.6737182091616667 2.5723488355627135 2.7077934008403326 2.7410123910819535 0.7350000143051147 2.3863637447357178 2.3863637447357178 2.4000000953674316 486 2.6173357196842826 33.70738220214844 0.45070727578784897 14992.7509765625 0.15038673612086184 24.48559670781893 0.0002015843621399177 0.006463087222222222
13192_OXF3TRI001 task-rest_bold 2.6062789681268295 2.553914931637949 2.567592645302516 2.697329327440023 0.7350000143051147 2.3863637447357178 2.3863637447357178 2.3999998569488525 489 3.1322826106909605 35.290789121063426 0.44698696472419075 28895.140625 0.18736310085208457 42.740286298568506 0.00030664621676891623 0.008246539141104296
13305_NOT1ACH001 task-rest_bold 2.189887994801527 2.2987701632096718 2.1612480716913662 2.109645749503543 1.1500004529953003 2.3958332538604736 2.3958332538604736 2.4000000953674316 400 3.281969659819125 29.272756576538086 0.4593150154408805 360424.96875 0.17496247750206065 35.0 0.0008788499999999999 0.019334226349999997
13305_NOT2ING001 task-rest_acq-multiband4_bold 2.0891304264218324 2.0186546756570127 2.2458866831945894 2.0028499204138948 1.4499999284744263 2.3958332538604736 2.3958332538604736 2.4000000953674316 400 5.270139302757718 40.67293930053711 0.48661511513922373 532966.9375 0.1884335250309559 37.0 0.00037645000000000007 0.01764440175
13305_NOT2ING001 task-rest_acq-multiband6_bold 2.0577211272958764 2.0245190236776276 2.2047527687866464 1.9438915894233548 0.8000001907348633 2.3958332538604736 2.3958332538604736 2.4000000953674316 400 4.951725567118706 29.54962730407715 0.4920241233219525 1722640.5 0.14923622905654585 20.5 0.000599225 0.02270014275
13305_NOT3GEM001 task-rest_acq-resopt1_bold 2.4736081949042745 2.447382803984669 2.4763793799524993 2.4970624007756554 3.5 2.3958001136779785 2.3958001136779785 2.4000000953674316 200 2.4282096511058144 35.982839083182625 0.4836675265859398 5369.42578125 0.09261921562302594 5.0 0.00115175 0.007914763100000001
13305_NOT3GEM001 task-rest_acq-resopt2_bold 2.5904360067368457 2.4656070600535815 2.662300921960854 2.6434000381961016 2.200000047683716 3.2969000339508057 3.2969000339508057 3.299999952316284 200 3.044561847010806 58.30421273270622 0.5273546325133389 6060.79296875 0.11531770478173257 10.0 0.0013547000000000001 0.0039694783
13305_OXF1PRI001 task-rest_bold 2.8535498815295255 2.718319876552769 2.9474170954855645 2.894912672550242 0.7350000143051147 2.3863637447357178 2.386363983154297 2.3999998569488525 489 2.231326477769581 37.982200622558594 0.4967816939977517 6984.36181640625 0.13941110135685597 23.926380368098158 0.000779284253578732 0.004694974212678936
13305_OXF2PRI001 task-rest_bold 2.7764823157963803 2.65470845087013 2.83308444276953 2.8416540537494797 0.7350000143051147 2.3863637447357178 2.3863637447357178 2.4000000953674316 489 2.3916692598059335 35.19404602050781 0.5043470845896567 7278.10302734375 0.14643415698854587 25.562372188139058 0.0004943558282208589 0.005928393108384458
13305_OXF3TRI001 task-rest_bold 3.0312704463196707 2.9289751050815083 3.008011672920787 3.1568245609567183 0.7350000143051147 2.3863637447357178 2.3863637447357178 2.4000003337860107 490 2.166243193519496 35.390045408625156 0.4942531095318522 6187.64453125 0.13570262733043195 17.346938775510203 0.0005951632653061225 0.0066621368979591835
14221_NOT1ACH001 task-rest_bold 2.100174085637763 2.253165987783879 2.1204146790325225 1.9269415900968876 1.1500004529953003 2.3958332538604736 2.3958332538604736 2.4000000953674316 400 4.207318384433159 36.39808654785156 0.42386483741882763 4426761.5 0.25217774755665806 61.0 0.000650925 0.014465542
14221_NOT2ING001 task-rest_acq-multiband4_bold 2.1733219578887035 2.1177016354642664 2.3866018182970734 2.0156624199047717 1.4499999284744263 2.3958332538604736 2.3958332538604736 2.4000000953674316 400 5.992184503115872 49.75160598754883 0.4305284140575488 2624396.25 0.12022250639472652 4.5 0.0007814250000000001 0.014285431025
14221_NOT2ING001 task-rest_acq-multiband6_bold 2.1434235672567064 2.1379284187439103 2.3451548604004855 1.9471874226257238 0.8000001907348633 2.3958332538604736 2.3958332538604736 2.4000000953674316 399 5.407965927406755 32.001922607421875 0.4313410556853191 13096462.0 0.12289410093598484 4.260651629072682 0.0008730827067669173 0.01966675162907268
14221_NOT3GEM001 task-rest_acq-resopt1_bold 2.736563983000304 2.729226016256409 2.7467692160250556 2.7336967167194492 3.5 2.3958001136779785 2.3958001136779785 2.399867534637451 200 2.5286402912783124 39.43969078967348 0.44470002102886363 8308.15625 0.057782816139074517 1.0 0.0006592 0.00721729385
14221_NOT3GEM001 task-rest_acq-resopt2_bold 2.9193517884649416 2.8572931854143575 2.962953046621177 2.9378091333592895 2.200000047683716 3.2969000339508057 3.2969000339508057 3.299999952316284 200 3.0050207698234894 63.78174852579832 0.4818844285174163 8705.9990234375 0.0713516871543817 5.0 0.0007693 0.0042120184
14221_OXF1PRI001 task-rest_bold 2.844867154115613 2.7065614008962813 2.9044943442884925 2.9235457171620642 0.7350000143051147 2.3863637447357178 2.3863637447357178 2.4000000953674316 488 2.77426723972388 40.437294006347656 0.4587225521617767 19280.212890625 0.10793569339685832 1.8442622950819672 0.0002620081967213115 0.00491869262295082
14221_OXF2PRI001 task-rest_bold 2.9070706911619055 2.743366351605808 2.954625008678572 3.0232207132013356 0.7350000143051147 2.3863637447357178 2.3863637447357178 2.4000000953674316 489 2.587433691530576 35.67980194091797 0.46297393577860796 14948.2822265625 0.1520446396011078 26.789366053169733 0.00027891615541922294 0.006069020572597137
14221_OXF3TRI001 task-rest_bold 2.8587498929537696 2.766015874386748 2.8923419638879886 2.9178918405865732 0.7350000143051147 2.3863637447357178 2.3863637447357178 2.3999998569488525 489 3.0033442647287862 38.943845382891595 0.4519142348221492 26701.00390625 0.11834162683082848 7.157464212678937 0.00027114519427402865 0.006956015603271983
14229_NOT1ACH001 task-rest_bold 2.0119852420318605 2.1095666786726803 1.9952974574909197 1.9310915899319812 1.1500004529953003 2.3958332538604736 2.3958332538604736 2.4000000953674316 399 3.3647898715019324 32.74882125854492 0.4650847992343814 414733.0625 0.24843572068535086 66.9172932330827 0.0009002756892230576 0.014106729974937345
14229_NOT2ING001 task-rest_acq-multiband4_bold 2.1136161559854387 2.1100049395567835 2.2978727718755563 1.9329707565239764 1.4499999284744263 2.3958332538604736 2.3958332538604736 2.4000000953674316 400 4.62823774541156 51.51646423339844 0.4751359168295039 440625.6875 0.13717527514808242 12.0 0.000610975 0.0090384354
14229_NOT2ING001 task-rest_acq-multiband6_bold 2.1091389653084134 2.1139618092532553 2.292530163002683 1.9209249236693016 0.8000001907348633 2.3958332538604736 2.3958332538604736 2.4000000953674316 397 4.432918902556334 31.68653106689453 0.4796571182693434 1369567.0 0.1464484290651375 18.1360201511335 0.0008613350125944584 0.019745913602015115
14229_NOT3GEM001 task-rest_acq-resopt1_bold 2.4440071928120015 2.5021828681680063 2.4698596373784745 2.359979072889524 3.5 2.3958001136779785 2.3958001136779785 2.4000000953674316 200 2.340896496359964 27.18831935164053 0.4737060711963324 5024.751953125 0.14360804175706438 17.0 0.0012884500000000002 0.013652058450000002
14229_NOT3GEM001 task-rest_acq-resopt2_bold 2.4948900361290556 2.5074797278865124 2.579571692323535 2.3976186881771206 2.200000047683716 3.2969000339508057 3.2969000339508057 3.2998533248901367 200 3.042987843858945 48.76360600627959 0.5210676945181875 3944.12890625 0.1316656374123373 11.0 0.0017858000000000001 0.0049004786
14229_OXF1PRI001 task-rest_bold 3.0277160637748715 2.91118234398477 3.142915666794383 3.02905018054546 0.7350000143051147 2.3863637447357178 2.3863637447357178 2.3999998569488525 487 2.041799548636067 34.959712982177734 0.4851862132421053 6606.71826171875 0.21054144365532676 55.64681724845996 0.00019515400410677615 0.005302101416837782
14229_OXF2PRI001 task-rest_bold 2.921893642660329 2.833729776073557 3.0193804343092583 2.912570717598171 0.7350000143051147 2.3863637447357178 2.3863637447357178 2.4000000953674316 486 2.1210371112958 32.39046859741211 0.49106006291223164 6745.23876953125 0.2543258360100603 60.699588477366255 0.00035380658436213997 0.006449615761316872
14229_OXF2PRI002 task-rest_bold 2.901543071238964 2.826522157353258 3.026236053045543 2.8518710033180916 0.7350000143051147 2.3863637447357178 2.3863637447357178 2.3999998569488525 484 2.084246132637962 32.304412841796875 0.4901685422513129 7047.6845703125 0.24093156142794186 62.8099173553719 0.0006039462809917355 0.006290806301652893
14229_OXF2PRI003 task-rest_bold 2.864708835618457 2.792684063651854 2.9496467231903654 2.8517957200131527 0.7350000143051147 2.3863637447357178 2.3863637447357178 2.4000000953674316 486 2.1572881310731673 34.39960479736328 0.494006322903717 6539.7626953125 0.21893821188239357 57.20164609053498 0.0003337448559670782 0.005037832860082305
14229_OXF2PRI004 task-rest_bold 2.8090715815825837 2.7313187331053084 2.895225011376108 2.8006710002663335 0.7350000143051147 2.3863637447357178 2.3863637447357178 2.3999998569488525 486 2.262453329472156 33.509132385253906 0.4941759953218605 7632.87158203125 0.26648992769324015 67.48971193415638 0.00028125514403292177 0.005579165061728394
14229_OXF2PRI005 task-rest_bold 2.7414931744117035 2.6678833074146766 2.776508826291183 2.7800873895292524 0.7350000143051147 2.3863637447357178 2.3863637447357178 2.4000000953674316 485 2.194457585946763 30.63326072692871 0.47969613634817887 6542.6318359375 0.28633715398624415 69.48453608247422 0.0003891752577319587 0.008113820329896907
14229_OXF2PRI006 task-rest_bold 2.8621009706700042 2.7678429219228233 2.9600684370027976 2.8583915530843913 0.7350000143051147 2.3863637447357178 2.3863637447357178 2.4000000953674316 487 2.2278425464186133 30.450082778930664 0.4970870303038435 7150.49951171875 0.25535723344875283 60.57494866529774 0.0005347227926078028 0.007604607002053389
14229_OXF3TRI001 task-rest_bold 2.9786732276289585 2.9113080582647752 2.9823575788477226 3.0423540457743785 0.7350000143051147 2.3863637447357178 2.3863637447357178 2.4000000953674316 487 2.316421869398308 34.81726650125347 0.4815517433052074 12176.8271484375 0.14502544814323937 28.33675564681725 0.0003185420944558522 0.006714440944558521
14230_NOT1ACH001 task-rest_bold 2.0906706558855253 2.137703027432086 2.1291548532354887 2.005154086989002 1.1500004529953003 2.3958332538604736 2.3958332538604736 2.4000000953674316 400 4.107018017789478 31.966625213623047 0.38488136249587895 3143032.5 0.23981520716757318 60.0 0.001137575 0.018007311075
14230_NOT2ING001 task-rest_acq-multiband4_bold 2.0205131712186017 1.9716814567075467 2.2150414647801098 1.8748165921681486 1.4499999284744263 2.3958332538604736 2.3958332538604736 2.4000000953674316 400 6.310618477345425 48.648109436035156 0.40043506347715035 6197510.5 0.2702348889355603 68.0 0.0008720249999999999 0.014947945575000001
14230_NOT2ING001 task-rest_acq-multiband6_bold 2.057568724110991 2.0026018055593013 2.234516943687006 1.935587423086666 0.8000001907348633 2.3958332538604736 2.3958332538604736 2.4000000953674316 399 6.24753351308509 32.219364166259766 0.40474017227010567 59698868.0 0.23982212026479421 55.13784461152882 0.0005008270676691729 0.028364362406015038
14230_NOT3GEM001 task-rest_acq-resopt1_bold 2.5490566519955853 2.5520409507843493 2.582807290421441 2.512321714780965 3.5 2.3958001136779785 2.3958001136779785 2.399895668029785 200 2.7620347062799917 34.46612605871633 0.40131906512906834 10121.716796875 0.1687678627907506 29.5 0.0009311500000000001 0.012274130199999997
14230_NOT3GEM001 task-rest_acq-resopt2_bold 2.5480755375126596 2.4412326479778534 2.6709848370644886 2.5320091274956376 2.200000047683716 3.2969000339508057 3.2969000339508057 3.299999952316284 200 3.526188698972243 60.884235038771294 0.4338375427052691 13649.7626953125 0.34008648264891733 81.5 0.0009797500000000002 0.0046307462999999995
14230_OXF1PRI001 task-rest_bold 2.706308215584189 2.552117217433874 2.8437492041899723 2.723058225128721 0.7350000143051147 2.3863637447357178 2.3863637447357178 2.4000000953674316 490 3.0258082090812293 38.12166976928711 0.4032841787043643 44456.73046875 0.14381230438596568 24.489795918367346 0.0005159591836734695 0.0075223688775510195
14230_OXF2PRI001 task-rest_bold 2.8541008202346423 2.7382833042175974 2.9682817699631387 2.8557373865231916 0.7350000143051147 2.3863637447357178 2.3863637447357178 2.4000000953674316 490 2.543838323294917 39.1287841796875 0.3976944298428595 33141.6640625 0.17063739868830524 41.63265306122449 0.0005618775510204081 0.005424804693877551
14230_OXF3TRI001 task-rest_bold 2.449325179093662 2.3576204643618057 2.553663503077938 2.4366915698412432 0.7350000143051147 2.3863637447357178 2.3863637447357178 2.4000000953674316 490 3.616709310150366 42.829891089349985 0.40917368393426945 61461.62109375 0.1545740298922465 34.89795918367347 0.0004842040816326531 0.006195243367346938
14230_OXF3TRI002 task-rest_bold 2.611548187868928 2.518295885636471 2.737340447117558 2.5790082308527538 0.7350000143051147 2.3863637447357178 2.3863637447357178 2.4000000953674316 490 3.407773439310069 37.46890752017498 0.40524953325105856 61281.44921875 0.1758033050450716 39.795918367346935 0.0002911632653061225 0.00969832763265306
14230_OXF3TRI003 task-rest_bold 2.4743199795666797 2.383505034614879 2.591767501347519 2.447687402737641 0.7350000143051147 2.3863637447357178 2.3863637447357178 2.4000000953674316 490 3.582387615790335 36.53746300167404 0.40403006563605665 58480.296875 0.20567414999238923 45.714285714285715 0.002359244897959183 0.009548952469387756
14230_OXF3TRI004 task-rest_bold 2.519317564911957 2.4260928422046457 2.6381057849574416 2.493754067573783 0.7350000143051147 2.3863637447357178 2.3863637447357178 2.4000000953674316 490 3.5101296660956587 38.33331395429559 0.40520148231842656 60947.4296875 0.17895824175089636 39.795918367346935 0.0008111632653061224 0.008636114265306123
14230_OXF3TRI005 task-rest_bold 2.4277156880051844 2.3186238947041877 2.531181599337006 2.43334156997436 0.7350000143051147 2.3863637447357178 2.3863637447357178 2.4000000953674316 490 3.6332788615851785 42.64771438622847 0.4070748340062179 57576.453125 0.16204524809770912 37.3469387755102 0.000455734693877551 0.006783823714285714
14230_OXF3TRI006 task-rest_bold 2.599505495769867 2.5090726479600884 2.71811035275276 2.5713334865967523 0.7350000143051147 2.3863637447357178 2.3863637447357178 2.3999998569488525 490 3.246215699083901 44.82097317231819 0.40303387486431935 67070.2734375 0.07780241814572501 2.6530612244897958 0.0005189183673469387 0.004713878714285714
14482_NOT1ACH001 task-rest_bold 2.015671327098807 2.0906922432639825 2.0459894294812124 1.9103323085512256 1.1500004529953003 2.3958332538604736 2.3958334922790527 2.400001287460327 400 4.043630027690983 28.98871421813965 0.4241832867683062 828362.375 0.13870614960942637 16.75 0.0012855999999999998 0.021835088675
14482_NOT1ACH002 task-rest_bold 1.9333123327679977 2.006070327413487 1.9586171084480986 1.8352495624424072 1.1500004529953003 2.3958332538604736 2.3958332538604736 2.40000057220459 398 4.1437735246304 30.022323608398438 0.42437811745738246 902671.125 0.1284304344166121 11.809045226130653 0.0011953768844221106 0.02200731530150754
14482_NOT1ACH003 task-rest_bold 1.9946276366455435 2.0841558952210764 2.0457517200341173 1.853975294681437 1.1500004529953003 2.3958332538604736 2.3958332538604736 2.3999996185302734 399 4.037452529586365 30.047279357910156 0.42162439743977753 1202794.875 0.13510515958642721 13.283208020050125 0.002520676691729323 0.021016374411027567
14482_NOT1ACH004 task-rest_bold 1.9497443853416472 2.032061284797379 1.9875924137570726 1.82957945747049 1.1500004529953003 2.3958332538604736 2.3958332538604736 2.3999996185302734 399 4.024038951812538 31.261348724365234 0.4215705225187982 1367095.625 0.12606732364387802 11.027568922305765 0.0006025062656641604 0.018154353458646612
14482_NOT1ACH005 task-rest_bold 1.9571689311726186 2.0380758936925436 2.0074018057185232 1.8260290941067896 1.1500004529953003 2.3958332538604736 2.3958332538604736 2.4000000953674316 400 4.465092344131745 27.147663116455078 0.42398159465061463 516902.3125 0.1462764862429906 19.75 0.0008598250000000002 0.027626703675000003
14482_NOT1ACH006 task-rest_bold 1.9219516762886542 2.0036578055943304 1.9421969339903769 1.8200002892812555 1.1500004529953003 2.3958332538604736 2.3958332538604736 2.3999996185302734 398 4.110105847810834 30.76282501220703 0.42639653515988085 918651.125 0.12952172790788125 13.5678391959799 0.0005148743718592966 0.02041751376884422
14482_NOT2ING001 task-rest_acq-multiband4_bold 2.1238387516915673 2.0997746783478672 2.3685287742193064 1.9032128025075281 1.4499999284744263 2.3958332538604736 2.3958332538604736 2.3999996185302734 399 5.558209042062178 50.3953857421875 0.43522829500470345 1055644.125 0.0858830992468736 1.7543859649122806 0.0009978696741854637 0.011446755363408523
14482_NOT2ING002 task-rest_acq-multiband4_bold 2.072520201465677 2.0121684145722902 2.311500598414565 1.8938915914101764 1.4499999284744263 2.3958332538604736 2.3958332538604736 2.4000000953674316 400 5.175533514534103 50.760074615478516 0.43242499198854517 882712.375 0.09833337652508577 1.25 0.0013047249999999999 0.009159416825
14482_NOT3GEM001 task-rest_acq-resopt1_bold 2.380391436613037 2.3418105575539316 2.45559717875143 2.3437665735337507 3.5 2.3958001136779785 2.3958001136779785 2.4000000953674316 200 2.9688770826281505 33.55761672789231 0.45519789260292554 5635.9267578125 0.04507430559168343 1.0 0.0014621500000000002 0.01256521955
14482_NOT3GEM001 task-rest_acq-resopt2_bold 2.4573362694921035 2.361636664691235 2.562558740938174 2.4478134028469025 2.200000047683716 3.2969000339508057 3.2969000339508057 3.3001208305358887 200 3.7754258111948245 74.44024509447627 0.5001669178370391 5697.62548828125 0.05191253378945129 0.0 0.00046085 0.0020455208
14482_OXF1PRI001 task-rest_bold 2.940199697537922 2.710295115012436 3.116679096557295 2.993624881044035 0.7350000143051147 2.3863637447357178 2.3863637447357178 2.4000000953674316 487 2.420835161438196 35.52821350097656 0.461592226847317 12721.1396484375 0.12322521984691036 7.186858316221766 0.00030948665297741274 0.00651870706365503
14482_OXF2PRI001 task-rest_bold 2.6180324497224987 2.4473595079055284 2.7683415885668445 2.638396252695124 0.7350000143051147 2.3863637447357178 2.3863637447357178 2.3999996185302734 489 2.845495708041661 31.83188247680664 0.4764883333056587 10565.0712890625 0.08537532771902151 1.0224948875255624 0.0007895705521472394 0.009534758486707566
14482_OXF3TRI001 task-rest_bold 2.668126868029035 2.545923693905617 2.7791236833152912 2.6793332268661962 0.7350000143051147 2.3863637447357178 2.3863637447357178 2.4000000953674316 490 3.1081344978779155 32.6177696515806 0.4603377722296337 16013.8271484375 0.10102190356616947 0.6122448979591837 0.0007234285714285715 0.010454684959183672
