StructName NumVert SurfArea GrayVol ThickAvg ThickStd MeanCurv GausCurv FoldInd CurvInd
caudalanteriorcingulate 1469 976 2747 2.347 0.756 0.122 0.020 17 1.2
caudalmiddlefrontal 3385 2260 6541 2.601 0.514 0.106 0.017 26 2.7
cuneus 3574 2223 4627 1.967 0.453 0.116 0.024 31 3.7
entorhinal 751 502 2115 3.227 0.919 0.127 0.036 10 1.1
fusiform 4904 3192 10136 2.772 0.662 0.113 0.021 45 4.3
inferiorparietal 9378 6204 17904 2.638 0.515 0.119 0.023 88 8.7
inferiortemporal 5674 3767 13775 3.014 0.713 0.111 0.023 52 5.0
isthmuscingulate 1277 862 2079 2.087 0.886 0.111 0.024 13 1.1
lateraloccipital 8820 5707 13910 2.170 0.629 0.126 0.026 87 9.7
lateralorbitofrontal 4239 3022 9394 2.735 0.623 0.139 0.031 57 5.5
lingual 4318 2886 5952 1.928 0.638 0.135 0.029 50 5.5
medialorbitofrontal 2192 1670 4674 2.509 0.668 0.141 0.033 35 3.0
middletemporal 6562 4333 15003 2.916 0.659 0.106 0.018 53 5.0
parahippocampal 1103 667 2083 2.660 0.806 0.087 0.017 8 0.7
paracentral 2847 1652 4601 2.566 0.636 0.087 0.016 14 1.9
parsopercularis 1994 1322 3894 2.621 0.562 0.105 0.016 16 1.4
parsorbitalis 1008 666 2211 2.646 0.659 0.103 0.017 7 0.7
parstriangularis 2446 1610 4675 2.562 0.569 0.110 0.017 21 1.9
pericalcarine 2403 1657 2360 1.600 0.467 0.137 0.030 25 3.1
postcentral 6654 4067 8627 1.954 0.635 0.087 0.013 40 3.7
posteriorcingulate 1947 1324 3542 2.358 0.633 0.121 0.025 20 1.9
precentral 8126 4810 14693 2.795 0.581 0.087 0.015 50 5.0
precuneus 6056 3916 10243 2.421 0.565 0.108 0.020 50 4.6
rostralanteriorcingulate 1427 957 2828 2.564 0.714 0.113 0.020 15 1.1
rostralmiddlefrontal 5308 3895 10176 2.276 0.518 0.137 0.027 69 5.8
superiorfrontal 13672 9371 28013 2.659 0.582 0.114 0.022 125 12.3
superiorparietal 7252 4643 11332 2.224 0.515 0.100 0.015 52 4.6
superiortemporal 7481 4909 16656 2.917 0.695 0.098 0.017 56 5.1
supramarginal 4362 2843 8246 2.674 0.513 0.107 0.019 35 3.4
transversetemporal 579 353 776 2.075 0.319 0.120 0.020 7 0.5
insula 3188 2127 6634 3.077 0.777 0.111 0.022 27 2.7
