StructName NumVert SurfArea GrayVol ThickAvg ThickStd MeanCurv GausCurv FoldInd CurvInd
caudalanteriorcingulate 1586 1030 2810 2.360 0.750 0.118 0.020 18 1.3
caudalmiddlefrontal 3481 2300 6741 2.675 0.458 0.106 0.017 27 2.6
cuneus 3291 2102 4304 1.943 0.386 0.122 0.025 30 3.7
entorhinal 675 450 2019 3.527 0.744 0.101 0.029 5 0.7
fusiform 4852 3122 9766 2.713 0.614 0.110 0.020 45 4.0
inferiorparietal 9037 6075 16382 2.491 0.470 0.122 0.024 90 9.0
inferiortemporal 5429 3760 13161 2.844 0.690 0.118 0.024 56 5.4
isthmuscingulate 1425 932 2163 2.018 0.900 0.113 0.030 19 1.6
lateraloccipital 8268 5445 13056 2.136 0.525 0.128 0.027 87 9.4
lateralorbitofrontal 4498 3093 9227 2.702 0.583 0.128 0.029 53 5.2
lingual 4077 2695 5837 2.009 0.605 0.131 0.031 47 5.6
medialorbitofrontal 2223 1559 4383 2.501 0.645 0.123 0.026 30 2.4
middletemporal 6647 4340 14234 2.807 0.583 0.105 0.018 57 5.3
parahippocampal 1063 650 1919 2.600 0.749 0.083 0.014 6 0.5
paracentral 2947 1687 4680 2.592 0.593 0.086 0.016 14 2.0
parsopercularis 1997 1335 4026 2.721 0.451 0.107 0.018 16 1.6
parsorbitalis 1028 682 2130 2.619 0.555 0.107 0.018 8 0.8
parstriangularis 2356 1548 4539 2.582 0.549 0.110 0.017 21 1.8
pericalcarine 2449 1634 2673 1.735 0.431 0.137 0.039 27 3.8
postcentral 6515 4005 8632 1.990 0.614 0.090 0.014 41 3.8
posteriorcingulate 2050 1359 3781 2.447 0.701 0.116 0.023 21 1.9
precentral 7983 4781 14593 2.788 0.541 0.091 0.016 47 5.3
precuneus 5808 3879 9850 2.375 0.562 0.111 0.022 51 4.9
rostralanteriorcingulate 1501 1030 2809 2.502 0.677 0.118 0.024 16 1.6
rostralmiddlefrontal 5729 4048 10790 2.363 0.459 0.132 0.027 73 6.5
superiorfrontal 14075 9365 28591 2.741 0.543 0.112 0.021 123 12.9
superiorparietal 6967 4548 11001 2.189 0.469 0.104 0.016 54 4.9
superiortemporal 7436 4880 16279 2.892 0.672 0.099 0.017 57 5.2
supramarginal 4333 2890 8052 2.588 0.446 0.110 0.021 38 3.6
transversetemporal 564 324 757 2.103 0.349 0.112 0.028 6 0.5
insula 3220 2158 6650 3.049 0.802 0.109 0.023 26 2.9
