StructName NumVert SurfArea GrayVol ThickAvg ThickStd MeanCurv GausCurv FoldInd CurvInd
caudalanteriorcingulate 1545 1086 3075 2.423 0.825 0.128 0.026 18 1.6
caudalmiddlefrontal 3635 2451 7034 2.473 0.583 0.106 0.020 29 3.1
cuneus 3490 2160 4738 2.031 0.455 0.117 0.025 33 3.7
entorhinal 566 415 1836 3.083 0.859 0.119 0.034 4 0.7
fusiform 4750 3174 10215 2.737 0.646 0.115 0.022 46 4.1
inferiorparietal 9077 6204 16935 2.336 0.581 0.122 0.026 93 9.3
inferiortemporal 5338 3722 13095 2.722 0.807 0.117 0.027 53 5.8
isthmuscingulate 1416 961 2301 2.057 0.891 0.112 0.028 16 1.3
lateraloccipital 8686 5541 14657 2.229 0.624 0.123 0.028 92 9.4
lateralorbitofrontal 4429 3220 9838 2.657 0.720 0.138 0.038 54 6.9
lingual 4101 2736 6241 2.078 0.599 0.130 0.032 47 5.4
medialorbitofrontal 2507 1732 4600 2.374 0.790 0.135 0.038 49 3.6
middletemporal 6599 4440 14491 2.646 0.733 0.109 0.020 60 5.6
parahippocampal 1051 665 2096 2.743 0.721 0.099 0.021 8 0.8
paracentral 2912 1771 4649 2.498 0.586 0.113 0.033 28 4.1
parsopercularis 2066 1386 4007 2.524 0.557 0.103 0.021 16 1.8
parsorbitalis 1043 683 2207 2.517 0.670 0.102 0.021 7 0.9
parstriangularis 2478 1641 4794 2.480 0.623 0.113 0.021 22 2.4
pericalcarine 2414 1678 2806 1.826 0.505 0.133 0.035 24 3.5
postcentral 6834 4200 9152 2.009 0.535 0.099 0.025 61 6.5
posteriorcingulate 1983 1377 3826 2.345 0.716 0.120 0.028 21 2.1
precentral 8044 5051 15175 2.689 0.611 0.099 0.025 58 7.5
precuneus 5863 3926 10335 2.390 0.570 0.109 0.021 54 4.6
rostralanteriorcingulate 1366 984 2809 2.501 0.687 0.125 0.030 17 1.6
rostralmiddlefrontal 5791 4137 10872 2.220 0.578 0.131 0.029 74 6.6
superiorfrontal 14226 9760 28851 2.580 0.634 0.115 0.025 133 14.4
superiorparietal 7203 4709 11660 2.180 0.504 0.103 0.017 57 5.3
superiortemporal 7396 5034 16844 2.745 0.705 0.103 0.022 61 6.4
supramarginal 4613 3067 8103 2.373 0.565 0.110 0.025 46 4.5
transversetemporal 491 355 861 2.268 0.274 0.139 0.031 7 0.5
insula 3094 2101 6739 3.057 0.857 0.108 0.026 25 3.0
