StructName NumVert SurfArea GrayVol ThickAvg ThickStd MeanCurv GausCurv FoldInd CurvInd
caudalanteriorcingulate 1580 1028 2815 2.390 0.774 0.120 0.020 19 1.2
caudalmiddlefrontal 3613 2343 6893 2.715 0.479 0.101 0.017 26 2.6
cuneus 3514 2171 4508 1.978 0.455 0.117 0.023 31 3.5
entorhinal 705 463 2106 3.427 0.870 0.119 0.032 8 0.9
fusiform 5041 3299 10321 2.748 0.675 0.114 0.024 47 4.8
inferiorparietal 9234 6117 17207 2.566 0.524 0.119 0.023 86 8.7
inferiortemporal 5631 3748 13677 2.984 0.717 0.113 0.024 53 5.3
isthmuscingulate 1398 927 2230 2.100 0.876 0.114 0.026 18 1.4
lateraloccipital 8848 5594 14073 2.216 0.668 0.124 0.025 88 9.6
lateralorbitofrontal 4371 3028 9613 2.801 0.648 0.132 0.030 51 5.5
lingual 4342 2867 5933 1.932 0.616 0.133 0.028 49 5.4
medialorbitofrontal 2278 1617 4683 2.513 0.735 0.128 0.027 30 2.7
middletemporal 6637 4348 14692 2.880 0.653 0.106 0.019 56 5.3
parahippocampal 1091 656 2081 2.694 0.788 0.091 0.024 9 1.2
paracentral 2917 1630 4621 2.655 0.557 0.084 0.015 14 1.8
parsopercularis 1985 1281 3927 2.724 0.552 0.102 0.018 15 1.5
parsorbitalis 1060 671 2253 2.713 0.628 0.100 0.017 7 0.8
parstriangularis 2427 1542 4518 2.593 0.580 0.103 0.017 18 1.8
pericalcarine 2466 1625 2580 1.717 0.495 0.131 0.031 24 3.1
postcentral 6777 4068 8593 1.972 0.617 0.087 0.014 39 4.0
posteriorcingulate 2075 1389 3690 2.379 0.612 0.116 0.024 22 1.9
precentral 8212 4792 14751 2.830 0.542 0.087 0.016 46 5.6
precuneus 6014 3907 10002 2.402 0.566 0.109 0.020 51 4.8
rostralanteriorcingulate 1463 977 2781 2.603 0.591 0.112 0.020 14 1.2
rostralmiddlefrontal 5829 4011 10708 2.378 0.481 0.128 0.026 66 6.2
superiorfrontal 14209 9385 28337 2.737 0.558 0.110 0.021 116 12.5
superiorparietal 7134 4606 11333 2.242 0.462 0.101 0.015 54 4.8
superiortemporal 7618 4897 16722 2.927 0.706 0.098 0.017 57 5.4
supramarginal 4287 2823 7998 2.640 0.483 0.107 0.019 35 3.3
transversetemporal 556 332 735 2.096 0.439 0.126 0.022 7 0.5
insula 3242 2142 6552 3.064 0.814 0.106 0.022 23 2.8
