StructName NumVert SurfArea GrayVol ThickAvg ThickStd MeanCurv GausCurv FoldInd CurvInd
caudalanteriorcingulate 1493 999 2809 2.402 0.808 0.120 0.019 17 1.1
caudalmiddlefrontal 3370 2206 6431 2.658 0.463 0.102 0.018 26 2.7
cuneus 3292 2064 4380 1.980 0.407 0.119 0.023 31 3.3
entorhinal 658 434 1836 3.335 0.792 0.099 0.026 4 0.6
fusiform 4676 3103 9786 2.750 0.602 0.114 0.020 48 4.0
inferiorparietal 8778 5981 16208 2.500 0.439 0.121 0.023 87 8.4
inferiortemporal 5435 3674 12859 2.838 0.700 0.112 0.024 51 5.0
isthmuscingulate 1344 883 2127 2.144 0.864 0.117 0.033 16 1.6
lateraloccipital 8387 5337 13233 2.191 0.580 0.123 0.024 84 8.7
lateralorbitofrontal 3951 2796 8823 2.772 0.716 0.132 0.032 46 5.6
lingual 4164 2720 5795 1.957 0.619 0.131 0.029 50 5.2
medialorbitofrontal 2104 1486 4156 2.342 0.724 0.118 0.029 23 2.6
middletemporal 6179 4228 13633 2.785 0.597 0.110 0.019 54 5.1
parahippocampal 1047 642 1954 2.636 0.704 0.083 0.015 6 0.5
paracentral 2773 1604 4362 2.554 0.549 0.083 0.013 13 1.5
parsopercularis 1925 1280 3760 2.659 0.495 0.106 0.018 15 1.6
parsorbitalis 947 625 2030 2.616 0.632 0.102 0.018 7 0.6
parstriangularis 2290 1551 4340 2.477 0.581 0.111 0.020 19 2.0
pericalcarine 2560 1620 2810 1.836 0.531 0.121 0.031 25 3.1
postcentral 6332 3907 8443 1.971 0.600 0.088 0.014 39 3.7
posteriorcingulate 1920 1294 3605 2.481 0.677 0.118 0.022 21 1.7
precentral 7802 4708 14386 2.780 0.572 0.089 0.015 45 4.9
precuneus 5752 3778 9808 2.410 0.518 0.108 0.019 52 4.5
rostralanteriorcingulate 1307 912 2563 2.481 0.675 0.115 0.021 13 1.1
rostralmiddlefrontal 5202 3704 10288 2.384 0.528 0.130 0.029 66 6.3
superiorfrontal 13395 9175 27557 2.715 0.602 0.113 0.022 120 12.8
superiorparietal 7062 4486 11023 2.205 0.491 0.098 0.015 52 4.6
superiortemporal 7142 4766 15768 2.837 0.650 0.102 0.019 58 5.7
supramarginal 4213 2804 7844 2.604 0.450 0.108 0.020 37 3.4
transversetemporal 567 332 735 2.092 0.386 0.113 0.031 7 0.6
insula 3091 2068 6580 3.132 0.885 0.108 0.023 32 2.7
