StructName NumVert SurfArea GrayVol ThickAvg ThickStd MeanCurv GausCurv FoldInd CurvInd
caudalanteriorcingulate 1508 991 2787 2.373 0.824 0.119 0.019 18 1.2
caudalmiddlefrontal 3534 2303 6817 2.672 0.509 0.102 0.017 26 2.6
cuneus 3551 2226 4613 1.946 0.445 0.118 0.023 32 3.5
entorhinal 656 445 2088 3.484 0.838 0.130 0.043 11 1.0
fusiform 4887 3136 10154 2.792 0.670 0.110 0.020 43 4.1
inferiorparietal 9422 6185 17385 2.541 0.543 0.117 0.023 90 8.7
inferiortemporal 5449 3683 13622 2.997 0.707 0.114 0.024 51 5.6
isthmuscingulate 1436 947 2186 2.036 0.869 0.107 0.026 15 1.3
lateraloccipital 8893 5606 14306 2.238 0.653 0.123 0.025 87 9.4
lateralorbitofrontal 4269 2978 9241 2.702 0.642 0.135 0.031 51 5.4
lingual 4306 2792 5884 1.963 0.654 0.128 0.028 47 5.2
medialorbitofrontal 2144 1652 4589 2.423 0.784 0.143 0.033 34 3.2
middletemporal 6581 4328 14805 2.875 0.699 0.106 0.019 53 5.1
parahippocampal 1072 638 2008 2.612 0.830 0.079 0.013 6 0.5
paracentral 2873 1624 4690 2.663 0.602 0.085 0.014 14 1.8
parsopercularis 2063 1355 3893 2.587 0.565 0.104 0.017 15 1.5
parsorbitalis 1089 721 2289 2.606 0.626 0.106 0.020 8 1.0
parstriangularis 2425 1586 4500 2.490 0.584 0.109 0.018 21 1.9
pericalcarine 2436 1605 2521 1.711 0.475 0.130 0.031 24 3.1
postcentral 6556 4055 8699 1.979 0.620 0.089 0.014 40 3.8
posteriorcingulate 2035 1378 3600 2.330 0.641 0.118 0.023 21 1.9
precentral 8121 4742 14612 2.821 0.584 0.085 0.015 47 5.0
precuneus 6003 3867 10071 2.408 0.556 0.107 0.020 50 4.7
rostralanteriorcingulate 1410 952 2805 2.605 0.670 0.113 0.021 14 1.2
rostralmiddlefrontal 5688 3973 10470 2.301 0.532 0.130 0.026 67 6.1
superiorfrontal 14098 9338 28346 2.719 0.605 0.110 0.021 117 12.3
superiorparietal 7096 4582 11339 2.223 0.520 0.101 0.016 52 4.8
superiortemporal 7535 4875 16560 2.895 0.707 0.098 0.017 55 5.3
supramarginal 4359 2850 7945 2.575 0.495 0.107 0.019 35 3.3
transversetemporal 587 374 729 1.898 0.320 0.130 0.019 7 0.4
insula 3248 2150 6471 3.005 0.771 0.110 0.022 26 2.9
