StructName NumVert SurfArea GrayVol ThickAvg ThickStd MeanCurv GausCurv FoldInd CurvInd
caudalanteriorcingulate 1102 752 1892 2.205 0.613 0.131 0.021 16 0.9
caudalmiddlefrontal 3302 2162 5779 2.475 0.511 0.106 0.018 25 2.5
cuneus 2908 1963 4040 1.779 0.652 0.146 0.031 36 3.9
entorhinal 504 345 1544 2.973 0.883 0.110 0.027 5 0.5
fusiform 4861 3294 9391 2.581 0.647 0.121 0.029 50 5.7
inferiorparietal 11045 7566 18844 2.265 0.533 0.123 0.024 117 10.7
inferiortemporal 5461 3711 12677 2.797 0.765 0.118 0.025 57 5.5
isthmuscingulate 1395 940 2254 2.184 0.701 0.129 0.028 18 1.7
lateraloccipital 8900 5966 13759 2.105 0.643 0.138 0.028 105 10.5
lateralorbitofrontal 4744 3296 8243 2.361 0.705 0.136 0.036 66 6.7
lingual 4915 3466 7030 1.885 0.672 0.152 0.036 64 7.3
medialorbitofrontal 2486 1754 4522 2.268 0.621 0.127 0.030 33 3.0
middletemporal 7385 5059 16262 2.739 0.693 0.111 0.020 71 6.3
parahippocampal 1411 869 2182 2.264 0.666 0.098 0.023 15 1.3
paracentral 2545 1571 3992 2.286 0.564 0.108 0.022 19 2.2
parsopercularis 2747 1830 5081 2.546 0.561 0.102 0.017 22 2.0
parsorbitalis 1128 747 2390 2.598 0.675 0.108 0.020 8 1.0
parstriangularis 2089 1393 3636 2.387 0.600 0.115 0.019 17 1.7
pericalcarine 1801 1215 1526 1.380 0.360 0.116 0.024 16 1.8
postcentral 7284 4655 10312 1.985 0.636 0.102 0.018 53 5.6
posteriorcingulate 2043 1419 3665 2.340 0.648 0.140 0.028 26 2.6
precentral 7283 4517 12608 2.441 0.692 0.103 0.020 49 6.3
precuneus 6897 4652 10719 2.213 0.536 0.126 0.025 72 7.1
rostralanteriorcingulate 1224 874 2294 2.331 0.617 0.123 0.027 19 1.3
rostralmiddlefrontal 6051 4340 10725 2.150 0.572 0.133 0.028 72 7.3
superiorfrontal 15122 10556 28477 2.337 0.622 0.125 0.024 165 15.6
superiorparietal 6712 4583 10288 2.034 0.524 0.129 0.025 74 7.1
superiortemporal 7366 4813 15406 2.695 0.748 0.106 0.022 57 6.7
supramarginal 5045 3382 8844 2.383 0.560 0.118 0.023 50 4.8
transversetemporal 538 334 793 2.131 0.367 0.122 0.022 6 0.4
insula 2886 1942 5588 2.779 0.700 0.113 0.023 26 2.5
