StructName NumVert SurfArea GrayVol ThickAvg ThickStd MeanCurv GausCurv FoldInd CurvInd
caudalanteriorcingulate 1196 839 1991 2.188 0.528 0.136 0.021 18 1.2
caudalmiddlefrontal 3573 2280 6594 2.665 0.494 0.106 0.019 27 2.8
cuneus 3026 2072 4051 1.730 0.663 0.147 0.031 39 4.0
entorhinal 520 363 1694 3.064 0.740 0.103 0.024 3 0.5
fusiform 4571 3173 9181 2.650 0.631 0.126 0.028 49 5.7
inferiorparietal 10957 7457 18783 2.299 0.514 0.124 0.024 118 10.7
inferiortemporal 5526 3821 13275 2.859 0.778 0.122 0.027 60 6.2
isthmuscingulate 1468 985 2283 2.177 0.719 0.127 0.028 18 1.8
lateraloccipital 8947 6068 14341 2.156 0.617 0.138 0.028 108 10.5
lateralorbitofrontal 4918 3367 8795 2.437 0.669 0.134 0.034 61 6.9
lingual 4952 3478 6976 1.877 0.654 0.151 0.036 66 7.7
medialorbitofrontal 2444 1725 4752 2.392 0.626 0.131 0.031 38 3.0
middletemporal 7667 5141 16927 2.796 0.702 0.109 0.020 71 6.3
parahippocampal 1247 749 2037 2.429 0.673 0.081 0.013 6 0.6
paracentral 2745 1583 4163 2.377 0.574 0.104 0.023 20 2.4
parsopercularis 2683 1802 5331 2.694 0.540 0.104 0.018 22 2.1
parsorbitalis 1100 725 2553 2.843 0.611 0.104 0.019 8 0.9
parstriangularis 2146 1408 3729 2.445 0.598 0.115 0.019 17 1.7
pericalcarine 1780 1225 1573 1.412 0.409 0.118 0.024 15 1.8
postcentral 7243 4607 10460 2.039 0.649 0.102 0.019 53 5.6
posteriorcingulate 2177 1491 3961 2.437 0.701 0.137 0.028 29 2.5
precentral 7428 4630 13078 2.501 0.702 0.105 0.021 53 6.6
precuneus 7035 4753 11007 2.246 0.516 0.127 0.026 74 7.2
rostralanteriorcingulate 1204 872 2404 2.527 0.494 0.114 0.022 14 1.0
rostralmiddlefrontal 6380 4498 11559 2.312 0.495 0.133 0.028 73 7.6
superiorfrontal 15858 10762 31578 2.599 0.570 0.122 0.024 162 15.5
superiorparietal 6798 4629 10562 2.088 0.484 0.130 0.025 76 7.3
superiortemporal 7292 4828 15333 2.754 0.715 0.109 0.023 60 7.3
supramarginal 5093 3404 9135 2.461 0.559 0.117 0.023 53 4.8
transversetemporal 554 330 766 2.139 0.442 0.120 0.025 6 0.5
insula 2916 2011 5674 2.805 0.665 0.118 0.027 28 3.1
