StructName NumVert SurfArea GrayVol ThickAvg ThickStd MeanCurv GausCurv FoldInd CurvInd
caudalanteriorcingulate 1141 782 1990 2.248 0.626 0.131 0.020 17 1.0
caudalmiddlefrontal 3591 2344 6864 2.675 0.505 0.108 0.021 27 3.0
cuneus 2809 1922 3872 1.823 0.618 0.147 0.030 36 3.6
entorhinal 569 377 1428 2.785 0.780 0.112 0.030 4 0.7
fusiform 4673 3256 9656 2.657 0.637 0.125 0.028 50 5.4
inferiorparietal 9956 6949 17739 2.292 0.526 0.126 0.024 114 10.0
inferiortemporal 5519 3831 13263 2.825 0.765 0.124 0.027 62 5.9
isthmuscingulate 1446 960 2315 2.173 0.739 0.127 0.026 19 1.6
lateraloccipital 8899 6106 14438 2.142 0.616 0.139 0.028 110 10.4
lateralorbitofrontal 4564 3183 8726 2.499 0.718 0.135 0.032 59 6.0
lingual 4747 3426 7161 1.936 0.635 0.154 0.036 64 7.4
medialorbitofrontal 2369 1725 4804 2.414 0.635 0.132 0.029 33 3.0
middletemporal 7491 5178 16683 2.758 0.656 0.113 0.020 71 6.3
parahippocampal 1249 758 2108 2.420 0.734 0.083 0.016 6 0.8
paracentral 2570 1526 4073 2.404 0.581 0.107 0.023 20 2.3
parsopercularis 2690 1793 5297 2.688 0.483 0.104 0.018 22 2.1
parsorbitalis 1069 692 2396 2.742 0.666 0.103 0.020 8 0.9
parstriangularis 2040 1337 3661 2.532 0.554 0.115 0.020 17 1.7
pericalcarine 1711 1185 1562 1.439 0.379 0.116 0.023 15 1.6
postcentral 7287 4657 10782 2.054 0.655 0.102 0.019 57 5.9
posteriorcingulate 2115 1444 3960 2.428 0.699 0.134 0.026 27 2.3
precentral 7572 4663 13158 2.531 0.670 0.103 0.021 54 6.5
precuneus 6723 4643 11226 2.290 0.541 0.129 0.026 74 7.2
rostralanteriorcingulate 1274 902 2464 2.489 0.562 0.113 0.025 16 1.1
rostralmiddlefrontal 6476 4553 11635 2.304 0.481 0.130 0.027 74 7.3
superiorfrontal 15374 10649 31038 2.562 0.587 0.124 0.025 165 15.8
superiorparietal 6617 4553 10419 2.074 0.465 0.129 0.025 75 7.0
superiortemporal 7180 4775 15632 2.777 0.728 0.109 0.022 57 6.2
supramarginal 4881 3360 8953 2.449 0.539 0.120 0.024 50 4.9
transversetemporal 530 315 795 2.253 0.475 0.123 0.022 6 0.4
insula 2880 1938 5690 2.837 0.745 0.111 0.025 25 2.6
