StructName NumVert SurfArea GrayVol ThickAvg ThickStd MeanCurv GausCurv FoldInd CurvInd
caudalanteriorcingulate 1245 882 2088 2.090 0.617 0.136 0.024 20 1.4
caudalmiddlefrontal 3759 2480 7468 2.538 0.660 0.106 0.021 28 3.1
cuneus 2899 1922 3773 1.790 0.585 0.138 0.030 34 3.6
entorhinal 518 368 1562 2.765 0.995 0.114 0.030 5 0.5
fusiform 4599 3160 9470 2.636 0.639 0.121 0.027 49 4.9
inferiorparietal 10440 7295 18440 2.157 0.592 0.123 0.024 122 9.9
inferiortemporal 5193 3710 13014 2.737 0.883 0.124 0.030 60 6.4
isthmuscingulate 1479 1011 2521 2.236 0.780 0.128 0.028 18 1.6
lateraloccipital 8776 5892 14367 2.125 0.617 0.131 0.028 109 10.0
lateralorbitofrontal 5020 3564 9186 2.279 0.718 0.132 0.033 64 6.7
lingual 4796 3373 7328 1.981 0.708 0.142 0.034 61 6.8
medialorbitofrontal 2700 1893 4877 2.227 0.638 0.127 0.033 36 3.1
middletemporal 7583 5241 16929 2.630 0.737 0.113 0.023 74 7.2
parahippocampal 1409 904 2352 2.330 0.713 0.105 0.029 19 1.8
paracentral 2525 1525 4041 2.394 0.538 0.109 0.029 20 2.5
parsopercularis 2759 1892 5409 2.486 0.577 0.105 0.022 24 2.2
parsorbitalis 1059 682 2377 2.625 0.728 0.105 0.019 8 0.8
parstriangularis 1964 1266 3262 2.280 0.663 0.110 0.020 14 1.7
pericalcarine 1723 1213 1712 1.527 0.442 0.113 0.024 14 1.7
postcentral 7654 4862 10287 1.913 0.608 0.105 0.028 66 8.6
posteriorcingulate 2137 1457 3756 2.299 0.737 0.137 0.028 28 2.4
precentral 8023 5112 12844 2.313 0.641 0.111 0.030 65 9.8
precuneus 6645 4632 11013 2.219 0.517 0.127 0.026 70 7.1
rostralanteriorcingulate 1363 955 2522 2.307 0.529 0.131 0.030 21 1.6
rostralmiddlefrontal 6222 4525 11176 2.073 0.646 0.134 0.029 78 7.1
superiorfrontal 15420 10690 31042 2.454 0.686 0.123 0.027 163 16.1
superiorparietal 6555 4492 10224 1.994 0.538 0.126 0.025 73 6.7
superiortemporal 7513 5054 14913 2.570 0.691 0.112 0.028 72 8.5
supramarginal 4921 3417 8866 2.323 0.635 0.123 0.028 57 5.8
temporalpole 12 4 3 1.007 0.230 0.088 0.084 0 0.0
transversetemporal 502 338 911 2.351 0.388 0.136 0.027 7 0.6
insula 2783 1915 5794 2.775 0.829 0.114 0.026 23 3.0
