StructName NumVert SurfArea GrayVol ThickAvg ThickStd MeanCurv GausCurv FoldInd CurvInd
caudalanteriorcingulate 1088 727 1866 2.302 0.610 0.129 0.018 16 0.9
caudalmiddlefrontal 3435 2243 6109 2.450 0.511 0.109 0.018 28 2.6
cuneus 2925 1942 3384 1.619 0.591 0.141 0.030 34 3.8
entorhinal 570 355 1984 3.189 0.910 0.102 0.021 4 0.5
fusiform 4574 3086 8672 2.614 0.604 0.116 0.027 52 4.9
inferiorparietal 9923 7053 16963 2.152 0.490 0.128 0.024 118 10.3
inferiortemporal 5243 3613 12286 2.825 0.781 0.117 0.023 60 5.0
isthmuscingulate 1304 900 1964 2.079 0.750 0.133 0.032 16 1.6
lateraloccipital 9063 5897 12566 1.987 0.562 0.132 0.027 108 10.4
lateralorbitofrontal 4647 3155 8463 2.492 0.690 0.133 0.030 64 5.9
lingual 4956 3423 6444 1.817 0.647 0.148 0.034 63 7.6
medialorbitofrontal 2360 1668 4586 2.449 0.667 0.131 0.032 35 3.0
middletemporal 7108 4965 15193 2.624 0.680 0.113 0.020 75 6.0
parahippocampal 1214 748 2065 2.538 0.609 0.085 0.015 15 0.7
paracentral 2673 1544 3799 2.263 0.622 0.107 0.023 21 2.5
parsopercularis 2547 1749 4876 2.531 0.524 0.105 0.018 20 2.0
parsorbitalis 1070 693 2307 2.641 0.596 0.102 0.018 8 0.8
parstriangularis 2091 1362 3351 2.276 0.590 0.112 0.018 17 1.6
pericalcarine 1774 1198 1497 1.349 0.355 0.113 0.024 16 1.8
postcentral 6590 4283 9368 1.967 0.569 0.103 0.018 52 5.1
posteriorcingulate 2118 1412 3621 2.398 0.703 0.138 0.026 29 2.4
precentral 7066 4386 11690 2.421 0.608 0.104 0.020 53 6.1
precuneus 6931 4617 9989 2.138 0.528 0.125 0.027 72 7.6
rostralanteriorcingulate 1225 868 2266 2.373 0.543 0.114 0.020 15 1.0
rostralmiddlefrontal 6255 4347 10932 2.228 0.549 0.127 0.027 71 7.2
superiorfrontal 15209 10334 28711 2.453 0.598 0.122 0.025 172 15.7
superiorparietal 6492 4389 9743 2.000 0.470 0.129 0.026 78 7.1
superiortemporal 6839 4531 14716 2.768 0.727 0.105 0.020 56 5.5
supramarginal 4705 3285 8285 2.310 0.563 0.121 0.024 52 4.7
transversetemporal 500 299 833 2.397 0.374 0.113 0.020 6 0.4
insula 2848 1914 5538 2.735 0.766 0.107 0.021 25 2.4
