StructName NumVert SurfArea GrayVol ThickAvg ThickStd MeanCurv GausCurv FoldInd CurvInd
caudalanteriorcingulate 1214 818 2084 2.285 0.594 0.135 0.024 20 1.2
caudalmiddlefrontal 3799 2364 6724 2.604 0.488 0.102 0.020 28 3.1
cuneus 2891 1943 3767 1.768 0.617 0.148 0.031 37 3.8
entorhinal 517 328 1281 2.736 0.812 0.103 0.041 6 0.6
fusiform 4643 3147 8881 2.520 0.576 0.120 0.027 51 5.0
inferiorparietal 10963 7523 19219 2.294 0.515 0.124 0.025 124 11.4
inferiortemporal 5280 3615 12050 2.808 0.711 0.122 0.026 62 5.7
isthmuscingulate 1489 987 2279 2.132 0.742 0.127 0.028 18 1.7
lateraloccipital 9074 5987 13346 2.057 0.642 0.137 0.029 110 11.2
lateralorbitofrontal 4769 3228 8759 2.533 0.735 0.134 0.033 61 6.4
lingual 4752 3369 6942 1.922 0.629 0.150 0.037 64 7.5
medialorbitofrontal 2258 1597 4573 2.479 0.662 0.133 0.034 33 3.0
middletemporal 7389 5149 16475 2.728 0.655 0.116 0.021 80 6.6
parahippocampal 1440 879 2267 2.345 0.674 0.101 0.028 17 1.8
paracentral 2603 1551 3829 2.271 0.562 0.105 0.026 21 2.6
parsopercularis 2741 1848 5348 2.619 0.489 0.108 0.021 25 2.3
parsorbitalis 1050 686 2440 2.780 0.610 0.104 0.018 8 0.8
parstriangularis 2049 1319 3587 2.529 0.517 0.111 0.018 16 1.7
pericalcarine 1721 1178 1532 1.434 0.346 0.117 0.029 14 2.0
postcentral 7187 4500 9994 2.005 0.591 0.103 0.021 57 6.2
posteriorcingulate 2203 1462 3725 2.308 0.701 0.136 0.028 29 2.6
precentral 7660 4647 12315 2.448 0.588 0.105 0.023 57 7.3
precuneus 6759 4586 10913 2.248 0.517 0.125 0.027 73 7.2
rostralanteriorcingulate 1163 805 2137 2.393 0.549 0.114 0.023 15 1.0
rostralmiddlefrontal 6675 4547 12178 2.410 0.488 0.129 0.027 76 7.6
superiorfrontal 16142 10798 31395 2.599 0.538 0.121 0.026 174 16.8
superiorparietal 7318 4715 10794 2.057 0.546 0.125 0.028 83 8.2
superiortemporal 7207 4728 15648 2.838 0.695 0.108 0.022 61 6.8
supramarginal 4741 3299 8721 2.400 0.537 0.124 0.025 54 5.2
transversetemporal 496 314 817 2.288 0.407 0.134 0.027 7 0.5
insula 2896 2002 5708 2.770 0.710 0.122 0.029 31 3.3
