StructName NumVert SurfArea GrayVol ThickAvg ThickStd MeanCurv GausCurv FoldInd CurvInd
caudalanteriorcingulate 1564 1104 3360 2.658 0.696 0.129 0.029 22 1.7
caudalmiddlefrontal 3404 2290 7064 2.615 0.589 0.107 0.021 26 2.8
cuneus 2923 1950 4272 2.046 0.520 0.136 0.032 38 3.7
entorhinal 501 344 1548 3.346 0.685 0.142 0.039 5 0.9
fusiform 4666 3205 10478 2.885 0.583 0.119 0.026 61 4.7
inferiorparietal 9997 6891 20903 2.625 0.512 0.121 0.025 123 10.3
inferiortemporal 5502 3995 12813 2.650 0.753 0.127 0.029 80 6.8
isthmuscingulate 1740 1179 3434 2.422 0.827 0.121 0.030 19 2.0
lateraloccipital 7306 4899 14230 2.477 0.594 0.129 0.030 99 8.3
lateralorbitofrontal 4596 3340 10534 2.705 0.820 0.143 0.043 73 8.4
lingual 4477 3104 7515 2.212 0.657 0.131 0.034 58 6.1
medialorbitofrontal 2569 1759 5166 2.470 0.642 0.112 0.030 27 2.6
middletemporal 7069 4940 16485 2.746 0.711 0.117 0.026 87 7.1
parahippocampal 1241 786 2816 2.992 0.777 0.087 0.018 8 0.9
paracentral 3179 1990 5265 2.504 0.520 0.115 0.037 35 4.0
parsopercularis 3123 2126 5919 2.548 0.472 0.119 0.030 38 3.7
parsorbitalis 1054 714 2308 2.635 0.626 0.111 0.023 10 1.0
parstriangularis 2674 1821 5499 2.512 0.621 0.117 0.023 32 2.4
pericalcarine 2089 1416 2441 1.847 0.493 0.124 0.031 21 2.6
postcentral 8100 5422 13243 2.188 0.604 0.120 0.030 95 9.6
posteriorcingulate 1985 1339 3582 2.461 0.704 0.117 0.027 23 2.1
precentral 8747 5750 16402 2.566 0.610 0.111 0.027 71 10.4
precuneus 7070 4793 13441 2.596 0.489 0.114 0.024 73 6.3
rostralanteriorcingulate 1559 1112 3359 2.664 0.606 0.140 0.035 23 2.4
rostralmiddlefrontal 6526 4684 13943 2.431 0.656 0.129 0.030 90 7.6
superiorfrontal 16064 11233 35851 2.673 0.614 0.123 0.029 179 18.0
superiorparietal 7939 5355 14300 2.384 0.496 0.119 0.024 105 7.3
superiortemporal 9894 6542 20555 2.674 0.743 0.115 0.032 114 12.7
supramarginal 6699 4548 12429 2.522 0.552 0.116 0.027 69 7.7
transversetemporal 768 515 1704 2.692 0.335 0.113 0.029 8 0.7
insula 3334 2272 7702 3.313 0.739 0.107 0.026 26 3.2
