StructName NumVert SurfArea GrayVol ThickAvg ThickStd MeanCurv GausCurv FoldInd CurvInd
caudalanteriorcingulate 1447 992 3121 2.771 0.674 0.123 0.022 18 1.3
caudalmiddlefrontal 3270 2177 6127 2.572 0.497 0.103 0.017 25 2.3
cuneus 2884 1950 4176 1.938 0.507 0.142 0.028 34 3.5
entorhinal 604 381 1771 3.301 0.692 0.121 0.028 5 0.6
fusiform 4938 3271 10379 2.873 0.611 0.120 0.026 54 5.2
inferiorparietal 9743 6656 20064 2.671 0.504 0.123 0.024 102 10.0
inferiortemporal 5337 3837 13010 2.823 0.697 0.128 0.028 79 6.6
isthmuscingulate 1671 1108 3195 2.451 0.767 0.121 0.025 19 1.7
lateraloccipital 7248 4932 13184 2.385 0.568 0.137 0.028 93 8.6
lateralorbitofrontal 4017 2905 9332 2.805 0.698 0.139 0.033 57 5.7
lingual 4668 3092 7508 2.195 0.638 0.129 0.026 53 5.4
medialorbitofrontal 2459 1728 5440 2.615 0.754 0.124 0.027 35 2.6
middletemporal 6667 4635 16016 2.903 0.684 0.115 0.022 70 6.0
parahippocampal 1243 763 2490 2.767 0.763 0.081 0.015 7 0.6
paracentral 2851 1690 4864 2.678 0.532 0.093 0.016 17 2.0
parsopercularis 2894 1979 5543 2.512 0.509 0.118 0.023 33 2.6
parsorbitalis 955 665 2085 2.623 0.673 0.114 0.022 9 0.8
parstriangularis 2631 1810 5215 2.459 0.612 0.118 0.020 28 2.2
pericalcarine 2075 1426 1996 1.547 0.392 0.134 0.029 22 2.8
postcentral 7619 4944 11752 2.135 0.613 0.111 0.020 70 6.3
posteriorcingulate 1899 1290 3552 2.621 0.678 0.118 0.022 20 1.9
precentral 8626 5321 15750 2.685 0.527 0.097 0.017 58 6.1
precuneus 6803 4605 12803 2.605 0.584 0.116 0.023 66 6.4
rostralanteriorcingulate 1557 1081 3372 2.911 0.754 0.129 0.024 20 1.4
rostralmiddlefrontal 6163 4508 12295 2.308 0.608 0.132 0.028 78 7.2
superiorfrontal 14990 10526 32347 2.645 0.603 0.124 0.024 158 15.3
superiorparietal 7690 5264 13265 2.284 0.528 0.123 0.023 83 7.3
superiortemporal 8709 5796 19594 2.884 0.653 0.104 0.021 75 7.7
supramarginal 6223 4168 11816 2.659 0.490 0.108 0.019 52 5.0
transversetemporal 739 475 1499 2.620 0.425 0.114 0.022 7 0.7
insula 3416 2242 7783 3.403 0.767 0.098 0.021 22 2.7
