StructName NumVert SurfArea GrayVol ThickAvg ThickStd MeanCurv GausCurv FoldInd CurvInd
caudalanteriorcingulate 1469 991 3093 2.659 0.753 0.122 0.023 18 1.4
caudalmiddlefrontal 3188 2157 5962 2.469 0.555 0.105 0.017 26 2.2
cuneus 3009 2016 4412 2.004 0.539 0.140 0.029 35 3.7
entorhinal 556 375 1559 2.954 0.783 0.131 0.040 7 0.8
fusiform 4866 3233 10255 2.846 0.580 0.122 0.030 61 5.6
inferiorparietal 9894 6704 20682 2.730 0.482 0.121 0.023 110 9.9
inferiortemporal 5535 3903 13331 2.802 0.758 0.123 0.027 71 6.8
isthmuscingulate 1647 1111 3177 2.430 0.761 0.122 0.024 19 1.7
lateraloccipital 7514 4959 13782 2.416 0.630 0.132 0.028 92 8.6
lateralorbitofrontal 3989 2859 9448 2.712 0.801 0.138 0.035 60 6.2
lingual 4836 3174 7477 2.155 0.640 0.127 0.028 54 5.6
medialorbitofrontal 2414 1735 5364 2.510 0.874 0.133 0.031 36 3.4
middletemporal 6741 4685 16110 2.914 0.675 0.115 0.023 72 6.2
parahippocampal 1207 745 2518 2.823 0.837 0.081 0.013 6 0.6
paracentral 2787 1733 5067 2.733 0.544 0.097 0.016 17 1.9
parsopercularis 2852 1964 5561 2.493 0.541 0.118 0.025 37 2.5
parsorbitalis 959 662 1996 2.465 0.714 0.109 0.020 10 0.8
parstriangularis 2499 1741 4885 2.264 0.703 0.117 0.022 28 2.2
pericalcarine 2244 1530 2198 1.571 0.417 0.137 0.029 25 2.9
postcentral 7480 4956 12221 2.199 0.593 0.111 0.020 71 6.2
posteriorcingulate 1950 1318 3567 2.553 0.671 0.117 0.023 22 1.8
precentral 8464 5330 16081 2.702 0.547 0.098 0.017 58 6.2
precuneus 6940 4675 13160 2.608 0.525 0.114 0.022 67 6.0
rostralanteriorcingulate 1552 1117 3319 2.798 0.870 0.136 0.029 21 1.8
rostralmiddlefrontal 5820 4266 11650 2.187 0.663 0.131 0.029 81 7.1
superiorfrontal 14301 10287 31624 2.567 0.661 0.126 0.027 167 16.1
superiorparietal 7843 5288 13900 2.365 0.501 0.120 0.022 86 7.0
superiortemporal 8792 5805 19658 2.903 0.645 0.103 0.021 76 7.5
supramarginal 6222 4172 12046 2.657 0.479 0.109 0.019 55 4.9
transversetemporal 735 460 1476 2.606 0.370 0.108 0.019 7 0.5
insula 3400 2246 7795 3.356 0.818 0.099 0.020 23 2.6
