StructName NumVert SurfArea GrayVol ThickAvg ThickStd MeanCurv GausCurv FoldInd CurvInd
caudalanteriorcingulate 1393 979 3077 2.753 0.707 0.123 0.024 17 1.4
caudalmiddlefrontal 3175 2179 6305 2.656 0.435 0.107 0.017 26 2.2
cuneus 2944 1963 4197 2.005 0.498 0.137 0.028 34 3.5
entorhinal 511 335 1608 3.279 0.789 0.120 0.025 4 0.5
fusiform 4753 3236 10015 2.864 0.573 0.121 0.025 54 4.7
inferiorparietal 9662 6728 19606 2.617 0.444 0.123 0.024 110 9.5
inferiortemporal 5441 3912 12777 2.773 0.649 0.122 0.025 67 5.3
isthmuscingulate 1539 1047 2993 2.489 0.718 0.120 0.023 16 1.6
lateraloccipital 7233 4912 13008 2.362 0.546 0.133 0.026 87 7.9
lateralorbitofrontal 4175 3042 9588 2.811 0.722 0.139 0.035 58 6.2
lingual 4777 3235 7274 2.130 0.650 0.128 0.028 53 5.8
medialorbitofrontal 2511 1775 5489 2.651 0.702 0.128 0.034 38 3.0
middletemporal 6545 4695 15807 2.889 0.626 0.117 0.022 74 5.8
parahippocampal 1245 768 2561 2.806 0.704 0.082 0.014 7 0.7
paracentral 2850 1756 5090 2.702 0.516 0.097 0.018 19 2.2
parsopercularis 2821 1966 5666 2.605 0.450 0.121 0.024 34 2.6
parsorbitalis 1000 688 2067 2.570 0.513 0.111 0.021 9 0.8
parstriangularis 2701 1854 5285 2.476 0.534 0.116 0.022 30 2.3
pericalcarine 2150 1466 2099 1.580 0.430 0.131 0.030 21 2.7
postcentral 7424 4938 11860 2.157 0.600 0.113 0.021 71 6.2
posteriorcingulate 1984 1320 3620 2.619 0.637 0.114 0.022 20 1.9
precentral 8467 5372 16106 2.718 0.485 0.100 0.019 59 6.6
precuneus 6885 4685 13080 2.636 0.505 0.114 0.021 67 5.9
rostralanteriorcingulate 1566 1079 3446 2.875 0.738 0.126 0.026 20 1.6
rostralmiddlefrontal 6238 4583 13129 2.523 0.516 0.130 0.027 78 7.0
superiorfrontal 15241 10667 33640 2.785 0.515 0.122 0.024 159 15.4
superiorparietal 7726 5299 13527 2.336 0.451 0.121 0.022 86 6.8
superiortemporal 8436 5732 19548 2.912 0.661 0.102 0.020 70 7.0
supramarginal 6239 4283 11911 2.593 0.435 0.111 0.020 56 5.2
transversetemporal 739 488 1581 2.682 0.409 0.113 0.022 7 0.7
insula 3357 2268 7406 3.208 0.669 0.102 0.022 25 2.8
