StructName NumVert SurfArea GrayVol ThickAvg ThickStd MeanCurv GausCurv FoldInd CurvInd
caudalanteriorcingulate 1499 1015 3170 2.730 0.663 0.120 0.023 19 1.4
caudalmiddlefrontal 3280 2194 6419 2.638 0.520 0.103 0.017 24 2.4
cuneus 2851 1951 4322 1.990 0.519 0.140 0.028 33 3.5
entorhinal 602 400 1889 3.302 0.795 0.136 0.031 7 0.7
fusiform 4868 3253 9896 2.789 0.616 0.120 0.026 52 5.1
inferiorparietal 9290 6442 19726 2.690 0.511 0.123 0.023 101 9.2
inferiortemporal 5443 3832 12747 2.842 0.690 0.123 0.025 67 5.8
isthmuscingulate 1595 1067 3161 2.479 0.765 0.118 0.026 17 1.8
lateraloccipital 7072 4881 13359 2.399 0.574 0.136 0.028 88 8.1
lateralorbitofrontal 3994 2897 9863 2.902 0.786 0.132 0.032 48 5.4
lingual 4619 3113 7633 2.200 0.662 0.131 0.030 53 5.8
medialorbitofrontal 2348 1657 5367 2.676 0.738 0.119 0.024 28 2.3
middletemporal 6511 4656 16167 2.918 0.672 0.119 0.022 72 6.3
parahippocampal 1313 796 2700 2.860 0.845 0.082 0.016 7 0.8
paracentral 2804 1698 4996 2.716 0.551 0.095 0.016 17 1.9
parsopercularis 2784 1952 5659 2.603 0.483 0.120 0.022 31 2.6
parsorbitalis 1033 705 2183 2.663 0.616 0.108 0.019 10 0.7
parstriangularis 2583 1764 5231 2.515 0.610 0.117 0.020 27 2.2
pericalcarine 2074 1439 2073 1.586 0.380 0.136 0.029 24 2.7
postcentral 7486 4896 11973 2.180 0.626 0.109 0.020 68 6.0
posteriorcingulate 1865 1280 3487 2.553 0.691 0.116 0.022 18 1.8
precentral 8455 5284 16197 2.780 0.502 0.096 0.017 55 6.1
precuneus 6659 4614 12822 2.588 0.581 0.118 0.022 67 6.0
rostralanteriorcingulate 1590 1090 3288 2.803 0.747 0.125 0.021 19 1.5
rostralmiddlefrontal 6140 4454 12558 2.412 0.579 0.129 0.028 75 7.2
superiorfrontal 14884 10462 32678 2.689 0.601 0.124 0.025 164 15.9
superiorparietal 7523 5237 13366 2.310 0.514 0.124 0.023 85 7.2
superiortemporal 8490 5721 20180 2.982 0.684 0.103 0.019 71 7.1
supramarginal 6213 4238 12240 2.672 0.491 0.109 0.019 55 4.8
transversetemporal 759 476 1580 2.696 0.388 0.113 0.020 8 0.6
insula 3411 2245 7868 3.427 0.696 0.097 0.021 22 2.7
