StructName NumVert SurfArea GrayVol ThickAvg ThickStd MeanCurv GausCurv FoldInd CurvInd
caudalanteriorcingulate 1340 926 3080 2.938 0.659 0.113 0.019 14 1.0
caudalmiddlefrontal 3191 2185 6050 2.571 0.433 0.105 0.017 26 2.3
cuneus 2939 1988 4079 1.930 0.510 0.135 0.029 32 3.6
entorhinal 536 366 1688 3.342 0.797 0.133 0.027 6 0.6
fusiform 4495 3104 9796 2.857 0.579 0.121 0.024 52 4.2
inferiorparietal 9351 6540 19039 2.620 0.454 0.121 0.023 105 9.0
inferiortemporal 5286 3871 12348 2.718 0.658 0.119 0.022 59 5.0
isthmuscingulate 1566 1062 2995 2.444 0.759 0.119 0.022 16 1.6
lateraloccipital 7235 4981 12884 2.295 0.587 0.132 0.028 86 8.4
lateralorbitofrontal 4026 3048 9344 2.778 0.719 0.138 0.035 60 5.8
lingual 4672 3194 7079 2.109 0.669 0.128 0.028 51 5.6
medialorbitofrontal 2444 1737 5319 2.660 0.771 0.124 0.029 47 2.8
middletemporal 6195 4489 14998 2.881 0.631 0.117 0.021 69 5.6
parahippocampal 1209 750 2496 2.852 0.654 0.078 0.013 6 0.5
paracentral 2796 1705 4955 2.698 0.512 0.096 0.015 18 1.8
parsopercularis 2676 1920 5411 2.589 0.472 0.119 0.024 29 2.5
parsorbitalis 962 666 1961 2.565 0.574 0.110 0.021 9 0.7
parstriangularis 2589 1792 4956 2.415 0.536 0.115 0.020 25 2.1
pericalcarine 2142 1487 1914 1.458 0.407 0.133 0.030 22 2.7
postcentral 7283 4859 11536 2.145 0.592 0.110 0.019 67 5.9
posteriorcingulate 1829 1270 3475 2.652 0.633 0.117 0.020 20 1.5
precentral 8089 5217 15273 2.671 0.495 0.098 0.017 55 5.7
precuneus 6769 4691 12770 2.593 0.578 0.115 0.022 66 6.0
rostralanteriorcingulate 1540 1090 3522 3.042 0.773 0.120 0.020 16 1.3
rostralmiddlefrontal 5982 4433 12343 2.421 0.547 0.127 0.027 70 6.6
superiorfrontal 14444 10348 32109 2.755 0.527 0.123 0.024 155 14.4
superiorparietal 7658 5305 13136 2.282 0.444 0.120 0.021 83 6.7
superiortemporal 8333 5726 19660 2.931 0.655 0.103 0.020 75 6.7
supramarginal 6171 4192 11586 2.573 0.461 0.107 0.018 56 4.6
transversetemporal 684 458 1439 2.624 0.405 0.120 0.026 7 0.8
insula 3265 2198 7662 3.439 0.775 0.096 0.020 22 2.4
