StructName NumVert SurfArea GrayVol ThickAvg ThickStd MeanCurv GausCurv FoldInd CurvInd
caudalanteriorcingulate 1462 1091 2900 2.305 0.656 0.132 0.025 25 1.5
caudalmiddlefrontal 3875 2688 8327 2.619 0.632 0.115 0.024 40 3.6
cuneus 2981 2064 4479 2.073 0.522 0.120 0.029 31 3.4
entorhinal 605 421 2238 3.551 0.823 0.116 0.031 7 0.6
fusiform 3413 2389 7556 2.865 0.600 0.117 0.025 36 3.4
inferiorparietal 9953 6913 20906 2.567 0.614 0.116 0.022 113 8.9
inferiortemporal 5902 4221 13511 2.637 0.793 0.127 0.036 84 8.7
isthmuscingulate 1981 1377 3564 2.242 0.832 0.117 0.027 23 2.1
lateraloccipital 8499 5737 16336 2.394 0.620 0.126 0.029 103 9.3
lateralorbitofrontal 5535 4072 10719 2.377 0.788 0.144 0.038 97 8.6
lingual 5198 3745 9280 2.268 0.745 0.131 0.031 61 6.4
medialorbitofrontal 3147 2227 6087 2.438 0.657 0.136 0.043 55 5.6
middletemporal 8114 5594 18810 2.831 0.702 0.111 0.026 96 7.8
parahippocampal 1313 933 3399 3.090 0.658 0.119 0.029 16 1.5
paracentral 2899 1836 4883 2.478 0.534 0.107 0.028 22 3.2
parsopercularis 2526 1686 5115 2.697 0.506 0.107 0.022 19 2.1
parsorbitalis 1084 742 2037 2.386 0.607 0.113 0.029 12 1.3
parstriangularis 2693 1856 5865 2.612 0.636 0.117 0.027 33 2.7
pericalcarine 1899 1345 1903 1.579 0.499 0.122 0.031 17 2.3
postcentral 8449 5529 12578 2.107 0.678 0.114 0.029 80 9.6
posteriorcingulate 2620 1843 5118 2.428 0.824 0.124 0.026 31 2.8
precentral 9390 6087 17253 2.560 0.544 0.106 0.026 81 9.3
precuneus 6139 4412 11772 2.422 0.533 0.124 0.026 71 6.4
rostralanteriorcingulate 1674 1209 3575 2.622 0.663 0.129 0.031 27 1.8
rostralmiddlefrontal 7556 5383 15278 2.340 0.665 0.128 0.027 104 8.1
superiorfrontal 17293 11949 37148 2.658 0.636 0.119 0.027 182 17.7
superiorparietal 6720 4496 11724 2.276 0.545 0.113 0.021 68 5.4
superiortemporal 9799 6610 20976 2.737 0.818 0.115 0.030 95 12.5
supramarginal 6548 4450 12109 2.455 0.667 0.128 0.034 83 9.6
transversetemporal 587 416 1213 2.610 0.431 0.137 0.032 7 0.8
insula 3378 2361 7801 3.166 0.701 0.120 0.032 35 4.6
