StructName NumVert SurfArea GrayVol ThickAvg ThickStd MeanCurv GausCurv FoldInd CurvInd
caudalanteriorcingulate 1442 1025 2703 2.316 0.613 0.122 0.020 19 1.3
caudalmiddlefrontal 3766 2543 7395 2.571 0.498 0.111 0.020 35 3.0
cuneus 3190 2150 4268 1.914 0.475 0.126 0.028 32 3.8
entorhinal 635 422 2343 3.528 0.835 0.109 0.029 6 0.6
fusiform 3577 2504 8156 2.954 0.559 0.118 0.026 37 3.6
inferiorparietal 9718 6596 19583 2.597 0.572 0.116 0.020 99 8.5
inferiortemporal 5615 3838 13138 2.842 0.687 0.117 0.026 66 6.1
isthmuscingulate 1971 1327 3281 2.195 0.795 0.118 0.027 24 2.1
lateraloccipital 8757 5768 15434 2.316 0.593 0.127 0.027 92 9.9
lateralorbitofrontal 4969 3560 9720 2.512 0.716 0.133 0.031 68 6.7
lingual 5719 3930 9031 2.105 0.785 0.135 0.032 68 7.5
medialorbitofrontal 2790 2001 5426 2.444 0.614 0.124 0.029 35 3.8
middletemporal 7599 5274 17916 2.885 0.651 0.111 0.021 77 6.5
parahippocampal 1431 979 3089 2.756 0.768 0.128 0.032 20 2.0
paracentral 2992 1736 4936 2.635 0.475 0.091 0.017 17 2.1
parsopercularis 2366 1540 4465 2.671 0.459 0.105 0.019 17 1.8
parsorbitalis 1027 697 1968 2.525 0.611 0.115 0.028 10 1.1
parstriangularis 2771 1890 5821 2.637 0.541 0.116 0.022 28 2.6
pericalcarine 1832 1266 1322 1.241 0.354 0.134 0.032 18 2.4
postcentral 7957 4967 12035 2.213 0.657 0.103 0.019 62 6.1
posteriorcingulate 2578 1789 4701 2.381 0.767 0.131 0.026 32 2.9
precentral 9185 5668 16290 2.625 0.532 0.101 0.019 66 7.3
precuneus 6532 4436 11552 2.458 0.519 0.122 0.024 66 6.3
rostralanteriorcingulate 1550 1086 3172 2.598 0.602 0.128 0.025 22 1.8
rostralmiddlefrontal 7499 5270 13812 2.287 0.575 0.128 0.024 88 7.7
superiorfrontal 16919 11688 35124 2.663 0.577 0.119 0.025 178 17.5
superiorparietal 6723 4405 11329 2.317 0.481 0.114 0.021 63 5.5
superiortemporal 8661 5679 20317 3.001 0.701 0.101 0.019 70 6.7
supramarginal 5920 3964 11903 2.723 0.562 0.116 0.021 55 5.4
transversetemporal 585 394 1011 2.385 0.577 0.113 0.020 6 0.5
insula 3487 2327 7690 3.203 0.656 0.107 0.024 27 3.2
