StructName NumVert SurfArea GrayVol ThickAvg ThickStd MeanCurv GausCurv FoldInd CurvInd
caudalanteriorcingulate 1326 962 2547 2.315 0.581 0.124 0.021 16 1.3
caudalmiddlefrontal 3588 2450 6819 2.467 0.506 0.112 0.020 34 2.9
cuneus 3224 2121 4301 1.935 0.471 0.119 0.026 31 3.5
entorhinal 628 418 2275 3.601 0.750 0.113 0.025 6 0.6
fusiform 3474 2381 7989 2.984 0.602 0.114 0.025 34 3.3
inferiorparietal 9585 6518 19260 2.564 0.583 0.116 0.020 97 8.1
inferiortemporal 5302 3735 12690 2.872 0.675 0.119 0.024 62 5.6
isthmuscingulate 1833 1256 3147 2.221 0.825 0.123 0.029 24 2.4
lateraloccipital 8581 5633 15144 2.345 0.584 0.128 0.026 92 9.2
lateralorbitofrontal 4463 3291 9228 2.446 0.757 0.143 0.036 69 6.9
lingual 5784 3958 8731 2.072 0.748 0.135 0.032 66 7.6
medialorbitofrontal 2494 1861 4964 2.319 0.731 0.135 0.033 43 3.8
middletemporal 7543 5162 17897 2.924 0.665 0.109 0.020 73 6.2
parahippocampal 1494 984 3136 2.784 0.830 0.119 0.031 17 1.9
paracentral 2900 1752 4887 2.564 0.508 0.094 0.016 16 1.9
parsopercularis 2345 1535 4392 2.603 0.478 0.107 0.019 17 1.7
parsorbitalis 991 680 1825 2.375 0.623 0.117 0.027 11 1.0
parstriangularis 2611 1797 5569 2.581 0.580 0.114 0.022 27 2.5
pericalcarine 1847 1273 1374 1.273 0.350 0.131 0.030 18 2.2
postcentral 7714 4932 11648 2.166 0.644 0.106 0.019 60 6.0
posteriorcingulate 2447 1692 4630 2.392 0.783 0.132 0.026 30 2.7
precentral 8800 5516 15554 2.556 0.524 0.101 0.017 61 6.2
precuneus 6435 4382 11148 2.402 0.520 0.122 0.023 63 6.1
rostralanteriorcingulate 1379 998 2998 2.615 0.621 0.140 0.029 21 1.8
rostralmiddlefrontal 6989 5077 12892 2.169 0.598 0.134 0.026 96 7.5
superiorfrontal 16080 11363 32605 2.498 0.601 0.122 0.024 171 16.3
superiorparietal 6661 4369 10888 2.258 0.478 0.114 0.020 63 5.2
superiortemporal 8589 5559 20205 3.036 0.728 0.100 0.017 66 6.3
supramarginal 5915 3938 11799 2.711 0.581 0.116 0.021 56 5.4
transversetemporal 563 387 1010 2.379 0.553 0.116 0.023 5 0.5
insula 3448 2321 7521 3.149 0.635 0.107 0.023 28 3.1
