StructName NumVert SurfArea GrayVol ThickAvg ThickStd MeanCurv GausCurv FoldInd CurvInd
caudalanteriorcingulate 1447 999 2678 2.333 0.594 0.118 0.019 18 1.2
caudalmiddlefrontal 3757 2519 7382 2.585 0.512 0.111 0.020 35 3.0
cuneus 3180 2118 4480 2.010 0.465 0.122 0.027 32 3.8
entorhinal 625 436 2348 3.531 0.726 0.125 0.036 7 0.9
fusiform 3613 2428 8209 3.013 0.567 0.112 0.023 35 3.1
inferiorparietal 9756 6572 19649 2.603 0.591 0.115 0.020 100 8.4
inferiortemporal 5423 3746 12810 2.849 0.653 0.116 0.024 59 5.6
isthmuscingulate 1916 1286 3230 2.216 0.806 0.119 0.027 22 2.0
lateraloccipital 8591 5669 15713 2.400 0.590 0.126 0.026 91 9.2
lateralorbitofrontal 4807 3492 9770 2.516 0.753 0.138 0.033 72 6.7
lingual 5755 3886 9130 2.181 0.742 0.135 0.031 68 7.6
medialorbitofrontal 2618 1949 5370 2.409 0.628 0.130 0.032 38 4.2
middletemporal 7658 5216 17880 2.881 0.667 0.111 0.021 77 6.8
parahippocampal 1431 960 3042 2.753 0.756 0.127 0.032 20 1.9
paracentral 2951 1738 4924 2.612 0.502 0.093 0.016 17 2.0
parsopercularis 2331 1517 4479 2.720 0.444 0.106 0.019 18 1.8
parsorbitalis 1022 691 1865 2.390 0.607 0.116 0.028 11 1.2
parstriangularis 2747 1862 5784 2.622 0.573 0.113 0.023 29 2.6
pericalcarine 1852 1258 1474 1.374 0.376 0.127 0.031 17 2.4
postcentral 7844 4990 12102 2.228 0.662 0.107 0.019 62 6.3
posteriorcingulate 2572 1752 4806 2.422 0.790 0.126 0.025 31 2.7
precentral 9105 5633 16364 2.646 0.515 0.100 0.018 63 6.8
precuneus 6475 4373 11554 2.464 0.515 0.122 0.023 67 5.9
rostralanteriorcingulate 1480 1068 3150 2.606 0.671 0.136 0.033 28 1.9
rostralmiddlefrontal 7339 5201 13485 2.217 0.597 0.131 0.025 98 7.8
superiorfrontal 16958 11585 35046 2.632 0.618 0.118 0.024 176 16.2
superiorparietal 6662 4364 11208 2.315 0.481 0.112 0.019 63 5.2
superiortemporal 8670 5668 20192 2.993 0.704 0.100 0.018 69 6.7
supramarginal 5950 3947 12015 2.757 0.546 0.115 0.021 56 5.4
transversetemporal 572 391 1043 2.478 0.543 0.121 0.022 6 0.5
insula 3521 2377 7612 3.138 0.640 0.109 0.025 31 3.3
