StructName NumVert SurfArea GrayVol ThickAvg ThickStd MeanCurv GausCurv FoldInd CurvInd
caudalanteriorcingulate 1428 1033 2673 2.314 0.610 0.118 0.021 17 1.4
caudalmiddlefrontal 3794 2586 7311 2.549 0.462 0.114 0.021 40 3.2
cuneus 3166 2092 4155 1.929 0.474 0.122 0.026 33 3.6
entorhinal 608 431 2107 3.382 0.733 0.111 0.028 5 0.6
fusiform 3449 2444 7429 2.840 0.465 0.120 0.026 36 3.7
inferiorparietal 9339 6566 18216 2.449 0.513 0.120 0.022 102 8.8
inferiortemporal 5235 3774 12443 2.797 0.666 0.118 0.025 62 5.3
isthmuscingulate 1905 1301 3105 2.177 0.796 0.117 0.028 22 1.9
lateraloccipital 8221 5608 14337 2.252 0.502 0.129 0.027 94 8.8
lateralorbitofrontal 4820 3545 9600 2.472 0.608 0.138 0.034 77 6.5
lingual 5706 3876 8737 2.096 0.706 0.131 0.031 64 7.6
medialorbitofrontal 2579 1924 5238 2.442 0.545 0.130 0.032 36 3.5
middletemporal 7374 5268 17127 2.815 0.590 0.113 0.022 79 6.3
parahippocampal 1408 976 3058 2.756 0.777 0.132 0.034 20 1.8
paracentral 2987 1757 4803 2.540 0.490 0.091 0.018 18 2.1
parsopercularis 2265 1503 4293 2.608 0.409 0.106 0.020 17 1.7
parsorbitalis 959 683 1956 2.515 0.555 0.122 0.030 11 1.1
parstriangularis 2665 1868 5836 2.660 0.553 0.117 0.023 28 2.6
pericalcarine 1872 1297 1420 1.316 0.367 0.130 0.035 18 2.6
postcentral 7673 4964 11758 2.173 0.635 0.107 0.020 63 6.3
posteriorcingulate 2592 1783 4847 2.431 0.737 0.127 0.026 32 2.9
precentral 8864 5553 16003 2.615 0.489 0.101 0.018 61 6.8
precuneus 6542 4420 11347 2.397 0.496 0.120 0.024 69 6.2
rostralanteriorcingulate 1496 1132 3168 2.563 0.638 0.141 0.036 26 2.6
rostralmiddlefrontal 7320 5303 13877 2.330 0.509 0.132 0.026 93 8.3
superiorfrontal 17059 11839 35103 2.645 0.528 0.119 0.024 179 16.3
superiorparietal 6547 4350 10584 2.210 0.464 0.116 0.021 66 5.4
superiortemporal 8574 5696 19719 2.957 0.640 0.102 0.019 66 6.6
supramarginal 5836 3999 11639 2.668 0.517 0.118 0.022 58 5.6
transversetemporal 576 384 1083 2.537 0.523 0.111 0.022 5 0.5
insula 3527 2448 7523 3.020 0.617 0.114 0.026 31 3.6
