StructName NumVert SurfArea GrayVol ThickAvg ThickStd MeanCurv GausCurv FoldInd CurvInd
caudalanteriorcingulate 1333 970 2600 2.346 0.603 0.124 0.020 17 1.2
caudalmiddlefrontal 3635 2516 6875 2.478 0.487 0.116 0.020 37 3.1
cuneus 3181 2121 4156 1.903 0.519 0.123 0.027 34 3.7
entorhinal 652 417 2356 3.649 0.716 0.090 0.019 4 0.5
fusiform 3402 2397 7760 2.999 0.533 0.115 0.022 35 3.1
inferiorparietal 9385 6569 18843 2.561 0.526 0.120 0.020 102 8.4
inferiortemporal 5085 3707 12843 2.954 0.644 0.119 0.022 60 5.2
isthmuscingulate 1814 1241 2932 2.204 0.792 0.117 0.025 23 1.7
lateraloccipital 8411 5638 14693 2.305 0.580 0.126 0.026 87 9.2
lateralorbitofrontal 4488 3297 9462 2.690 0.669 0.133 0.030 66 5.9
lingual 5656 3919 7979 1.986 0.701 0.137 0.031 67 7.6
medialorbitofrontal 2580 1908 5452 2.570 0.590 0.131 0.031 46 3.3
middletemporal 7149 5131 17513 2.972 0.596 0.112 0.021 73 6.2
parahippocampal 1323 922 3035 2.900 0.758 0.124 0.026 18 1.3
paracentral 2950 1778 4940 2.558 0.498 0.091 0.016 17 1.9
parsopercularis 2279 1537 4415 2.655 0.445 0.108 0.018 17 1.7
parsorbitalis 1005 692 2000 2.616 0.558 0.114 0.026 9 1.1
parstriangularis 2466 1767 5534 2.619 0.576 0.116 0.021 26 2.3
pericalcarine 1855 1294 1213 1.132 0.371 0.137 0.034 20 2.6
postcentral 7537 4900 11646 2.170 0.638 0.106 0.019 62 5.9
posteriorcingulate 2509 1743 4755 2.403 0.762 0.129 0.023 30 2.6
precentral 8570 5419 15549 2.617 0.507 0.099 0.017 59 6.0
precuneus 6404 4363 11475 2.461 0.508 0.121 0.022 70 5.7
rostralanteriorcingulate 1448 1072 3149 2.663 0.659 0.141 0.030 26 2.0
rostralmiddlefrontal 6867 5028 13425 2.326 0.537 0.133 0.025 89 7.4
superiorfrontal 16209 11463 34437 2.663 0.551 0.122 0.024 186 15.8
superiorparietal 6496 4280 10656 2.245 0.477 0.114 0.019 65 4.9
superiortemporal 8329 5549 20505 3.121 0.673 0.099 0.017 66 5.9
supramarginal 5747 3955 11792 2.733 0.561 0.118 0.021 55 5.3
transversetemporal 539 375 1049 2.554 0.531 0.114 0.022 5 0.5
insula 3345 2306 7747 3.277 0.663 0.106 0.023 28 2.9
