StructName NumVert SurfArea GrayVol ThickAvg ThickStd MeanCurv GausCurv FoldInd CurvInd
caudalanteriorcingulate 880 606 1746 2.631 0.630 0.130 0.021 13 0.8
caudalmiddlefrontal 2950 2033 5336 2.496 0.448 0.108 0.019 23 2.4
cuneus 3384 2231 4348 1.853 0.549 0.132 0.030 38 4.3
entorhinal 631 414 2089 2.998 0.974 0.122 0.045 24 1.1
fusiform 4373 3031 8859 2.594 0.574 0.122 0.026 51 4.7
inferiorparietal 6848 4862 12287 2.333 0.435 0.130 0.026 89 7.9
inferiortemporal 5237 3831 13405 2.825 0.697 0.130 0.029 70 6.4
isthmuscingulate 1311 884 2189 2.267 0.798 0.119 0.030 19 1.5
lateraloccipital 8385 5583 13817 2.276 0.507 0.135 0.029 100 10.5
lateralorbitofrontal 4080 2940 8644 2.690 0.624 0.134 0.032 56 5.4
lingual 5220 3624 7483 1.976 0.648 0.147 0.035 70 8.0
medialorbitofrontal 2233 1621 4283 2.380 0.675 0.141 0.037 40 3.8
middletemporal 5564 3990 12910 2.757 0.661 0.124 0.026 68 6.1
parahippocampal 1189 754 1962 2.328 0.661 0.094 0.019 7 0.8
paracentral 2295 1328 3473 2.456 0.578 0.088 0.016 13 1.6
parsopercularis 2315 1634 4445 2.543 0.402 0.117 0.023 25 2.2
parsorbitalis 1162 825 2758 2.714 0.583 0.146 0.031 18 1.6
parstriangularis 2026 1477 3835 2.383 0.515 0.137 0.028 26 2.5
pericalcarine 2803 1882 2826 1.681 0.439 0.135 0.035 32 4.2
postcentral 6630 4308 10092 2.093 0.632 0.106 0.021 56 5.7
posteriorcingulate 1426 1025 2848 2.549 0.635 0.134 0.027 20 1.6
precentral 6693 4432 12287 2.539 0.565 0.113 0.023 64 6.5
precuneus 5519 3760 9375 2.381 0.537 0.112 0.022 53 5.0
rostralanteriorcingulate 1423 967 3087 2.776 0.631 0.120 0.022 17 1.2
rostralmiddlefrontal 5082 3728 9410 2.258 0.486 0.135 0.028 71 6.1
superiorfrontal 11539 8085 23759 2.604 0.576 0.125 0.025 140 11.8
superiorparietal 5812 4000 9412 2.106 0.443 0.123 0.022 67 5.3
superiortemporal 6291 4347 14917 2.946 0.752 0.116 0.025 68 6.6
supramarginal 5160 3679 10193 2.525 0.478 0.123 0.025 60 5.7
transversetemporal 571 332 1060 2.544 0.502 0.101 0.029 5 0.6
insula 3056 2076 6649 3.076 0.851 0.106 0.023 27 2.9
