StructName NumVert SurfArea GrayVol ThickAvg ThickStd MeanCurv GausCurv FoldInd CurvInd
caudalanteriorcingulate 894 641 1857 2.625 0.663 0.150 0.028 18 1.1
caudalmiddlefrontal 2937 1999 5413 2.591 0.443 0.107 0.018 23 2.2
cuneus 3520 2291 4617 1.885 0.521 0.128 0.029 38 4.4
entorhinal 678 448 1844 2.816 0.878 0.122 0.042 59 1.3
fusiform 4540 3143 9295 2.605 0.614 0.121 0.029 50 5.1
inferiorparietal 7316 5007 12861 2.376 0.483 0.125 0.026 79 7.9
inferiortemporal 5673 3949 14268 2.862 0.725 0.128 0.031 70 7.8
isthmuscingulate 1358 937 2322 2.223 0.782 0.122 0.031 19 1.6
lateraloccipital 8618 5713 14601 2.327 0.591 0.134 0.028 95 10.4
lateralorbitofrontal 4277 3125 9292 2.687 0.642 0.145 0.038 66 6.9
lingual 5347 3690 7486 1.937 0.619 0.146 0.035 69 8.2
medialorbitofrontal 2080 1577 4418 2.416 0.698 0.144 0.038 42 3.2
middletemporal 6157 4129 13290 2.750 0.662 0.116 0.024 63 5.9
parahippocampal 1287 789 1959 2.205 0.676 0.102 0.026 12 1.2
paracentral 2351 1354 3651 2.521 0.538 0.089 0.015 13 1.6
parsopercularis 2465 1690 4538 2.521 0.442 0.115 0.023 25 2.3
parsorbitalis 1186 821 2629 2.637 0.512 0.144 0.028 16 1.5
parstriangularis 2054 1479 3924 2.426 0.530 0.138 0.028 26 2.4
pericalcarine 2822 1929 2626 1.552 0.429 0.141 0.032 31 3.9
postcentral 7065 4542 10337 2.078 0.668 0.104 0.020 55 5.8
posteriorcingulate 1494 1079 2973 2.579 0.591 0.143 0.031 22 1.9
precentral 6935 4442 12716 2.613 0.576 0.107 0.022 56 6.2
precuneus 5761 3895 9326 2.300 0.550 0.113 0.023 55 5.3
rostralanteriorcingulate 1411 941 2975 2.794 0.582 0.116 0.021 16 1.1
rostralmiddlefrontal 5214 3718 9636 2.318 0.477 0.133 0.029 67 6.2
superiorfrontal 11682 8205 24593 2.647 0.577 0.125 0.026 136 12.1
superiorparietal 5854 4014 9531 2.136 0.472 0.120 0.023 63 5.4
superiortemporal 6680 4445 15076 2.886 0.797 0.110 0.022 59 5.9
supramarginal 5497 3743 10680 2.595 0.552 0.120 0.024 57 5.8
transversetemporal 594 316 963 2.436 0.431 0.093 0.024 5 0.5
insula 3132 2074 6574 3.048 0.813 0.104 0.023 23 2.9
