StructName NumVert SurfArea GrayVol ThickAvg ThickStd MeanCurv GausCurv FoldInd CurvInd
caudalanteriorcingulate 889 627 1787 2.571 0.676 0.142 0.029 17 1.1
caudalmiddlefrontal 2941 1959 5387 2.556 0.516 0.105 0.019 22 2.4
cuneus 3404 2211 4534 1.928 0.494 0.129 0.030 38 4.2
entorhinal 650 447 1918 2.799 0.939 0.141 0.042 10 1.3
fusiform 4486 3074 9262 2.620 0.632 0.120 0.029 49 5.2
inferiorparietal 7008 4846 12713 2.401 0.497 0.124 0.024 80 7.1
inferiortemporal 5622 3926 13944 2.798 0.713 0.129 0.032 79 7.6
isthmuscingulate 1330 907 2297 2.272 0.787 0.120 0.029 17 1.4
lateraloccipital 8252 5544 14266 2.359 0.544 0.136 0.028 94 9.9
lateralorbitofrontal 4032 2969 8983 2.732 0.687 0.143 0.037 59 6.7
lingual 5246 3556 7638 2.034 0.637 0.143 0.033 69 7.3
medialorbitofrontal 2077 1557 4466 2.474 0.797 0.145 0.038 39 3.6
middletemporal 5899 4003 12991 2.746 0.689 0.117 0.024 64 5.6
parahippocampal 1284 771 1969 2.205 0.716 0.093 0.026 11 1.1
paracentral 2247 1345 3650 2.509 0.532 0.096 0.018 14 1.8
parsopercularis 2391 1639 4454 2.528 0.446 0.115 0.024 23 2.3
parsorbitalis 1174 831 2734 2.712 0.551 0.144 0.031 15 1.6
parstriangularis 1968 1434 3804 2.398 0.570 0.135 0.027 25 2.2
pericalcarine 2747 1828 2800 1.698 0.432 0.132 0.033 28 3.9
postcentral 6882 4478 10509 2.115 0.647 0.105 0.021 58 5.9
posteriorcingulate 1513 1071 2977 2.554 0.613 0.140 0.034 24 2.0
precentral 6801 4418 12574 2.600 0.591 0.110 0.023 56 6.5
precuneus 5644 3842 9431 2.327 0.510 0.112 0.022 52 5.1
rostralanteriorcingulate 1425 949 3012 2.704 0.669 0.118 0.024 18 1.3
rostralmiddlefrontal 5125 3722 9566 2.286 0.508 0.133 0.028 66 6.1
superiorfrontal 11561 8196 24380 2.592 0.582 0.128 0.028 142 13.1
superiorparietal 5698 4026 9777 2.143 0.481 0.126 0.025 70 5.9
superiortemporal 6439 4376 14678 2.844 0.771 0.117 0.027 70 7.5
supramarginal 5333 3697 10553 2.610 0.550 0.122 0.025 56 5.8
transversetemporal 590 324 994 2.447 0.435 0.097 0.024 4 0.5
insula 3018 2020 6689 3.160 0.899 0.101 0.023 22 2.8
