StructName NumVert SurfArea GrayVol ThickAvg ThickStd MeanCurv GausCurv FoldInd CurvInd
caudalanteriorcingulate 842 570 1590 2.511 0.692 0.137 0.023 16 0.9
caudalmiddlefrontal 2927 1959 5335 2.550 0.472 0.103 0.018 21 2.3
cuneus 3441 2251 4300 1.804 0.479 0.130 0.028 38 4.3
entorhinal 683 445 1940 2.749 0.938 0.131 0.046 11 1.2
fusiform 4426 3088 8872 2.531 0.613 0.124 0.031 52 5.3
inferiorparietal 7020 4850 12219 2.341 0.478 0.125 0.025 73 7.2
inferiortemporal 5460 3930 14063 2.797 0.731 0.132 0.032 71 7.3
isthmuscingulate 1349 889 2276 2.270 0.767 0.116 0.032 18 1.4
lateraloccipital 8562 5672 14090 2.287 0.567 0.136 0.029 96 10.8
lateralorbitofrontal 4171 3095 9103 2.667 0.635 0.144 0.037 60 6.7
lingual 5269 3563 7253 1.935 0.627 0.144 0.034 68 7.7
medialorbitofrontal 2161 1581 4365 2.380 0.749 0.141 0.038 38 3.6
middletemporal 5992 4097 13146 2.736 0.664 0.119 0.024 65 5.8
parahippocampal 1211 749 1857 2.166 0.677 0.093 0.024 9 1.0
paracentral 2285 1328 3454 2.438 0.568 0.090 0.017 13 1.7
parsopercularis 2339 1604 4333 2.534 0.477 0.115 0.022 23 2.1
parsorbitalis 1207 836 2609 2.598 0.519 0.141 0.030 15 1.6
parstriangularis 2120 1510 3913 2.375 0.555 0.137 0.027 28 2.3
pericalcarine 2771 1873 2621 1.567 0.434 0.136 0.032 29 3.7
postcentral 7093 4496 10149 2.041 0.620 0.103 0.020 55 5.8
posteriorcingulate 1509 1075 2936 2.598 0.561 0.136 0.029 22 1.7
precentral 6876 4440 12549 2.566 0.609 0.109 0.022 60 6.4
precuneus 5586 3779 8799 2.241 0.543 0.112 0.022 50 5.0
rostralanteriorcingulate 1463 1020 3031 2.709 0.618 0.126 0.026 17 1.5
rostralmiddlefrontal 5088 3713 9353 2.241 0.521 0.134 0.028 65 6.0
superiorfrontal 11635 8193 24191 2.586 0.601 0.126 0.027 139 12.5
superiorparietal 5929 3957 9246 2.093 0.478 0.119 0.024 64 5.5
superiortemporal 6506 4416 14755 2.870 0.766 0.114 0.026 64 6.4
supramarginal 5524 3770 10564 2.534 0.533 0.119 0.024 57 5.6
transversetemporal 591 306 955 2.469 0.403 0.090 0.024 4 0.5
insula 3128 2082 6616 3.085 0.856 0.105 0.022 24 2.8
