StructName NumVert SurfArea GrayVol ThickAvg ThickStd MeanCurv GausCurv FoldInd CurvInd
caudalanteriorcingulate 798 582 1584 2.540 0.658 0.152 0.028 18 1.0
caudalmiddlefrontal 2983 1975 5383 2.583 0.516 0.106 0.019 23 2.5
cuneus 3384 2229 4183 1.791 0.474 0.127 0.027 35 3.9
entorhinal 523 376 1262 2.446 0.653 0.140 0.046 7 1.2
fusiform 4637 3195 9188 2.523 0.643 0.123 0.030 54 5.4
inferiorparietal 6996 4885 12376 2.358 0.504 0.128 0.025 80 7.8
inferiortemporal 5743 4065 14149 2.745 0.713 0.132 0.033 77 8.0
isthmuscingulate 1339 888 2273 2.286 0.765 0.112 0.028 14 1.3
lateraloccipital 8510 5659 13808 2.263 0.578 0.135 0.028 95 10.4
lateralorbitofrontal 4222 3036 8833 2.644 0.667 0.140 0.039 63 6.9
lingual 5314 3628 7319 1.929 0.648 0.145 0.034 67 8.0
medialorbitofrontal 2171 1625 4381 2.345 0.712 0.144 0.037 44 3.4
middletemporal 6059 4118 13417 2.750 0.672 0.119 0.024 65 6.1
parahippocampal 1248 765 1961 2.230 0.674 0.095 0.023 9 1.0
paracentral 2288 1327 3430 2.450 0.553 0.092 0.018 13 1.7
parsopercularis 2399 1635 4394 2.497 0.485 0.117 0.024 23 2.4
parsorbitalis 1213 820 2651 2.610 0.533 0.137 0.030 15 1.5
parstriangularis 2077 1505 3780 2.324 0.560 0.136 0.029 27 2.4
pericalcarine 2834 1919 2579 1.531 0.407 0.137 0.031 29 3.8
postcentral 7026 4530 10244 2.050 0.676 0.104 0.020 56 5.8
posteriorcingulate 1547 1063 3020 2.634 0.625 0.130 0.024 20 1.7
precentral 6910 4391 12618 2.591 0.639 0.106 0.021 55 6.3
precuneus 5619 3772 8978 2.273 0.577 0.110 0.021 48 4.7
rostralanteriorcingulate 1396 946 2827 2.668 0.602 0.128 0.027 19 1.5
rostralmiddlefrontal 5052 3706 9351 2.251 0.513 0.136 0.029 65 6.3
superiorfrontal 11499 8197 24320 2.612 0.591 0.127 0.027 138 12.4
superiorparietal 5744 3925 9251 2.090 0.511 0.120 0.022 61 5.3
superiortemporal 6733 4496 15085 2.846 0.745 0.113 0.026 61 6.8
supramarginal 5518 3768 10703 2.588 0.569 0.120 0.023 56 5.7
transversetemporal 594 327 1008 2.470 0.454 0.089 0.019 3 0.4
insula 3128 2096 6717 3.072 0.910 0.106 0.023 23 2.8
