StructName NumVert SurfArea GrayVol ThickAvg ThickStd MeanCurv GausCurv FoldInd CurvInd
caudalanteriorcingulate 835 582 1634 2.586 0.675 0.140 0.026 14 1.1
caudalmiddlefrontal 3105 2030 5584 2.581 0.495 0.107 0.022 23 3.0
cuneus 3563 2299 4325 1.801 0.481 0.128 0.029 37 4.5
entorhinal 703 495 1802 2.506 0.781 0.139 0.042 11 1.4
fusiform 4604 3165 9131 2.555 0.590 0.120 0.031 51 5.0
inferiorparietal 7285 4969 12659 2.358 0.466 0.126 0.025 79 7.6
inferiortemporal 5875 4119 14132 2.737 0.775 0.129 0.035 74 8.0
isthmuscingulate 1365 924 2313 2.261 0.765 0.128 0.034 20 1.7
lateraloccipital 9027 5901 14302 2.222 0.596 0.133 0.030 99 11.4
lateralorbitofrontal 4341 3135 9159 2.637 0.643 0.143 0.043 66 7.4
lingual 5420 3750 7453 1.898 0.630 0.147 0.036 72 8.3
medialorbitofrontal 2221 1593 4173 2.299 0.697 0.138 0.038 41 3.3
middletemporal 6029 4125 13141 2.722 0.682 0.121 0.026 65 6.4
parahippocampal 1148 728 1735 2.118 0.649 0.095 0.021 8 0.9
paracentral 2277 1361 3578 2.489 0.520 0.096 0.020 13 2.0
parsopercularis 2493 1704 4525 2.476 0.458 0.120 0.025 26 2.5
parsorbitalis 1165 804 2535 2.615 0.532 0.139 0.032 14 1.6
parstriangularis 2091 1485 3996 2.426 0.587 0.136 0.028 26 2.4
pericalcarine 2902 1955 2719 1.573 0.430 0.136 0.033 30 4.1
postcentral 7216 4628 10485 2.059 0.665 0.107 0.023 60 6.7
posteriorcingulate 1460 1027 2831 2.566 0.558 0.132 0.032 22 1.8
precentral 7110 4613 12835 2.575 0.592 0.116 0.029 63 8.5
precuneus 5755 3883 9393 2.307 0.516 0.114 0.024 54 5.6
rostralanteriorcingulate 1473 1001 2999 2.680 0.606 0.127 0.027 20 1.6
rostralmiddlefrontal 5242 3797 9653 2.272 0.480 0.137 0.030 68 6.2
superiorfrontal 11933 8356 24521 2.608 0.565 0.126 0.029 135 13.8
superiorparietal 6092 4011 9542 2.150 0.484 0.118 0.023 65 5.7
superiortemporal 6760 4540 14638 2.807 0.732 0.117 0.028 62 7.5
supramarginal 5621 3823 10587 2.539 0.527 0.121 0.026 59 6.1
transversetemporal 606 326 996 2.468 0.414 0.096 0.022 4 0.5
insula 3149 2115 6699 3.023 0.815 0.106 0.024 24 3.2
