StructName NumVert SurfArea GrayVol ThickAvg ThickStd MeanCurv GausCurv FoldInd CurvInd
caudalanteriorcingulate 844 619 1714 2.472 0.672 0.150 0.034 14 1.2
caudalmiddlefrontal 3058 2085 5648 2.461 0.514 0.109 0.026 24 3.1
cuneus 3383 2243 4711 1.969 0.478 0.127 0.031 40 4.0
entorhinal 687 472 1849 2.624 0.974 0.129 0.047 14 0.9
fusiform 4355 3160 9266 2.562 0.577 0.127 0.032 58 5.3
inferiorparietal 7025 4941 12908 2.319 0.533 0.126 0.026 85 7.5
inferiortemporal 5424 4128 14448 2.651 0.789 0.136 0.036 77 8.4
isthmuscingulate 1450 964 2419 2.217 0.816 0.114 0.029 15 1.5
lateraloccipital 8363 5532 14672 2.337 0.582 0.131 0.028 96 9.7
lateralorbitofrontal 4918 3522 9195 2.337 0.737 0.139 0.041 76 7.9
lingual 5023 3578 8026 2.067 0.695 0.143 0.035 66 7.0
medialorbitofrontal 2467 1753 4244 2.170 0.694 0.134 0.040 44 3.4
middletemporal 6082 4235 13409 2.613 0.722 0.120 0.028 71 6.3
parahippocampal 1120 733 1938 2.287 0.670 0.098 0.024 8 0.9
paracentral 2493 1466 3654 2.321 0.551 0.105 0.032 21 2.9
parsopercularis 2418 1689 4446 2.432 0.445 0.118 0.031 27 2.5
parsorbitalis 1218 859 2608 2.482 0.549 0.138 0.034 15 1.6
parstriangularis 1998 1505 4011 2.305 0.614 0.142 0.033 36 2.6
pericalcarine 2642 1847 3193 1.869 0.484 0.131 0.034 28 3.5
postcentral 7355 4749 10807 2.036 0.603 0.109 0.030 75 8.1
posteriorcingulate 1560 1136 3030 2.396 0.654 0.136 0.036 22 2.0
precentral 6934 4660 13044 2.517 0.564 0.116 0.030 64 8.1
precuneus 5631 3878 9663 2.297 0.525 0.112 0.025 55 5.2
rostralanteriorcingulate 1509 1077 3017 2.551 0.694 0.120 0.030 17 1.6
rostralmiddlefrontal 5012 3789 9792 2.127 0.637 0.133 0.031 74 6.0
superiorfrontal 12157 8707 25272 2.501 0.627 0.129 0.034 149 15.4
superiorparietal 5929 4048 9592 2.092 0.475 0.119 0.024 73 5.6
superiortemporal 6962 4768 14779 2.726 0.722 0.122 0.035 73 9.6
supramarginal 5471 3810 11208 2.533 0.570 0.119 0.026 58 6.0
transversetemporal 522 324 1040 2.576 0.410 0.103 0.026 4 0.4
insula 3020 2106 6828 3.065 0.965 0.113 0.029 25 3.3
