StructName NumVert SurfArea GrayVol ThickAvg ThickStd MeanCurv GausCurv FoldInd CurvInd
caudalanteriorcingulate 873 625 1783 2.645 0.675 0.145 0.034 17 1.2
caudalmiddlefrontal 2979 2049 5592 2.583 0.451 0.111 0.023 24 2.9
cuneus 3437 2288 4655 1.909 0.559 0.133 0.031 39 4.6
entorhinal 577 388 1753 3.068 0.770 0.116 0.032 5 0.7
fusiform 4490 3127 9110 2.527 0.576 0.124 0.028 51 5.3
inferiorparietal 7055 4900 12534 2.376 0.464 0.128 0.026 84 7.6
inferiortemporal 5424 4015 13656 2.757 0.675 0.136 0.033 73 7.4
isthmuscingulate 1390 938 2354 2.228 0.831 0.122 0.037 19 1.8
lateraloccipital 8343 5604 13910 2.292 0.522 0.138 0.029 97 10.6
lateralorbitofrontal 4070 3046 9035 2.729 0.586 0.147 0.039 60 6.9
lingual 5336 3672 7686 1.977 0.642 0.145 0.036 71 8.1
medialorbitofrontal 2142 1661 4463 2.338 0.677 0.156 0.047 36 4.4
middletemporal 5621 4061 12861 2.725 0.609 0.126 0.026 68 5.8
parahippocampal 1158 732 1908 2.239 0.684 0.099 0.023 9 1.0
paracentral 2263 1377 3634 2.482 0.514 0.100 0.022 15 2.1
parsopercularis 2298 1620 4431 2.518 0.420 0.121 0.028 26 2.6
parsorbitalis 1171 833 2819 2.778 0.556 0.143 0.031 16 1.5
parstriangularis 2080 1526 4130 2.456 0.515 0.141 0.032 28 3.0
pericalcarine 2889 1928 2895 1.668 0.467 0.135 0.036 31 4.3
postcentral 7017 4527 10522 2.098 0.630 0.107 0.023 58 6.5
posteriorcingulate 1540 1108 3079 2.564 0.624 0.145 0.036 26 2.4
precentral 6880 4565 12799 2.577 0.555 0.115 0.026 61 7.5
precuneus 5541 3831 9424 2.352 0.524 0.117 0.026 61 5.7
rostralanteriorcingulate 1479 1031 3153 2.670 0.644 0.123 0.025 22 1.4
rostralmiddlefrontal 5245 3794 9930 2.347 0.462 0.134 0.030 71 6.5
superiorfrontal 11870 8412 25031 2.649 0.534 0.131 0.030 147 14.8
superiorparietal 5947 4017 9806 2.191 0.446 0.121 0.024 67 5.8
superiortemporal 6539 4548 15188 2.881 0.729 0.121 0.028 67 7.7
supramarginal 5328 3722 10675 2.588 0.513 0.126 0.026 58 6.1
transversetemporal 567 326 1011 2.475 0.459 0.106 0.033 5 0.7
insula 3094 2091 6730 3.029 0.861 0.109 0.028 26 3.3
