StructName NumVert SurfArea GrayVol ThickAvg ThickStd MeanCurv GausCurv FoldInd CurvInd
caudalanteriorcingulate 818 575 1598 2.561 0.638 0.141 0.027 14 0.9
caudalmiddlefrontal 2909 1966 5274 2.514 0.517 0.108 0.019 22 2.5
cuneus 3499 2268 4378 1.800 0.536 0.128 0.029 37 4.3
entorhinal 662 440 1939 2.931 0.903 0.132 0.038 11 1.2
fusiform 4520 3117 9089 2.554 0.631 0.121 0.027 51 4.7
inferiorparietal 7131 4880 12485 2.367 0.485 0.125 0.024 79 7.4
inferiortemporal 5731 4007 14144 2.843 0.683 0.127 0.030 68 7.1
isthmuscingulate 1389 941 2267 2.198 0.767 0.120 0.030 20 1.6
lateraloccipital 8704 5688 13925 2.259 0.618 0.135 0.029 97 10.9
lateralorbitofrontal 4093 2926 8640 2.608 0.675 0.139 0.036 65 6.3
lingual 5277 3642 7284 1.926 0.634 0.146 0.034 68 8.0
medialorbitofrontal 2181 1595 4352 2.306 0.761 0.141 0.037 40 3.3
middletemporal 5969 4042 13042 2.745 0.661 0.118 0.023 64 5.6
parahippocampal 1187 731 1827 2.206 0.720 0.092 0.019 9 0.8
paracentral 2320 1354 3501 2.431 0.540 0.094 0.018 14 1.8
parsopercularis 2379 1625 4331 2.502 0.434 0.117 0.025 25 2.4
parsorbitalis 1179 810 2592 2.607 0.586 0.141 0.030 15 1.5
parstriangularis 2025 1494 3703 2.292 0.546 0.142 0.030 29 2.4
pericalcarine 2864 1919 2561 1.528 0.452 0.135 0.031 30 3.8
postcentral 7188 4545 10181 2.034 0.630 0.104 0.021 60 6.1
posteriorcingulate 1537 1072 2886 2.512 0.609 0.132 0.028 21 1.7
precentral 6911 4414 12379 2.553 0.615 0.107 0.022 57 6.4
precuneus 5794 3899 9182 2.263 0.510 0.113 0.023 51 5.5
rostralanteriorcingulate 1325 926 2870 2.652 0.675 0.127 0.027 17 1.5
rostralmiddlefrontal 4980 3646 9154 2.219 0.521 0.133 0.029 63 5.8
superiorfrontal 11341 8075 23540 2.554 0.587 0.128 0.028 133 13.1
superiorparietal 5866 3927 9277 2.122 0.503 0.117 0.022 61 5.4
superiortemporal 6655 4401 14733 2.861 0.805 0.110 0.023 59 6.1
supramarginal 5492 3703 10402 2.545 0.544 0.117 0.024 55 5.7
transversetemporal 611 310 966 2.457 0.409 0.080 0.016 4 0.4
insula 3105 2064 6532 2.993 0.851 0.104 0.022 25 2.8
