StructName NumVert SurfArea GrayVol ThickAvg ThickStd MeanCurv GausCurv FoldInd CurvInd
caudalanteriorcingulate 847 607 1680 2.535 0.670 0.145 0.031 16 1.1
caudalmiddlefrontal 3026 2001 5397 2.559 0.468 0.102 0.018 21 2.3
cuneus 3478 2246 4281 1.798 0.489 0.129 0.030 38 4.4
entorhinal 628 432 1813 2.773 0.781 0.129 0.039 7 0.8
fusiform 4728 3226 9299 2.537 0.638 0.122 0.030 51 5.7
inferiorparietal 7177 4971 12652 2.359 0.479 0.125 0.024 77 7.3
inferiortemporal 6043 4083 14037 2.761 0.722 0.124 0.033 75 7.5
isthmuscingulate 1291 883 2164 2.198 0.771 0.129 0.039 26 1.9
lateraloccipital 8624 5701 13894 2.254 0.585 0.135 0.029 95 10.7
lateralorbitofrontal 4238 3068 8980 2.683 0.653 0.148 0.041 64 7.6
lingual 5320 3586 7411 1.962 0.706 0.143 0.034 69 7.7
medialorbitofrontal 2143 1632 4569 2.420 0.767 0.152 0.039 41 3.6
middletemporal 6008 4150 12985 2.690 0.669 0.121 0.026 67 6.3
parahippocampal 1366 841 1955 2.084 0.657 0.102 0.028 14 1.5
paracentral 2321 1364 3521 2.427 0.520 0.090 0.017 12 1.7
parsopercularis 2502 1705 4456 2.437 0.456 0.116 0.023 24 2.3
parsorbitalis 1177 831 2643 2.650 0.532 0.141 0.030 14 1.5
parstriangularis 2029 1478 3608 2.289 0.529 0.140 0.027 26 2.4
pericalcarine 2833 1918 2571 1.504 0.429 0.137 0.032 30 3.9
postcentral 7211 4538 10089 2.017 0.663 0.103 0.020 57 6.0
posteriorcingulate 1494 1068 2955 2.546 0.577 0.141 0.035 26 2.3
precentral 7002 4486 12320 2.501 0.614 0.107 0.022 56 6.1
precuneus 5680 3858 9163 2.253 0.544 0.112 0.023 51 5.3
rostralanteriorcingulate 1421 964 3005 2.717 0.575 0.124 0.024 18 1.4
rostralmiddlefrontal 5095 3687 9317 2.251 0.522 0.135 0.028 62 6.0
superiorfrontal 11589 8127 23603 2.577 0.579 0.125 0.026 129 12.1
superiorparietal 5946 4020 9186 2.060 0.501 0.122 0.023 65 5.8
superiortemporal 6614 4382 14111 2.806 0.759 0.110 0.023 59 6.0
supramarginal 5569 3730 10549 2.577 0.560 0.117 0.023 55 5.7
transversetemporal 597 309 947 2.445 0.440 0.097 0.025 5 0.6
insula 3107 2068 6479 2.977 0.870 0.105 0.023 22 2.8
