StructName NumVert SurfArea GrayVol ThickAvg ThickStd MeanCurv GausCurv FoldInd CurvInd
caudalanteriorcingulate 910 648 1745 2.581 0.622 0.148 0.028 26 1.4
caudalmiddlefrontal 2946 1976 5419 2.604 0.504 0.108 0.020 22 2.5
cuneus 3411 2270 4354 1.815 0.519 0.133 0.029 37 4.3
entorhinal 685 444 1804 2.682 0.855 0.128 0.040 9 1.0
fusiform 4585 3226 9112 2.507 0.605 0.125 0.031 54 5.8
inferiorparietal 7253 5020 12610 2.325 0.497 0.127 0.025 80 7.9
inferiortemporal 5720 4045 14204 2.824 0.685 0.128 0.032 74 7.3
isthmuscingulate 1403 946 2357 2.278 0.780 0.114 0.030 16 1.6
lateraloccipital 8466 5635 14113 2.309 0.592 0.136 0.029 96 10.5
lateralorbitofrontal 4434 3240 8987 2.543 0.620 0.140 0.036 61 6.3
lingual 5267 3637 7634 1.992 0.647 0.147 0.035 70 7.9
medialorbitofrontal 2238 1603 4302 2.353 0.714 0.138 0.037 35 3.4
middletemporal 5955 4107 13127 2.701 0.697 0.119 0.025 62 6.0
parahippocampal 1301 795 1960 2.169 0.688 0.099 0.025 12 1.2
paracentral 2311 1355 3669 2.539 0.556 0.092 0.018 14 1.8
parsopercularis 2384 1636 4337 2.495 0.444 0.117 0.023 24 2.2
parsorbitalis 1136 813 2592 2.626 0.500 0.143 0.029 15 1.5
parstriangularis 2104 1584 3951 2.349 0.501 0.143 0.033 28 2.7
pericalcarine 2775 1884 2530 1.535 0.436 0.137 0.031 30 3.8
postcentral 7187 4568 10532 2.096 0.648 0.104 0.021 59 6.2
posteriorcingulate 1548 1102 2955 2.547 0.598 0.143 0.031 26 2.1
precentral 6996 4475 12741 2.577 0.637 0.108 0.022 59 6.3
precuneus 5642 3868 9295 2.320 0.542 0.114 0.023 54 5.4
rostralanteriorcingulate 1534 1030 3147 2.638 0.626 0.116 0.022 19 1.3
rostralmiddlefrontal 5122 3753 9627 2.294 0.494 0.137 0.029 66 6.2
superiorfrontal 11451 8127 24245 2.641 0.580 0.127 0.027 133 12.4
superiorparietal 5875 4031 9476 2.112 0.499 0.121 0.024 65 5.7
superiortemporal 6580 4430 14564 2.852 0.781 0.112 0.025 58 6.5
supramarginal 5507 3751 10560 2.566 0.525 0.119 0.023 56 5.6
transversetemporal 611 325 1026 2.505 0.405 0.093 0.022 5 0.5
insula 3140 2096 6648 3.087 0.861 0.104 0.022 23 2.8
