StructName NumVert SurfArea GrayVol ThickAvg ThickStd MeanCurv GausCurv FoldInd CurvInd
caudalanteriorcingulate 1722 1146 3402 2.639 0.586 0.118 0.020 20 1.5
caudalmiddlefrontal 4165 2726 7827 2.626 0.514 0.101 0.016 29 2.9
cuneus 3891 2577 5133 1.850 0.487 0.129 0.024 42 4.0
entorhinal 633 418 2328 3.803 0.732 0.104 0.026 5 0.6
fusiform 5168 3459 10103 2.630 0.623 0.108 0.020 49 4.1
inferiorparietal 8962 6082 16138 2.410 0.502 0.116 0.021 88 7.7
inferiortemporal 6385 4449 16090 2.935 0.702 0.115 0.024 63 6.5
isthmuscingulate 1287 835 2052 2.299 0.743 0.108 0.024 12 1.2
lateraloccipital 9121 6072 15179 2.246 0.594 0.136 0.030 107 11.3
lateralorbitofrontal 5436 3754 10264 2.510 0.733 0.128 0.029 70 6.6
lingual 4830 3314 6746 1.880 0.653 0.135 0.033 52 6.7
medialorbitofrontal 2591 1818 4998 2.360 0.670 0.129 0.031 35 3.5
middletemporal 6737 4509 14898 2.767 0.677 0.109 0.018 62 5.2
parahippocampal 1093 672 2293 2.939 0.869 0.087 0.014 7 0.6
paracentral 2990 1733 5036 2.590 0.631 0.091 0.017 16 2.1
parsopercularis 2668 1773 5008 2.645 0.504 0.117 0.021 24 2.4
parsorbitalis 1089 725 2549 2.836 0.702 0.114 0.022 10 1.1
parstriangularis 2411 1619 4498 2.492 0.561 0.118 0.021 23 2.2
pericalcarine 2830 1945 2721 1.573 0.426 0.132 0.028 28 3.2
postcentral 8072 5152 11272 2.010 0.626 0.103 0.018 65 6.2
posteriorcingulate 2082 1450 3889 2.580 0.688 0.136 0.031 25 2.6
precentral 9457 5834 16273 2.544 0.558 0.094 0.016 63 6.2
precuneus 7543 5010 12775 2.462 0.495 0.115 0.020 74 6.3
rostralanteriorcingulate 1458 1030 3180 2.768 0.641 0.112 0.021 16 1.2
rostralmiddlefrontal 6841 4865 12381 2.242 0.536 0.127 0.023 79 6.8
superiorfrontal 15059 10265 31118 2.686 0.607 0.113 0.021 134 13.6
superiorparietal 7394 5000 12288 2.236 0.439 0.122 0.022 78 6.8
superiortemporal 8334 5559 19532 2.974 0.784 0.107 0.019 72 6.5
supramarginal 5919 3906 10566 2.508 0.480 0.101 0.018 48 4.3
transversetemporal 663 408 1047 2.409 0.455 0.110 0.023 6 0.5
insula 3226 2143 6613 3.172 0.697 0.102 0.020 24 2.5
