StructName NumVert SurfArea GrayVol ThickAvg ThickStd MeanCurv GausCurv FoldInd CurvInd
caudalanteriorcingulate 1739 1149 3371 2.670 0.536 0.119 0.018 20 1.4
caudalmiddlefrontal 4138 2721 7663 2.606 0.477 0.102 0.017 30 2.9
cuneus 3812 2467 4471 1.744 0.397 0.123 0.023 38 3.8
entorhinal 634 413 2253 3.614 0.672 0.088 0.024 3 0.6
fusiform 5072 3439 9660 2.612 0.569 0.108 0.020 51 4.2
inferiorparietal 8582 5935 14796 2.298 0.467 0.118 0.021 88 7.5
inferiortemporal 6405 4427 15232 2.848 0.670 0.114 0.022 63 5.7
isthmuscingulate 1195 776 1934 2.425 0.712 0.108 0.023 11 1.1
lateraloccipital 8935 5940 13661 2.112 0.569 0.137 0.030 106 11.2
lateralorbitofrontal 5288 3653 9826 2.597 0.648 0.128 0.026 68 5.6
lingual 4930 3379 6793 1.865 0.658 0.133 0.032 53 6.8
medialorbitofrontal 2644 1832 5203 2.572 0.609 0.122 0.021 33 2.2
middletemporal 6483 4454 13877 2.688 0.562 0.112 0.018 61 5.0
parahippocampal 1133 709 2343 2.894 0.812 0.091 0.015 8 0.7
paracentral 2908 1656 4660 2.586 0.571 0.088 0.014 15 1.8
parsopercularis 2513 1687 4526 2.559 0.440 0.120 0.022 24 2.3
parsorbitalis 1068 717 2336 2.711 0.639 0.115 0.022 9 1.1
parstriangularis 2304 1576 4410 2.559 0.470 0.122 0.022 23 2.1
pericalcarine 2797 1914 2604 1.536 0.448 0.131 0.029 29 3.2
postcentral 7789 4999 10543 1.930 0.600 0.104 0.018 63 6.1
posteriorcingulate 2003 1411 3862 2.665 0.624 0.137 0.027 24 2.2
precentral 9368 5856 15333 2.417 0.549 0.097 0.016 64 6.2
precuneus 7549 5003 12066 2.342 0.501 0.115 0.019 70 6.3
rostralanteriorcingulate 1446 1003 3125 2.831 0.626 0.110 0.020 15 1.3
rostralmiddlefrontal 7015 4919 12829 2.347 0.450 0.126 0.022 79 6.8
superiorfrontal 15134 10075 30608 2.750 0.565 0.110 0.020 127 12.4
superiorparietal 7386 4965 11695 2.155 0.432 0.121 0.022 79 6.8
superiortemporal 8102 5486 18281 2.903 0.726 0.105 0.019 68 6.3
supramarginal 5625 3802 9778 2.399 0.475 0.104 0.017 48 4.2
transversetemporal 678 399 1095 2.508 0.405 0.108 0.019 6 0.5
insula 3116 2091 6461 3.173 0.694 0.102 0.020 23 2.5
