StructName NumVert SurfArea GrayVol ThickAvg ThickStd MeanCurv GausCurv FoldInd CurvInd
caudalanteriorcingulate 1784 1217 3692 2.494 0.778 0.122 0.027 22 1.8
caudalmiddlefrontal 4355 2915 8226 2.507 0.564 0.105 0.023 32 4.1
cuneus 3907 2570 5396 1.939 0.452 0.126 0.030 50 4.4
entorhinal 623 430 2075 3.596 0.601 0.106 0.035 4 0.7
fusiform 4968 3412 10234 2.587 0.602 0.110 0.022 53 4.1
inferiorparietal 9556 6418 17010 2.323 0.532 0.115 0.025 101 8.7
inferiortemporal 6614 4653 15997 2.671 0.790 0.121 0.033 82 8.5
isthmuscingulate 1455 945 2377 2.313 0.789 0.108 0.029 14 1.5
lateraloccipital 9410 6200 15989 2.243 0.587 0.130 0.032 116 11.2
lateralorbitofrontal 5878 4160 10690 2.320 0.729 0.136 0.038 93 9.0
lingual 4699 3292 7755 2.119 0.674 0.136 0.036 59 6.8
medialorbitofrontal 2893 2019 5533 2.353 0.625 0.131 0.035 42 3.6
middletemporal 7366 4890 15286 2.528 0.705 0.111 0.024 73 6.9
parahippocampal 1086 714 2319 2.794 0.799 0.099 0.023 9 0.9
paracentral 3224 2068 4834 2.264 0.580 0.137 0.050 45 6.6
parsopercularis 2847 1913 5388 2.529 0.521 0.112 0.026 25 2.8
parsorbitalis 1143 776 2536 2.642 0.663 0.115 0.024 11 1.2
parstriangularis 2484 1699 4809 2.470 0.544 0.120 0.026 26 2.5
pericalcarine 2673 1898 3475 1.977 0.468 0.126 0.032 27 3.5
postcentral 8410 5453 12431 2.040 0.569 0.107 0.028 81 8.7
posteriorcingulate 2202 1551 4345 2.595 0.812 0.139 0.035 29 2.8
precentral 9835 6185 17218 2.494 0.566 0.102 0.025 86 9.6
precuneus 7670 5147 13179 2.402 0.473 0.113 0.024 78 7.2
rostralanteriorcingulate 1589 1138 3316 2.648 0.699 0.118 0.028 20 1.6
rostralmiddlefrontal 7412 5181 13842 2.201 0.618 0.124 0.026 90 7.7
superiorfrontal 16071 10972 32731 2.580 0.630 0.114 0.026 145 16.1
superiorparietal 7760 5207 13291 2.214 0.499 0.120 0.025 95 7.5
superiortemporal 8851 6058 20070 2.741 0.764 0.113 0.027 86 9.5
supramarginal 6210 4055 11161 2.456 0.523 0.103 0.021 58 5.1
transversetemporal 587 397 1122 2.554 0.374 0.112 0.032 5 0.6
insula 3248 2187 6728 3.075 0.750 0.109 0.027 26 3.5
