StructName NumVert SurfArea GrayVol ThickAvg ThickStd MeanCurv GausCurv FoldInd CurvInd
caudalanteriorcingulate 1789 1196 3368 2.502 0.634 0.121 0.020 21 1.6
caudalmiddlefrontal 4249 2767 8016 2.654 0.495 0.100 0.017 29 2.9
cuneus 3891 2550 5161 1.866 0.471 0.127 0.023 43 3.9
entorhinal 659 428 2419 3.910 0.694 0.100 0.024 4 0.6
fusiform 5131 3427 9868 2.577 0.601 0.111 0.023 50 4.7
inferiorparietal 9008 6090 15922 2.386 0.474 0.116 0.021 89 7.6
inferiortemporal 6524 4456 15999 2.914 0.700 0.113 0.023 62 6.3
isthmuscingulate 1294 848 2079 2.289 0.755 0.108 0.023 12 1.2
lateraloccipital 8931 5978 14473 2.197 0.568 0.136 0.030 103 10.9
lateralorbitofrontal 5622 3824 10351 2.519 0.748 0.127 0.031 71 7.2
lingual 5053 3384 7086 1.946 0.646 0.129 0.031 52 6.8
medialorbitofrontal 2657 1840 5196 2.433 0.667 0.125 0.029 34 3.2
middletemporal 6793 4531 14865 2.734 0.648 0.108 0.018 59 5.1
parahippocampal 1097 682 2291 2.860 0.891 0.088 0.015 7 0.6
paracentral 2977 1744 4952 2.584 0.608 0.096 0.018 18 2.2
parsopercularis 2674 1790 4988 2.594 0.472 0.119 0.022 24 2.5
parsorbitalis 1087 726 2516 2.810 0.626 0.115 0.023 9 1.1
parstriangularis 2388 1621 4601 2.545 0.538 0.121 0.023 23 2.2
pericalcarine 2858 1905 2815 1.640 0.438 0.126 0.027 28 3.1
postcentral 8066 5167 11191 1.985 0.602 0.104 0.018 64 6.3
posteriorcingulate 2133 1505 3934 2.590 0.680 0.138 0.032 27 2.7
precentral 9764 5934 16320 2.526 0.555 0.093 0.016 64 6.6
precuneus 7579 5126 12554 2.374 0.491 0.118 0.021 73 6.7
rostralanteriorcingulate 1513 1043 3118 2.655 0.600 0.110 0.021 16 1.3
rostralmiddlefrontal 7262 4982 13040 2.296 0.521 0.123 0.022 77 6.9
superiorfrontal 15536 10380 31627 2.711 0.610 0.111 0.021 133 13.3
superiorparietal 7554 5131 12350 2.203 0.426 0.123 0.022 81 7.1
superiortemporal 8506 5647 19466 2.952 0.759 0.107 0.019 70 6.9
supramarginal 5855 3909 10397 2.473 0.469 0.103 0.017 47 4.2
transversetemporal 693 406 1083 2.454 0.443 0.098 0.020 5 0.5
insula 3263 2129 6676 3.175 0.731 0.100 0.021 23 2.5
