StructName NumVert SurfArea GrayVol ThickAvg ThickStd MeanCurv GausCurv FoldInd CurvInd
caudalanteriorcingulate 1747 1169 3472 2.589 0.553 0.123 0.020 21 1.5
caudalmiddlefrontal 4172 2715 7755 2.640 0.480 0.100 0.017 29 2.9
cuneus 3927 2560 5120 1.847 0.483 0.126 0.024 42 3.9
entorhinal 640 423 2285 3.881 0.631 0.097 0.023 4 0.5
fusiform 5169 3440 9973 2.616 0.612 0.110 0.021 51 4.3
inferiorparietal 9213 6113 16134 2.424 0.478 0.115 0.021 91 7.8
inferiortemporal 6532 4481 16206 2.923 0.690 0.115 0.024 65 6.4
isthmuscingulate 1244 797 2015 2.314 0.780 0.106 0.024 12 1.1
lateraloccipital 9143 5999 14664 2.212 0.583 0.134 0.030 104 11.3
lateralorbitofrontal 5552 3834 10254 2.537 0.723 0.130 0.030 79 6.8
lingual 4991 3374 7074 1.937 0.655 0.133 0.033 53 6.9
medialorbitofrontal 2672 1902 5186 2.419 0.683 0.130 0.030 37 3.2
middletemporal 6812 4530 14918 2.765 0.639 0.110 0.019 63 5.3
parahippocampal 1087 677 2289 2.964 0.889 0.090 0.016 8 0.6
paracentral 2956 1711 4831 2.570 0.589 0.093 0.017 17 2.0
parsopercularis 2644 1741 4787 2.609 0.471 0.118 0.021 24 2.4
parsorbitalis 1099 734 2619 2.815 0.703 0.114 0.021 10 1.0
parstriangularis 2426 1627 4649 2.591 0.518 0.121 0.023 24 2.3
pericalcarine 2807 1917 2694 1.590 0.446 0.133 0.028 28 3.3
postcentral 8098 5169 10969 1.978 0.596 0.103 0.018 66 6.2
posteriorcingulate 2116 1466 3978 2.620 0.668 0.138 0.031 27 2.7
precentral 9692 5919 15902 2.479 0.544 0.093 0.015 65 6.0
precuneus 7733 5137 12614 2.397 0.473 0.116 0.021 73 6.8
rostralanteriorcingulate 1505 1039 3195 2.777 0.606 0.112 0.022 17 1.5
rostralmiddlefrontal 7311 4993 12960 2.305 0.517 0.124 0.023 81 7.1
superiorfrontal 15385 10268 31390 2.738 0.570 0.111 0.021 129 13.2
superiorparietal 7692 5114 12284 2.196 0.418 0.121 0.021 81 6.9
superiortemporal 8402 5578 19028 2.933 0.730 0.107 0.019 70 7.0
supramarginal 5913 3903 10659 2.513 0.462 0.102 0.017 49 4.2
transversetemporal 710 419 1107 2.439 0.413 0.103 0.023 5 0.6
insula 3281 2158 6573 3.126 0.707 0.102 0.020 23 2.6
