StructName NumVert SurfArea GrayVol ThickAvg ThickStd MeanCurv GausCurv FoldInd CurvInd
caudalanteriorcingulate 1725 1146 3441 2.604 0.610 0.116 0.022 20 1.6
caudalmiddlefrontal 4321 2780 7949 2.643 0.469 0.101 0.018 30 3.1
cuneus 4231 2629 5276 1.884 0.436 0.122 0.026 47 4.4
entorhinal 662 427 2218 3.602 0.644 0.105 0.029 4 0.8
fusiform 5148 3407 9572 2.564 0.533 0.108 0.023 51 4.5
inferiorparietal 9049 6089 15958 2.404 0.433 0.117 0.022 96 8.0
inferiortemporal 6370 4393 15276 2.832 0.661 0.115 0.025 63 6.4
isthmuscingulate 1350 879 2098 2.270 0.743 0.111 0.028 13 1.4
lateraloccipital 9210 6057 14467 2.173 0.566 0.135 0.030 109 11.4
lateralorbitofrontal 5277 3685 10009 2.552 0.642 0.134 0.035 76 8.0
lingual 4983 3311 6847 1.927 0.589 0.132 0.036 56 7.4
medialorbitofrontal 2498 1805 5009 2.488 0.616 0.130 0.031 39 2.7
middletemporal 6772 4602 14647 2.717 0.576 0.114 0.020 68 5.7
parahippocampal 1103 688 2184 2.796 0.771 0.098 0.021 9 0.9
paracentral 2923 1724 4709 2.499 0.560 0.097 0.020 18 2.3
parsopercularis 2657 1786 4991 2.623 0.391 0.118 0.023 26 2.4
parsorbitalis 1074 740 2370 2.714 0.541 0.121 0.024 11 1.1
parstriangularis 2447 1626 4604 2.561 0.482 0.120 0.024 25 2.4
pericalcarine 2860 1938 2967 1.701 0.493 0.133 0.031 28 3.6
postcentral 8318 5155 11066 1.995 0.576 0.102 0.019 68 6.7
posteriorcingulate 2172 1507 3937 2.516 0.700 0.137 0.032 29 2.8
precentral 9958 5983 16232 2.520 0.524 0.094 0.018 69 7.3
precuneus 7632 5057 12531 2.386 0.470 0.117 0.023 81 7.4
rostralanteriorcingulate 1535 1066 3146 2.686 0.629 0.111 0.021 16 1.3
rostralmiddlefrontal 7381 4998 13736 2.439 0.469 0.121 0.023 81 7.0
superiorfrontal 15888 10467 32233 2.782 0.517 0.111 0.022 141 14.3
superiorparietal 7970 5060 12425 2.233 0.450 0.115 0.021 84 6.9
superiortemporal 8341 5599 18772 2.920 0.698 0.110 0.021 74 7.8
supramarginal 5969 3951 10505 2.466 0.427 0.104 0.019 50 4.7
transversetemporal 738 416 1115 2.470 0.394 0.104 0.024 6 0.7
insula 3308 2207 6446 3.031 0.663 0.106 0.024 26 3.0
