StructName NumVert SurfArea GrayVol ThickAvg ThickStd MeanCurv GausCurv FoldInd CurvInd
caudalanteriorcingulate 1898 1269 3192 2.379 0.740 0.133 0.027 32 2.1
caudalmiddlefrontal 4152 2807 7386 2.432 0.490 0.118 0.025 40 4.3
cuneus 3618 2396 4256 1.749 0.410 0.135 0.031 42 4.9
entorhinal 633 413 1696 3.056 0.876 0.118 0.039 6 1.1
fusiform 4390 3036 9042 2.752 0.697 0.127 0.030 48 5.1
inferiorparietal 9386 6563 16690 2.325 0.459 0.125 0.027 109 10.5
inferiortemporal 5422 3927 12798 2.820 0.731 0.134 0.033 73 7.3
isthmuscingulate 1571 1048 2282 2.004 0.751 0.114 0.029 17 1.8
lateraloccipital 9209 6389 14636 2.094 0.494 0.135 0.029 113 11.0
lateralorbitofrontal 4772 3317 8897 2.569 0.583 0.133 0.032 65 6.7
lingual 5181 3513 7214 1.909 0.685 0.132 0.033 60 7.1
medialorbitofrontal 2579 1758 5079 2.548 0.596 0.124 0.029 35 2.9
middletemporal 6491 4568 14849 2.796 0.605 0.113 0.024 65 6.2
parahippocampal 1295 804 2400 2.627 0.677 0.101 0.024 12 1.2
paracentral 3183 1943 4931 2.406 0.494 0.093 0.017 19 2.4
parsopercularis 2320 1605 4764 2.697 0.431 0.116 0.023 23 2.1
parsorbitalis 1143 765 2589 2.666 0.524 0.122 0.024 14 1.2
parstriangularis 2017 1422 3517 2.434 0.469 0.125 0.025 21 2.0
pericalcarine 2178 1446 2126 1.431 0.590 0.114 0.024 21 2.2
postcentral 7911 4968 11456 2.133 0.589 0.101 0.021 59 6.6
posteriorcingulate 1992 1383 3375 2.281 0.772 0.127 0.029 28 2.3
precentral 7854 5075 14061 2.580 0.505 0.106 0.020 57 6.9
precuneus 6532 4392 10490 2.298 0.509 0.120 0.026 63 7.0
rostralanteriorcingulate 1738 1164 3393 2.681 0.554 0.120 0.024 21 1.7
rostralmiddlefrontal 7060 4899 13334 2.378 0.585 0.127 0.028 90 8.1
superiorfrontal 13854 9365 27190 2.627 0.518 0.122 0.027 141 15.6
superiorparietal 6782 4455 10498 2.093 0.462 0.106 0.019 58 5.5
superiortemporal 8113 5558 17666 2.740 0.653 0.113 0.025 74 8.0
supramarginal 6015 4077 11195 2.620 0.468 0.121 0.026 62 6.7
transversetemporal 659 384 1128 2.498 0.277 0.113 0.023 6 0.6
insula 3596 2457 7650 3.078 0.825 0.110 0.024 30 3.4
