StructName NumVert SurfArea GrayVol ThickAvg ThickStd MeanCurv GausCurv FoldInd CurvInd
caudalanteriorcingulate 1220 780 1813 2.024 0.685 0.129 0.026 17 1.2
caudalmiddlefrontal 3942 2694 8464 2.669 0.548 0.109 0.022 37 3.5
cuneus 3333 2261 4994 2.025 0.523 0.138 0.033 42 4.3
entorhinal 605 458 1759 2.935 0.788 0.154 0.064 11 1.5
fusiform 4104 2781 8657 2.663 0.621 0.120 0.029 44 4.5
inferiorparietal 10552 7180 20264 2.467 0.588 0.121 0.025 131 10.6
inferiortemporal 4899 3337 11216 2.726 0.748 0.116 0.028 49 5.4
isthmuscingulate 1499 1045 2588 2.207 0.716 0.127 0.030 20 1.6
lateraloccipital 9137 6044 15414 2.252 0.593 0.127 0.030 110 10.9
lateralorbitofrontal 4559 3376 9505 2.383 0.731 0.142 0.038 63 6.6
lingual 5809 4054 8696 1.986 0.615 0.132 0.033 65 7.6
medialorbitofrontal 2324 1688 4784 2.448 0.693 0.132 0.039 37 3.3
middletemporal 6974 4818 17718 2.888 0.731 0.113 0.023 69 6.5
parahippocampal 1178 741 2116 2.463 0.686 0.097 0.025 9 1.1
paracentral 2857 1831 4731 2.416 0.576 0.118 0.036 27 4.0
parsopercularis 1988 1398 4356 2.732 0.578 0.121 0.027 21 2.2
parsorbitalis 1165 799 2685 2.620 0.695 0.127 0.030 12 1.3
parstriangularis 1887 1289 3301 2.284 0.592 0.122 0.030 21 2.2
pericalcarine 2822 1964 3138 1.796 0.562 0.126 0.031 27 3.5
postcentral 7979 5171 11294 2.007 0.626 0.112 0.028 77 8.8
posteriorcingulate 2016 1389 3947 2.440 0.820 0.130 0.029 24 2.2
precentral 8052 5206 16332 2.691 0.656 0.106 0.027 73 8.3
precuneus 5995 4179 10994 2.392 0.485 0.119 0.024 68 5.8
rostralanteriorcingulate 1221 887 2566 2.464 0.687 0.126 0.032 15 1.4
rostralmiddlefrontal 6425 4667 13479 2.384 0.689 0.139 0.034 88 8.4
superiorfrontal 15637 10985 34615 2.651 0.685 0.123 0.029 181 17.7
superiorparietal 7957 5338 13287 2.188 0.532 0.117 0.023 81 7.4
superiortemporal 7168 4836 17055 2.944 0.719 0.102 0.025 58 6.9
supramarginal 6005 3953 10646 2.479 0.700 0.124 0.030 68 7.8
transversetemporal 434 297 878 2.571 0.408 0.118 0.028 4 0.4
insula 2766 1943 6511 3.157 0.889 0.118 0.030 25 3.1
