StructName NumVert SurfArea GrayVol ThickAvg ThickStd MeanCurv GausCurv FoldInd CurvInd
caudalanteriorcingulate 1819 1225 3189 2.341 0.705 0.129 0.018 29 1.6
caudalmiddlefrontal 4112 2825 7270 2.444 0.431 0.118 0.023 40 3.9
cuneus 3536 2320 4159 1.780 0.446 0.134 0.031 42 4.6
entorhinal 666 474 2387 3.531 0.801 0.130 0.032 5 1.1
fusiform 4427 2982 9350 2.811 0.646 0.119 0.025 48 4.4
inferiorparietal 9431 6656 17116 2.344 0.437 0.124 0.026 109 10.3
inferiortemporal 5499 3954 13198 2.911 0.639 0.127 0.027 71 6.0
isthmuscingulate 1551 1045 2323 2.017 0.764 0.118 0.029 18 1.7
lateraloccipital 9414 6288 15184 2.163 0.535 0.128 0.027 113 10.7
lateralorbitofrontal 4689 3321 9034 2.620 0.542 0.131 0.029 61 5.6
lingual 5211 3585 7290 1.914 0.687 0.137 0.032 67 6.9
medialorbitofrontal 2579 1775 5191 2.671 0.649 0.125 0.028 32 3.0
middletemporal 6509 4620 15679 2.892 0.599 0.113 0.022 71 5.9
parahippocampal 1274 803 2479 2.747 0.634 0.102 0.024 10 1.2
paracentral 2990 1815 4688 2.496 0.546 0.087 0.013 16 1.7
parsopercularis 2311 1552 4512 2.677 0.393 0.111 0.021 23 2.0
parsorbitalis 1173 790 2627 2.678 0.522 0.119 0.022 13 1.2
parstriangularis 1843 1287 3262 2.436 0.393 0.118 0.023 18 1.7
pericalcarine 2123 1403 2165 1.455 0.691 0.109 0.026 19 2.1
postcentral 7442 4876 11397 2.170 0.601 0.104 0.020 60 6.1
posteriorcingulate 1758 1257 3241 2.423 0.754 0.129 0.028 23 2.3
precentral 7620 5001 13917 2.590 0.489 0.105 0.019 57 6.1
precuneus 6564 4402 10713 2.355 0.542 0.118 0.026 63 6.8
rostralanteriorcingulate 1694 1153 3574 2.855 0.601 0.121 0.022 22 1.5
rostralmiddlefrontal 6870 4903 13483 2.430 0.508 0.130 0.027 89 8.0
superiorfrontal 13385 9039 26687 2.671 0.521 0.119 0.024 137 13.5
superiorparietal 6927 4493 10449 2.098 0.432 0.103 0.018 61 5.3
superiortemporal 7919 5394 17595 2.844 0.685 0.109 0.022 75 7.2
supramarginal 5629 3928 11009 2.646 0.460 0.119 0.024 60 5.7
transversetemporal 619 363 1139 2.616 0.249 0.109 0.019 6 0.5
insula 3710 2476 7962 3.201 0.838 0.106 0.022 31 3.3
