StructName NumVert SurfArea GrayVol ThickAvg ThickStd MeanCurv GausCurv FoldInd CurvInd
caudalanteriorcingulate 1083 730 1660 2.079 0.677 0.126 0.020 14 0.9
caudalmiddlefrontal 4107 2742 8040 2.634 0.476 0.109 0.021 36 3.6
cuneus 3358 2247 4563 1.898 0.454 0.143 0.033 44 4.8
entorhinal 541 400 1297 2.304 0.783 0.167 0.059 9 1.4
fusiform 3980 2742 7712 2.481 0.624 0.124 0.030 45 5.1
inferiorparietal 10217 6995 19159 2.500 0.522 0.123 0.024 113 10.0
inferiortemporal 4334 3024 10059 2.670 0.715 0.119 0.028 44 4.5
isthmuscingulate 1468 992 2401 2.250 0.644 0.123 0.025 18 1.5
lateraloccipital 8873 5889 14915 2.276 0.581 0.133 0.029 107 10.7
lateralorbitofrontal 4131 3006 8305 2.411 0.728 0.158 0.047 78 8.5
lingual 5960 4112 8134 1.893 0.549 0.136 0.034 75 8.2
medialorbitofrontal 2439 1782 4909 2.332 0.740 0.164 0.050 49 5.1
middletemporal 6509 4639 16230 2.893 0.643 0.121 0.022 68 6.4
parahippocampal 1254 783 2371 2.573 0.729 0.102 0.027 10 1.2
paracentral 2677 1699 4515 2.477 0.581 0.106 0.024 20 2.6
parsopercularis 1982 1386 4321 2.779 0.602 0.124 0.025 19 2.2
parsorbitalis 1033 731 2460 2.752 0.667 0.133 0.028 12 1.1
parstriangularis 1710 1203 2936 2.295 0.523 0.126 0.028 20 2.0
pericalcarine 2882 1981 2908 1.677 0.505 0.137 0.034 30 4.3
postcentral 7591 4834 11247 2.102 0.671 0.109 0.023 68 7.1
posteriorcingulate 2098 1409 3781 2.392 0.709 0.130 0.026 26 2.3
precentral 8079 5140 15154 2.673 0.594 0.108 0.025 66 8.1
precuneus 6187 4197 10333 2.324 0.468 0.121 0.024 68 6.2
rostralanteriorcingulate 1218 868 2655 2.607 0.748 0.141 0.045 27 2.4
rostralmiddlefrontal 5985 4525 12828 2.420 0.543 0.145 0.038 88 9.5
superiorfrontal 15091 10505 32380 2.704 0.616 0.125 0.032 184 19.4
superiorparietal 8297 5381 13141 2.231 0.485 0.118 0.025 85 8.2
superiortemporal 6904 4602 16167 2.971 0.715 0.104 0.023 60 6.6
supramarginal 5231 3613 10666 2.726 0.514 0.125 0.025 58 5.4
transversetemporal 437 307 714 2.178 0.563 0.131 0.039 4 0.7
insula 2935 2025 5941 2.919 0.771 0.120 0.031 33 3.8
