StructName NumVert SurfArea GrayVol ThickAvg ThickStd MeanCurv GausCurv FoldInd CurvInd
caudalanteriorcingulate 1749 1184 2972 2.266 0.716 0.129 0.021 27 1.7
caudalmiddlefrontal 4101 2845 7514 2.435 0.485 0.121 0.025 40 4.3
cuneus 3484 2320 4063 1.723 0.465 0.137 0.028 41 4.2
entorhinal 559 389 1885 3.459 0.767 0.111 0.025 3 0.6
fusiform 4585 3087 9327 2.768 0.704 0.119 0.024 51 4.3
inferiorparietal 10179 6964 18148 2.369 0.507 0.121 0.025 108 10.3
inferiortemporal 5742 4154 13365 2.845 0.655 0.131 0.028 74 6.8
isthmuscingulate 1576 1053 2265 1.968 0.678 0.111 0.027 18 1.6
lateraloccipital 9853 6587 15027 2.098 0.559 0.132 0.028 109 11.6
lateralorbitofrontal 4468 3260 8867 2.502 0.670 0.138 0.032 57 6.4
lingual 5276 3611 6983 1.812 0.680 0.134 0.033 64 7.2
medialorbitofrontal 2520 1777 4998 2.469 0.706 0.125 0.026 33 2.6
middletemporal 7139 4848 16494 2.906 0.646 0.108 0.020 65 5.9
parahippocampal 1372 841 2542 2.607 0.769 0.095 0.021 10 1.1
paracentral 3156 1914 4906 2.454 0.541 0.089 0.016 18 2.1
parsopercularis 2327 1568 4571 2.685 0.466 0.112 0.019 22 1.8
parsorbitalis 1128 769 2543 2.609 0.578 0.119 0.022 11 1.1
parstriangularis 1995 1370 3216 2.190 0.493 0.118 0.022 19 1.7
pericalcarine 1978 1310 1725 1.321 0.593 0.111 0.022 18 1.9
postcentral 7925 4990 11482 2.138 0.648 0.099 0.020 56 6.5
posteriorcingulate 1924 1342 3436 2.343 0.789 0.123 0.026 22 2.1
precentral 7990 5089 14535 2.624 0.552 0.103 0.019 56 6.3
precuneus 6743 4500 10605 2.282 0.505 0.120 0.027 66 7.3
rostralanteriorcingulate 1667 1153 3344 2.642 0.657 0.125 0.024 21 1.7
rostralmiddlefrontal 6399 4719 12528 2.249 0.643 0.135 0.028 84 7.5
superiorfrontal 13456 9328 27039 2.576 0.565 0.123 0.025 140 14.4
superiorparietal 7233 4725 11055 2.079 0.502 0.106 0.019 61 5.7
superiortemporal 8492 5621 18043 2.805 0.697 0.109 0.023 77 7.9
supramarginal 5977 4039 11596 2.707 0.513 0.117 0.023 57 6.0
transversetemporal 703 366 1121 2.534 0.260 0.099 0.020 7 0.5
insula 3750 2558 7753 3.066 0.782 0.112 0.026 33 3.7
