StructName NumVert SurfArea GrayVol ThickAvg ThickStd MeanCurv GausCurv FoldInd CurvInd
caudalanteriorcingulate 1823 1242 3146 2.280 0.746 0.132 0.023 30 1.8
caudalmiddlefrontal 3947 2750 7025 2.358 0.483 0.121 0.025 49 4.1
cuneus 3581 2362 4131 1.721 0.431 0.140 0.032 44 4.8
entorhinal 587 396 2011 3.370 0.832 0.110 0.023 4 0.6
fusiform 4590 3050 9473 2.823 0.694 0.118 0.025 48 4.5
inferiorparietal 10479 7064 18103 2.358 0.489 0.120 0.024 111 10.2
inferiortemporal 5984 4181 13868 2.880 0.665 0.125 0.028 71 6.7
isthmuscingulate 1530 1024 2364 2.132 0.712 0.116 0.027 18 1.5
lateraloccipital 9923 6571 15424 2.129 0.576 0.129 0.028 111 11.4
lateralorbitofrontal 4595 3287 8966 2.487 0.610 0.139 0.033 65 6.8
lingual 5244 3595 7316 1.884 0.682 0.135 0.035 65 7.3
medialorbitofrontal 2626 1820 5244 2.505 0.729 0.122 0.024 34 2.8
middletemporal 7277 4882 16810 2.916 0.659 0.108 0.022 68 6.2
parahippocampal 1320 821 2407 2.521 0.658 0.104 0.025 13 1.2
paracentral 3064 1873 4959 2.488 0.567 0.089 0.014 18 1.9
parsopercularis 2279 1575 4511 2.659 0.473 0.116 0.022 23 2.1
parsorbitalis 1206 812 2646 2.621 0.536 0.118 0.020 12 1.0
parstriangularis 1939 1334 3142 2.215 0.485 0.121 0.023 20 1.8
pericalcarine 2080 1376 1745 1.365 0.462 0.111 0.022 20 1.9
postcentral 7928 5054 11909 2.172 0.606 0.100 0.020 62 6.3
posteriorcingulate 1934 1315 3353 2.296 0.796 0.122 0.024 23 2.0
precentral 7884 5093 14174 2.555 0.516 0.103 0.018 56 6.2
precuneus 6777 4572 11073 2.336 0.492 0.121 0.026 66 7.2
rostralanteriorcingulate 1682 1169 3242 2.517 0.662 0.127 0.024 21 1.6
rostralmiddlefrontal 6592 4885 12810 2.244 0.600 0.139 0.030 92 8.9
superiorfrontal 13469 9371 26824 2.544 0.545 0.125 0.026 150 15.0
superiorparietal 7070 4696 11026 2.104 0.481 0.107 0.019 64 5.5
superiortemporal 8427 5583 18294 2.848 0.700 0.107 0.023 77 7.3
supramarginal 6069 4083 11644 2.692 0.452 0.119 0.024 63 6.1
transversetemporal 732 386 1184 2.582 0.250 0.103 0.019 8 0.5
insula 3855 2565 7894 3.055 0.806 0.109 0.023 32 3.6
