StructName NumVert SurfArea GrayVol ThickAvg ThickStd MeanCurv GausCurv FoldInd CurvInd
caudalanteriorcingulate 1778 1185 3045 2.412 0.646 0.127 0.023 24 1.9
caudalmiddlefrontal 4051 2762 7154 2.374 0.519 0.119 0.025 40 4.3
cuneus 3470 2301 4131 1.740 0.469 0.136 0.029 39 4.3
entorhinal 582 396 1949 3.409 0.777 0.111 0.028 4 0.6
fusiform 4516 3035 9045 2.691 0.691 0.120 0.026 47 4.6
inferiorparietal 10247 6968 17460 2.311 0.516 0.121 0.025 105 10.1
inferiortemporal 5611 4002 13172 2.843 0.671 0.128 0.028 66 6.4
isthmuscingulate 1576 1064 2313 1.983 0.688 0.112 0.029 17 1.6
lateraloccipital 9735 6518 15287 2.105 0.590 0.132 0.027 111 11.2
lateralorbitofrontal 4408 3134 8558 2.474 0.662 0.137 0.034 58 6.3
lingual 5271 3506 6966 1.853 0.664 0.130 0.033 64 7.2
medialorbitofrontal 2576 1770 4857 2.421 0.698 0.119 0.028 38 3.1
middletemporal 6976 4720 15471 2.760 0.682 0.110 0.022 61 6.1
parahippocampal 1389 873 2499 2.535 0.772 0.100 0.024 12 1.3
paracentral 3053 1885 4630 2.348 0.513 0.090 0.016 16 2.1
parsopercularis 2370 1599 4433 2.510 0.482 0.109 0.019 22 1.8
parsorbitalis 1044 725 2308 2.446 0.618 0.123 0.023 11 1.0
parstriangularis 1886 1311 2947 2.070 0.523 0.126 0.026 21 2.0
pericalcarine 1996 1317 1802 1.402 0.592 0.113 0.022 20 1.9
postcentral 7893 4965 11632 2.139 0.573 0.100 0.020 61 6.4
posteriorcingulate 1858 1313 3194 2.272 0.716 0.132 0.031 24 2.5
precentral 7986 5112 13893 2.512 0.537 0.104 0.019 56 6.3
precuneus 6746 4508 10580 2.256 0.510 0.121 0.027 64 7.5
rostralanteriorcingulate 1723 1163 3281 2.607 0.709 0.119 0.023 20 1.7
rostralmiddlefrontal 6545 4774 12476 2.187 0.643 0.136 0.030 93 8.3
superiorfrontal 13316 9266 26609 2.519 0.569 0.124 0.026 143 15.0
superiorparietal 7000 4664 10814 2.073 0.489 0.106 0.019 60 5.4
superiortemporal 8163 5487 17664 2.760 0.711 0.111 0.023 74 7.7
supramarginal 6019 4048 11418 2.645 0.495 0.118 0.024 63 6.3
transversetemporal 703 375 1116 2.526 0.328 0.098 0.021 7 0.6
insula 3790 2497 7754 3.032 0.845 0.104 0.023 31 3.3
