StructName NumVert SurfArea GrayVol ThickAvg ThickStd MeanCurv GausCurv FoldInd CurvInd
caudalanteriorcingulate 1078 684 1578 2.140 0.553 0.127 0.017 15 0.7
caudalmiddlefrontal 3973 2650 7875 2.649 0.468 0.106 0.018 34 3.1
cuneus 3371 2272 4439 1.858 0.475 0.143 0.030 41 4.6
entorhinal 512 335 1540 2.971 1.000 0.126 0.032 5 0.6
fusiform 3948 2688 7862 2.635 0.679 0.119 0.024 40 4.0
inferiorparietal 10137 6968 19560 2.527 0.538 0.122 0.023 114 9.7
inferiortemporal 4556 3112 10770 2.808 0.736 0.118 0.025 49 4.8
isthmuscingulate 1431 948 2506 2.392 0.683 0.122 0.023 16 1.5
lateraloccipital 8825 5941 15141 2.303 0.567 0.133 0.028 103 10.4
lateralorbitofrontal 4154 2998 9035 2.632 0.732 0.145 0.036 66 6.7
lingual 6097 4167 8108 1.848 0.585 0.136 0.032 74 8.2
medialorbitofrontal 2115 1598 4750 2.472 0.735 0.142 0.038 37 3.4
middletemporal 6943 4731 16939 2.941 0.677 0.113 0.020 68 6.0
parahippocampal 1188 735 2097 2.494 0.739 0.099 0.021 10 1.1
paracentral 2744 1689 4786 2.559 0.605 0.101 0.021 19 2.4
parsopercularis 2030 1401 4250 2.790 0.595 0.118 0.023 19 2.0
parsorbitalis 1174 797 2658 2.755 0.633 0.124 0.024 12 1.1
parstriangularis 1810 1258 3032 2.263 0.531 0.123 0.024 20 1.9
pericalcarine 2896 1985 2471 1.451 0.441 0.137 0.032 30 3.8
postcentral 7523 4842 11024 2.077 0.627 0.106 0.019 63 6.1
posteriorcingulate 2037 1369 3739 2.440 0.667 0.135 0.027 25 2.4
precentral 7927 4945 15716 2.744 0.626 0.102 0.019 59 6.3
precuneus 6084 4128 10578 2.407 0.490 0.119 0.022 62 5.5
rostralanteriorcingulate 1231 847 2597 2.574 0.762 0.119 0.025 12 1.3
rostralmiddlefrontal 6313 4602 12144 2.261 0.537 0.142 0.030 90 7.9
superiorfrontal 15272 10532 32413 2.667 0.652 0.120 0.024 161 15.8
superiorparietal 7908 5306 12718 2.194 0.470 0.120 0.022 82 7.2
superiortemporal 7011 4633 16625 3.078 0.690 0.101 0.021 56 6.1
supramarginal 5325 3560 10795 2.786 0.542 0.121 0.022 55 4.9
transversetemporal 473 279 799 2.486 0.397 0.100 0.019 4 0.4
insula 2960 1970 6550 3.233 0.834 0.114 0.027 27 3.0
