StructName NumVert SurfArea GrayVol ThickAvg ThickStd MeanCurv GausCurv FoldInd CurvInd
caudalanteriorcingulate 1811 1236 3101 2.232 0.685 0.135 0.023 30 1.9
caudalmiddlefrontal 4003 2755 7131 2.347 0.514 0.120 0.024 39 4.1
cuneus 3630 2454 4350 1.758 0.433 0.140 0.030 44 4.7
entorhinal 576 396 1861 3.326 0.760 0.113 0.028 4 0.6
fusiform 4676 3177 9521 2.785 0.714 0.121 0.025 47 4.7
inferiorparietal 10299 6967 17385 2.297 0.499 0.122 0.025 109 10.6
inferiortemporal 5859 4140 13488 2.853 0.653 0.127 0.029 67 6.7
isthmuscingulate 1581 1040 2300 2.023 0.682 0.117 0.029 18 1.9
lateraloccipital 9772 6641 15317 2.083 0.570 0.132 0.028 108 11.5
lateralorbitofrontal 4531 3269 8985 2.478 0.672 0.137 0.032 59 6.4
lingual 5215 3614 7236 1.865 0.687 0.134 0.032 61 7.3
medialorbitofrontal 2548 1806 5131 2.500 0.703 0.129 0.027 35 3.1
middletemporal 7071 4837 16222 2.839 0.689 0.110 0.021 64 6.2
parahippocampal 1315 789 2448 2.607 0.803 0.093 0.022 10 1.0
paracentral 3045 1896 4869 2.436 0.530 0.090 0.015 17 1.9
parsopercularis 2274 1548 4398 2.598 0.472 0.110 0.021 21 1.9
parsorbitalis 1140 769 2530 2.605 0.573 0.118 0.022 11 1.1
parstriangularis 1942 1356 3007 2.120 0.481 0.121 0.024 19 1.8
pericalcarine 2149 1410 1824 1.334 0.483 0.108 0.021 19 1.9
postcentral 7868 5041 11656 2.142 0.604 0.101 0.020 59 6.3
posteriorcingulate 1815 1288 3256 2.350 0.741 0.129 0.030 23 2.4
precentral 7950 5099 14113 2.552 0.546 0.102 0.018 56 6.2
precuneus 6747 4550 10731 2.298 0.508 0.122 0.028 66 7.6
rostralanteriorcingulate 1650 1184 3468 2.697 0.658 0.128 0.024 23 1.8
rostralmiddlefrontal 6500 4818 12316 2.184 0.603 0.137 0.030 87 8.3
superiorfrontal 13364 9414 26473 2.471 0.561 0.127 0.027 148 15.3
superiorparietal 7047 4613 10783 2.102 0.476 0.105 0.019 59 5.4
superiortemporal 8490 5703 17761 2.748 0.675 0.113 0.025 84 8.4
supramarginal 6207 4082 11405 2.643 0.493 0.115 0.024 61 6.2
transversetemporal 706 365 1177 2.661 0.275 0.101 0.021 8 0.5
insula 3859 2550 7889 3.057 0.869 0.106 0.023 32 3.5
