StructName NumVert SurfArea GrayVol ThickAvg ThickStd MeanCurv GausCurv FoldInd CurvInd
caudalanteriorcingulate 1802 1218 3149 2.341 0.669 0.132 0.024 29 2.0
caudalmiddlefrontal 4334 2887 7488 2.423 0.463 0.116 0.023 39 4.3
cuneus 3341 2263 4073 1.737 0.444 0.141 0.030 41 4.3
entorhinal 595 388 1702 3.242 0.830 0.109 0.027 4 0.6
fusiform 4520 3080 9300 2.770 0.682 0.123 0.027 47 5.0
inferiorparietal 10415 7004 17565 2.314 0.500 0.121 0.025 105 10.4
inferiortemporal 5846 4133 13727 2.863 0.689 0.128 0.030 69 7.1
isthmuscingulate 1490 996 2252 2.031 0.701 0.113 0.030 15 1.5
lateraloccipital 9668 6487 15127 2.083 0.561 0.133 0.028 108 11.4
lateralorbitofrontal 4651 3354 9234 2.614 0.560 0.138 0.030 59 6.2
lingual 5113 3497 7170 1.873 0.670 0.133 0.031 61 6.7
medialorbitofrontal 2631 1802 5288 2.597 0.663 0.117 0.027 31 2.7
middletemporal 7110 4873 16274 2.842 0.653 0.113 0.023 68 6.7
parahippocampal 1377 856 2546 2.599 0.730 0.098 0.021 9 1.2
paracentral 3085 1891 4759 2.426 0.528 0.092 0.017 18 2.2
parsopercularis 2407 1583 4644 2.702 0.456 0.112 0.021 23 2.1
parsorbitalis 1116 736 2508 2.685 0.604 0.119 0.021 11 1.0
parstriangularis 2040 1401 3305 2.283 0.454 0.119 0.023 19 1.9
pericalcarine 1998 1298 1878 1.402 0.600 0.109 0.022 18 1.9
postcentral 7953 5027 11625 2.149 0.608 0.103 0.021 61 6.9
posteriorcingulate 1880 1319 3282 2.285 0.768 0.127 0.029 23 2.2
precentral 8224 5134 14811 2.635 0.544 0.101 0.019 57 6.6
precuneus 6637 4494 10660 2.279 0.490 0.122 0.026 66 7.1
rostralanteriorcingulate 1656 1152 3386 2.706 0.535 0.129 0.025 23 1.7
rostralmiddlefrontal 6939 4906 12872 2.301 0.554 0.129 0.027 86 7.8
superiorfrontal 13823 9460 27401 2.594 0.546 0.123 0.026 148 14.7
superiorparietal 7087 4706 10694 2.046 0.476 0.106 0.018 62 5.4
superiortemporal 8399 5525 17944 2.861 0.719 0.108 0.023 71 7.4
supramarginal 5970 4026 11248 2.656 0.453 0.117 0.024 59 6.1
transversetemporal 694 378 1145 2.543 0.263 0.103 0.024 7 0.6
insula 3907 2619 8053 3.079 0.769 0.113 0.028 37 4.3
