StructName NumVert SurfArea GrayVol ThickAvg ThickStd MeanCurv GausCurv FoldInd CurvInd
caudalanteriorcingulate 1089 681 1529 2.028 0.645 0.123 0.015 15 0.7
caudalmiddlefrontal 3967 2670 7930 2.663 0.447 0.107 0.019 36 3.2
cuneus 3412 2254 4796 1.937 0.526 0.139 0.030 41 4.5
entorhinal 519 347 1356 3.046 0.726 0.133 0.047 5 0.9
fusiform 4084 2758 7961 2.629 0.635 0.119 0.029 41 4.5
inferiorparietal 10164 6942 19087 2.497 0.512 0.123 0.024 113 10.0
inferiortemporal 4678 3160 11235 2.908 0.681 0.114 0.023 44 4.3
isthmuscingulate 1474 980 2536 2.378 0.691 0.124 0.025 18 1.5
lateraloccipital 8969 5937 14896 2.265 0.558 0.130 0.027 102 10.1
lateralorbitofrontal 4275 3070 9459 2.727 0.699 0.144 0.035 64 6.3
lingual 6033 4136 8140 1.867 0.570 0.135 0.032 71 7.9
medialorbitofrontal 2225 1561 4823 2.620 0.743 0.120 0.031 34 2.5
middletemporal 7004 4747 16837 2.932 0.689 0.113 0.021 68 6.2
parahippocampal 1320 816 2114 2.348 0.704 0.113 0.035 18 2.1
paracentral 2754 1689 4626 2.523 0.599 0.103 0.022 19 2.5
parsopercularis 2057 1367 4259 2.789 0.581 0.115 0.023 18 2.0
parsorbitalis 1194 806 2702 2.822 0.612 0.122 0.021 12 1.1
parstriangularis 1821 1234 3099 2.362 0.495 0.124 0.025 21 2.0
pericalcarine 2887 1973 2604 1.503 0.465 0.138 0.031 31 3.8
postcentral 7463 4816 11139 2.119 0.633 0.108 0.020 66 6.2
posteriorcingulate 2060 1407 3893 2.475 0.655 0.133 0.027 26 2.3
precentral 7981 5027 15905 2.745 0.603 0.104 0.020 61 6.4
precuneus 6053 4105 10322 2.382 0.467 0.119 0.023 62 5.6
rostralanteriorcingulate 1276 871 2606 2.639 0.734 0.124 0.028 16 1.3
rostralmiddlefrontal 6500 4605 12744 2.398 0.509 0.137 0.029 89 7.4
superiorfrontal 15068 10497 32031 2.687 0.587 0.120 0.024 157 14.9
superiorparietal 7842 5290 12746 2.221 0.456 0.119 0.023 77 7.3
superiortemporal 7088 4645 16754 3.071 0.703 0.099 0.020 53 5.8
supramarginal 5270 3562 10529 2.726 0.514 0.123 0.023 54 5.0
transversetemporal 470 271 794 2.552 0.377 0.105 0.022 4 0.4
insula 2956 1981 6756 3.316 0.824 0.114 0.026 28 2.9
