StructName NumVert SurfArea GrayVol ThickAvg ThickStd MeanCurv GausCurv FoldInd CurvInd
caudalanteriorcingulate 1737 1195 2999 2.320 0.655 0.130 0.023 26 1.8
caudalmiddlefrontal 3858 2708 7167 2.427 0.476 0.121 0.026 39 4.2
cuneus 3382 2263 3985 1.730 0.473 0.138 0.029 40 4.2
entorhinal 569 391 1832 3.234 0.889 0.111 0.030 4 0.7
fusiform 4565 3088 9311 2.768 0.723 0.119 0.025 48 4.7
inferiorparietal 10207 7029 17906 2.347 0.488 0.123 0.026 109 10.6
inferiortemporal 5784 4071 13449 2.882 0.664 0.127 0.027 67 6.4
isthmuscingulate 1539 1039 2301 2.032 0.699 0.118 0.028 19 1.6
lateraloccipital 9692 6476 14904 2.091 0.557 0.132 0.028 109 11.3
lateralorbitofrontal 4560 3287 8949 2.524 0.640 0.138 0.034 61 6.6
lingual 5299 3629 7066 1.827 0.680 0.135 0.034 65 7.4
medialorbitofrontal 2584 1762 4994 2.502 0.667 0.117 0.026 31 2.6
middletemporal 7161 4872 16482 2.867 0.662 0.111 0.021 67 6.2
parahippocampal 1419 864 2641 2.648 0.842 0.093 0.021 10 1.2
paracentral 3067 1885 4911 2.483 0.555 0.090 0.015 18 2.0
parsopercularis 2360 1604 4626 2.637 0.473 0.111 0.021 22 1.9
parsorbitalis 1089 737 2512 2.643 0.569 0.121 0.023 11 1.1
parstriangularis 1917 1332 2980 2.151 0.496 0.126 0.026 21 2.3
pericalcarine 2040 1347 1799 1.340 0.578 0.111 0.022 19 1.9
postcentral 7804 5002 11809 2.191 0.617 0.102 0.020 62 6.4
posteriorcingulate 1829 1310 3247 2.354 0.707 0.131 0.030 23 2.5
precentral 7880 5092 14371 2.612 0.529 0.103 0.018 55 6.3
precuneus 6535 4456 10456 2.266 0.498 0.123 0.028 62 7.5
rostralanteriorcingulate 1714 1178 3503 2.786 0.645 0.124 0.024 22 1.7
rostralmiddlefrontal 6305 4745 12519 2.226 0.623 0.141 0.031 95 8.6
superiorfrontal 13233 9360 26760 2.533 0.551 0.128 0.028 152 15.9
superiorparietal 7034 4741 11127 2.102 0.483 0.110 0.021 65 6.2
superiortemporal 8321 5505 17978 2.841 0.712 0.109 0.022 72 7.4
supramarginal 5980 4061 11361 2.664 0.480 0.117 0.024 60 5.9
transversetemporal 730 383 1215 2.664 0.252 0.101 0.020 8 0.5
insula 3735 2519 7799 3.066 0.815 0.111 0.023 33 3.6
