StructName NumVert SurfArea GrayVol ThickAvg ThickStd MeanCurv GausCurv FoldInd CurvInd
caudalanteriorcingulate 1084 680 1554 2.055 0.600 0.123 0.015 14 0.6
caudalmiddlefrontal 4013 2662 7936 2.651 0.456 0.105 0.018 34 3.1
cuneus 3400 2309 4749 1.877 0.539 0.145 0.032 41 4.8
entorhinal 499 330 1336 2.976 0.702 0.135 0.031 5 0.7
fusiform 3786 2622 7738 2.670 0.632 0.120 0.025 41 3.7
inferiorparietal 10315 7020 19509 2.532 0.502 0.122 0.023 111 9.7
inferiortemporal 4582 3102 11084 2.888 0.718 0.115 0.023 45 4.3
isthmuscingulate 1466 996 2508 2.301 0.681 0.126 0.026 19 1.6
lateraloccipital 8988 5934 14842 2.276 0.565 0.131 0.027 102 10.5
lateralorbitofrontal 4001 2897 8767 2.567 0.735 0.143 0.037 57 6.4
lingual 6122 4213 8269 1.870 0.583 0.135 0.031 71 7.9
medialorbitofrontal 2136 1522 4733 2.571 0.789 0.127 0.030 30 2.6
middletemporal 7065 4734 17147 2.982 0.669 0.112 0.019 67 5.9
parahippocampal 1154 689 2109 2.602 0.719 0.082 0.015 6 0.6
paracentral 2789 1690 4710 2.534 0.597 0.101 0.022 19 2.6
parsopercularis 2056 1394 4366 2.793 0.607 0.117 0.022 19 2.0
parsorbitalis 1143 762 2570 2.779 0.646 0.123 0.023 12 1.1
parstriangularis 1781 1231 3091 2.352 0.500 0.123 0.023 21 1.8
pericalcarine 2839 1968 2467 1.457 0.425 0.137 0.031 30 3.7
postcentral 7445 4791 10997 2.114 0.645 0.108 0.020 66 6.1
posteriorcingulate 2039 1363 3862 2.486 0.702 0.134 0.028 26 2.3
precentral 7855 4930 15496 2.737 0.638 0.103 0.020 60 6.4
precuneus 6009 4131 10300 2.387 0.472 0.122 0.025 65 5.9
rostralanteriorcingulate 1285 874 2604 2.590 0.751 0.115 0.023 14 1.1
rostralmiddlefrontal 6165 4480 12354 2.361 0.506 0.141 0.030 88 7.5
superiorfrontal 14811 10351 31753 2.673 0.610 0.121 0.025 157 15.4
superiorparietal 7878 5260 12853 2.239 0.455 0.119 0.023 79 7.4
superiortemporal 7043 4588 16657 3.097 0.685 0.099 0.020 54 5.6
supramarginal 5367 3583 10853 2.772 0.525 0.121 0.023 54 5.1
transversetemporal 483 296 777 2.362 0.428 0.110 0.021 4 0.4
insula 2912 1999 6650 3.253 0.823 0.122 0.028 31 3.2
