StructName NumVert SurfArea GrayVol ThickAvg ThickStd MeanCurv GausCurv FoldInd CurvInd
caudalanteriorcingulate 1103 705 1595 2.075 0.666 0.121 0.014 14 0.6
caudalmiddlefrontal 3849 2620 7381 2.573 0.420 0.108 0.019 34 3.1
cuneus 3391 2246 4252 1.818 0.518 0.138 0.030 39 4.5
entorhinal 473 325 1269 3.140 0.632 0.136 0.032 5 0.7
fusiform 3839 2662 7432 2.600 0.628 0.118 0.025 38 4.1
inferiorparietal 9663 6847 18274 2.447 0.502 0.126 0.024 112 9.9
inferiortemporal 4183 2932 9610 2.749 0.706 0.117 0.024 44 4.1
isthmuscingulate 1420 954 2384 2.365 0.668 0.123 0.025 18 1.5
lateraloccipital 8767 5862 14171 2.200 0.559 0.131 0.027 100 9.9
lateralorbitofrontal 4035 2930 8705 2.618 0.660 0.145 0.036 63 6.2
lingual 5985 4266 7553 1.725 0.549 0.142 0.033 75 8.4
medialorbitofrontal 2155 1578 4761 2.636 0.599 0.142 0.035 35 3.3
middletemporal 6351 4582 15508 2.817 0.651 0.119 0.021 66 6.1
parahippocampal 1161 704 2080 2.635 0.663 0.088 0.016 8 0.7
paracentral 2784 1702 4433 2.457 0.640 0.102 0.021 18 2.5
parsopercularis 1895 1335 4101 2.828 0.547 0.120 0.023 17 2.0
parsorbitalis 1078 761 2488 2.774 0.739 0.131 0.023 12 1.1
parstriangularis 1705 1193 3044 2.401 0.492 0.123 0.024 19 1.8
pericalcarine 2877 1991 2285 1.337 0.418 0.140 0.032 32 3.9
postcentral 7165 4671 10744 2.080 0.660 0.109 0.020 66 6.2
posteriorcingulate 2006 1366 3891 2.578 0.757 0.130 0.025 24 2.0
precentral 7665 4902 14424 2.648 0.593 0.103 0.020 57 6.3
precuneus 6083 4085 10416 2.424 0.497 0.118 0.023 64 5.7
rostralanteriorcingulate 1237 854 2609 2.668 0.763 0.115 0.023 14 1.2
rostralmiddlefrontal 5941 4421 12041 2.391 0.493 0.143 0.032 85 7.5
superiorfrontal 14819 10231 31700 2.753 0.590 0.119 0.024 152 14.8
superiorparietal 7844 5237 12464 2.175 0.475 0.120 0.022 79 7.3
superiortemporal 6779 4523 16488 3.067 0.711 0.098 0.018 52 5.3
supramarginal 5065 3452 10060 2.703 0.517 0.122 0.022 53 4.7
transversetemporal 458 276 765 2.442 0.441 0.096 0.024 3 0.4
insula 2822 1911 6655 3.349 0.821 0.113 0.025 31 2.8
