StructName NumVert SurfArea GrayVol ThickAvg ThickStd MeanCurv GausCurv FoldInd CurvInd
caudalanteriorcingulate 1917 1270 3248 2.328 0.677 0.127 0.023 29 1.9
caudalmiddlefrontal 4211 2783 7294 2.425 0.490 0.114 0.024 37 4.1
cuneus 3661 2439 4360 1.759 0.427 0.137 0.030 44 4.7
entorhinal 593 409 2013 3.429 0.803 0.111 0.025 4 0.6
fusiform 4486 3003 9209 2.761 0.708 0.117 0.023 45 4.1
inferiorparietal 10419 6929 17333 2.321 0.509 0.119 0.025 102 10.4
inferiortemporal 5675 4017 13038 2.838 0.694 0.128 0.029 68 6.7
isthmuscingulate 1568 1043 2307 2.019 0.675 0.112 0.025 17 1.4
lateraloccipital 9824 6513 15234 2.090 0.558 0.129 0.027 110 10.8
lateralorbitofrontal 4634 3294 8967 2.498 0.583 0.134 0.031 56 6.4
lingual 5241 3569 7369 1.902 0.673 0.132 0.032 59 6.9
medialorbitofrontal 2590 1786 5108 2.511 0.679 0.119 0.024 31 2.6
middletemporal 7074 4777 15772 2.803 0.655 0.109 0.021 65 5.9
parahippocampal 1278 789 2325 2.545 0.810 0.097 0.025 14 1.1
paracentral 3109 1904 4659 2.361 0.560 0.091 0.014 18 1.9
parsopercularis 2327 1567 4511 2.643 0.437 0.110 0.020 21 1.9
parsorbitalis 1183 781 2543 2.605 0.559 0.117 0.021 12 1.0
parstriangularis 1970 1341 3087 2.212 0.472 0.119 0.023 19 1.8
pericalcarine 2153 1423 2125 1.463 0.619 0.113 0.023 20 2.1
postcentral 8014 5030 11403 2.098 0.589 0.098 0.019 59 6.2
posteriorcingulate 1900 1304 3353 2.333 0.771 0.121 0.026 21 2.0
precentral 8012 5056 14396 2.598 0.554 0.100 0.018 55 6.0
precuneus 6696 4510 10505 2.250 0.497 0.119 0.025 62 7.1
rostralanteriorcingulate 1753 1200 3405 2.647 0.554 0.122 0.025 21 1.7
rostralmiddlefrontal 6957 4925 12750 2.254 0.583 0.130 0.028 89 7.9
superiorfrontal 13661 9286 26505 2.557 0.551 0.122 0.025 142 14.6
superiorparietal 6867 4511 10327 2.047 0.478 0.105 0.018 59 5.1
superiortemporal 8366 5540 17668 2.780 0.714 0.107 0.022 72 7.3
supramarginal 6114 4092 11277 2.632 0.466 0.116 0.023 60 6.0
transversetemporal 712 371 1132 2.526 0.255 0.101 0.022 7 0.6
insula 3853 2548 7949 3.069 0.818 0.111 0.025 32 3.7
