StructName NumVert SurfArea GrayVol ThickAvg ThickStd MeanCurv GausCurv FoldInd CurvInd
caudalanteriorcingulate 1874 1304 3485 2.443 0.802 0.135 0.026 29 2.1
caudalmiddlefrontal 4120 2957 7791 2.326 0.538 0.122 0.027 39 4.8
cuneus 3232 2193 4244 1.858 0.486 0.136 0.032 40 4.2
entorhinal 569 405 1909 3.291 0.878 0.117 0.030 6 0.7
fusiform 4456 3037 9927 2.830 0.715 0.118 0.024 46 4.2
inferiorparietal 10017 7048 18226 2.278 0.572 0.124 0.028 114 10.8
inferiortemporal 5771 4224 13491 2.725 0.741 0.129 0.031 70 6.8
isthmuscingulate 1578 1067 2587 2.152 0.781 0.112 0.026 14 1.6
lateraloccipital 9279 6330 14891 2.098 0.570 0.130 0.030 109 11.0
lateralorbitofrontal 4701 3619 9476 2.371 0.630 0.144 0.038 70 7.4
lingual 5040 3514 7285 1.914 0.681 0.133 0.034 61 6.7
medialorbitofrontal 2688 1868 5412 2.494 0.742 0.123 0.034 34 3.4
middletemporal 6996 4934 16338 2.697 0.720 0.115 0.026 73 7.2
parahippocampal 1284 839 2703 2.744 0.772 0.104 0.023 10 1.2
paracentral 3209 1988 4996 2.374 0.568 0.099 0.026 26 3.0
parsopercularis 2217 1546 4696 2.730 0.600 0.111 0.023 21 1.9
parsorbitalis 1068 753 2601 2.642 0.658 0.118 0.021 11 0.9
parstriangularis 1931 1332 3065 2.103 0.531 0.120 0.023 18 1.7
pericalcarine 1924 1336 1951 1.493 0.568 0.115 0.027 16 2.2
postcentral 7881 5184 11760 2.073 0.637 0.110 0.032 82 10.6
posteriorcingulate 1918 1364 3503 2.287 0.827 0.123 0.026 21 1.9
precentral 7906 5187 14440 2.508 0.612 0.109 0.025 64 7.9
precuneus 6455 4465 10983 2.305 0.531 0.121 0.028 62 7.1
rostralanteriorcingulate 1505 1098 3236 2.475 0.776 0.131 0.030 20 1.7
rostralmiddlefrontal 6634 4829 13154 2.234 0.670 0.132 0.028 90 7.4
superiorfrontal 13534 9599 27049 2.507 0.614 0.124 0.028 148 14.8
superiorparietal 6812 4725 10745 2.018 0.505 0.112 0.023 68 6.4
superiortemporal 8342 5709 17625 2.624 0.784 0.113 0.027 79 9.2
supramarginal 6049 4276 11102 2.479 0.566 0.126 0.031 70 7.7
transversetemporal 592 397 1213 2.543 0.319 0.124 0.027 7 0.6
insula 3631 2514 7987 3.126 0.866 0.108 0.025 31 3.4
