StructName NumVert SurfArea GrayVol ThickAvg ThickStd MeanCurv GausCurv FoldInd CurvInd
caudalanteriorcingulate 1753 1202 3111 2.397 0.702 0.132 0.022 26 1.8
caudalmiddlefrontal 4034 2754 7219 2.402 0.520 0.117 0.025 44 3.9
cuneus 3404 2310 4068 1.726 0.437 0.140 0.031 39 4.6
entorhinal 584 399 1883 3.384 0.826 0.113 0.028 4 0.7
fusiform 4603 3091 9241 2.758 0.729 0.120 0.025 44 4.6
inferiorparietal 10400 6997 17483 2.314 0.505 0.120 0.024 105 10.4
inferiortemporal 5810 4073 13427 2.910 0.686 0.125 0.027 66 6.2
isthmuscingulate 1519 1053 2309 2.044 0.657 0.123 0.030 20 1.7
lateraloccipital 9894 6727 15354 2.073 0.564 0.134 0.029 111 12.0
lateralorbitofrontal 4491 3252 8894 2.519 0.627 0.137 0.032 57 6.1
lingual 5463 3623 6976 1.814 0.691 0.133 0.035 68 7.8
medialorbitofrontal 2585 1780 5004 2.512 0.721 0.118 0.026 28 2.7
middletemporal 7119 4883 16249 2.857 0.647 0.112 0.022 67 6.4
parahippocampal 1372 839 2527 2.637 0.725 0.094 0.021 12 1.1
paracentral 3048 1891 4826 2.437 0.538 0.093 0.015 18 2.0
parsopercularis 2300 1580 4544 2.652 0.480 0.114 0.021 22 2.1
parsorbitalis 1152 782 2522 2.571 0.601 0.126 0.021 12 1.0
parstriangularis 1909 1335 3095 2.179 0.483 0.122 0.024 20 1.9
pericalcarine 2032 1343 1889 1.360 0.596 0.112 0.024 19 2.1
postcentral 7964 5043 11360 2.101 0.586 0.102 0.021 61 6.6
posteriorcingulate 1881 1330 3355 2.317 0.753 0.128 0.028 23 2.1
precentral 7819 5021 13963 2.573 0.539 0.103 0.018 55 6.0
precuneus 6719 4498 10620 2.305 0.490 0.119 0.026 64 6.8
rostralanteriorcingulate 1630 1138 3302 2.705 0.657 0.130 0.024 22 1.8
rostralmiddlefrontal 6201 4578 11915 2.191 0.635 0.136 0.030 82 8.3
superiorfrontal 13628 9511 27200 2.531 0.562 0.124 0.026 150 14.8
superiorparietal 7055 4747 10774 2.047 0.467 0.108 0.019 63 5.5
superiortemporal 8325 5557 17709 2.789 0.706 0.109 0.022 73 7.0
supramarginal 5968 4034 11113 2.635 0.478 0.117 0.023 58 5.9
transversetemporal 736 371 1169 2.629 0.274 0.102 0.021 9 0.6
insula 3793 2554 7611 2.983 0.790 0.109 0.023 33 3.3
