StructName NumVert SurfArea GrayVol ThickAvg ThickStd MeanCurv GausCurv FoldInd CurvInd
caudalanteriorcingulate 980 665 2247 2.892 0.741 0.124 0.021 11 1.0
caudalmiddlefrontal 3461 2321 7175 2.707 0.594 0.113 0.022 32 3.2
cuneus 2674 1842 3603 1.881 0.538 0.145 0.032 36 3.5
entorhinal 639 404 1846 3.329 0.931 0.104 0.019 4 0.6
fusiform 3186 2056 6621 2.752 0.589 0.116 0.019 31 2.5
inferiorparietal 8128 5551 16928 2.682 0.536 0.117 0.022 84 7.7
inferiortemporal 4371 3010 11410 3.004 0.702 0.130 0.028 55 5.3
isthmuscingulate 1187 790 2221 2.460 0.674 0.122 0.026 14 1.1
lateraloccipital 6892 4506 11925 2.352 0.656 0.137 0.029 85 8.7
lateralorbitofrontal 3775 2763 8056 2.645 0.673 0.141 0.033 54 5.3
lingual 3895 2682 5718 2.057 0.709 0.131 0.032 43 5.2
medialorbitofrontal 2179 1575 5443 2.835 0.769 0.124 0.030 31 2.6
middletemporal 4973 3358 11955 2.932 0.637 0.114 0.021 48 4.4
parahippocampal 1080 695 2353 2.842 1.004 0.116 0.028 11 1.2
paracentral 2020 1258 3716 2.633 0.589 0.101 0.022 15 1.8
parsopercularis 1781 1208 3580 2.642 0.528 0.107 0.018 16 1.3
parsorbitalis 955 661 2324 2.913 0.640 0.126 0.025 10 1.1
parstriangularis 1987 1312 3989 2.595 0.558 0.112 0.019 20 1.5
pericalcarine 2347 1610 2042 1.500 0.471 0.124 0.028 23 2.6
postcentral 5810 3744 8890 2.107 0.670 0.103 0.018 45 4.4
posteriorcingulate 1529 1014 2838 2.557 0.666 0.119 0.019 17 1.4
precentral 7054 4408 13892 2.787 0.598 0.100 0.018 49 5.4
precuneus 5167 3543 9803 2.527 0.576 0.129 0.025 57 5.6
rostralanteriorcingulate 981 679 2078 2.739 0.797 0.107 0.021 9 0.8
rostralmiddlefrontal 4682 3430 9960 2.462 0.663 0.143 0.032 66 6.3
superiorfrontal 12018 8366 27982 2.904 0.641 0.125 0.026 132 13.6
superiorparietal 6079 4135 10164 2.185 0.547 0.117 0.021 62 5.5
superiortemporal 5993 3902 15217 3.220 0.681 0.100 0.019 44 4.5
supramarginal 4291 2939 8883 2.675 0.562 0.121 0.023 42 4.2
transversetemporal 414 273 781 2.623 0.429 0.119 0.025 4 0.4
insula 2650 1748 5861 3.298 0.727 0.103 0.020 19 2.0
