StructName NumVert SurfArea GrayVol ThickAvg ThickStd MeanCurv GausCurv FoldInd CurvInd
caudalanteriorcingulate 902 616 2071 2.865 0.807 0.131 0.021 12 0.9
caudalmiddlefrontal 3376 2283 6646 2.631 0.525 0.115 0.022 31 3.2
cuneus 2229 1535 3172 2.001 0.553 0.139 0.030 27 2.8
entorhinal 590 380 1721 3.289 0.693 0.106 0.013 4 0.3
fusiform 3237 2166 6723 2.762 0.576 0.120 0.023 32 3.1
inferiorparietal 7746 5406 15371 2.564 0.491 0.118 0.022 80 7.4
inferiortemporal 4014 2955 11096 3.029 0.657 0.139 0.030 57 5.1
isthmuscingulate 1174 759 2331 2.685 0.792 0.118 0.027 13 1.2
lateraloccipital 6522 4288 10819 2.303 0.632 0.134 0.029 76 8.2
lateralorbitofrontal 3485 2568 7721 2.787 0.677 0.142 0.031 50 4.7
lingual 3657 2593 5123 1.990 0.625 0.142 0.037 44 5.7
medialorbitofrontal 2179 1535 5364 2.984 0.895 0.133 0.036 33 3.3
middletemporal 4783 3300 11789 2.988 0.631 0.114 0.021 46 4.3
parahippocampal 1087 701 2330 2.837 1.079 0.116 0.031 14 1.2
paracentral 2079 1224 3795 2.716 0.658 0.094 0.018 14 1.5
parsopercularis 1678 1167 3494 2.755 0.444 0.107 0.019 17 1.3
parsorbitalis 896 631 2095 2.813 0.646 0.131 0.024 10 1.0
parstriangularis 1912 1299 3956 2.633 0.508 0.115 0.021 21 1.6
pericalcarine 1786 1284 1437 1.300 0.331 0.169 0.050 36 4.4
postcentral 5497 3589 8426 2.137 0.666 0.103 0.018 44 4.3
posteriorcingulate 1465 980 2656 2.515 0.698 0.121 0.018 18 1.2
precentral 6456 4242 12902 2.723 0.585 0.106 0.019 49 5.4
precuneus 5137 3451 9572 2.565 0.598 0.124 0.024 53 5.0
rostralanteriorcingulate 934 639 2084 2.850 0.864 0.104 0.017 8 0.7
rostralmiddlefrontal 4540 3334 9834 2.510 0.580 0.145 0.035 66 6.9
superiorfrontal 11316 8098 26226 2.864 0.658 0.128 0.026 124 13.0
superiorparietal 5886 4052 9367 2.100 0.528 0.119 0.021 61 5.5
superiortemporal 5897 3892 15248 3.281 0.649 0.101 0.019 45 4.5
supramarginal 4180 2859 8321 2.599 0.560 0.120 0.024 41 4.2
transversetemporal 401 268 840 2.842 0.463 0.118 0.022 4 0.3
insula 2525 1703 5782 3.396 0.742 0.105 0.020 18 2.1
