StructName NumVert SurfArea GrayVol ThickAvg ThickStd MeanCurv GausCurv FoldInd CurvInd
caudalanteriorcingulate 1018 701 2296 2.753 0.736 0.131 0.024 13 1.1
caudalmiddlefrontal 3475 2365 7270 2.706 0.563 0.117 0.022 33 3.2
cuneus 2724 1884 3611 1.817 0.551 0.146 0.031 36 3.5
entorhinal 609 390 1726 3.124 0.838 0.110 0.022 4 0.5
fusiform 3211 2137 6543 2.669 0.575 0.118 0.022 32 2.9
inferiorparietal 8028 5508 16401 2.625 0.504 0.117 0.022 81 7.7
inferiortemporal 4360 3082 11364 2.950 0.714 0.136 0.031 58 6.0
isthmuscingulate 1221 808 2307 2.505 0.717 0.118 0.026 14 1.1
lateraloccipital 6748 4483 11698 2.333 0.622 0.138 0.029 82 8.6
lateralorbitofrontal 3665 2732 8045 2.683 0.659 0.145 0.037 57 5.4
lingual 3916 2732 5632 2.003 0.672 0.136 0.034 49 5.4
medialorbitofrontal 2284 1588 5456 2.813 0.840 0.126 0.034 31 3.2
middletemporal 4990 3429 12111 2.954 0.599 0.117 0.023 51 4.6
parahippocampal 1052 703 2341 2.824 0.944 0.122 0.027 13 1.0
paracentral 2064 1287 3822 2.637 0.597 0.103 0.022 15 1.7
parsopercularis 1767 1215 3748 2.745 0.489 0.108 0.020 17 1.4
parsorbitalis 910 630 2149 2.881 0.655 0.125 0.025 9 1.0
parstriangularis 1970 1328 4012 2.581 0.525 0.115 0.021 19 1.7
pericalcarine 2317 1579 1992 1.470 0.467 0.122 0.027 22 2.6
postcentral 5851 3741 8805 2.113 0.660 0.103 0.018 46 4.6
posteriorcingulate 1558 1059 2939 2.566 0.600 0.124 0.022 19 1.4
precentral 7007 4436 13708 2.748 0.615 0.103 0.020 52 5.9
precuneus 5200 3543 9754 2.507 0.583 0.128 0.025 57 5.3
rostralanteriorcingulate 979 652 2061 2.785 0.814 0.102 0.020 8 0.7
rostralmiddlefrontal 4583 3379 9911 2.464 0.646 0.146 0.034 66 6.8
superiorfrontal 11976 8418 27761 2.881 0.619 0.126 0.027 133 13.6
superiorparietal 6048 4142 10148 2.163 0.534 0.117 0.021 64 5.5
superiortemporal 5934 3921 15014 3.214 0.625 0.103 0.020 50 4.6
supramarginal 4298 2971 8906 2.655 0.525 0.122 0.024 44 4.4
transversetemporal 419 267 808 2.722 0.402 0.119 0.025 4 0.4
insula 2632 1749 5858 3.301 0.729 0.104 0.021 19 2.2
