StructName NumVert SurfArea GrayVol ThickAvg ThickStd MeanCurv GausCurv FoldInd CurvInd
caudalanteriorcingulate 965 657 2267 2.918 0.723 0.128 0.022 12 0.9
caudalmiddlefrontal 3379 2320 6921 2.655 0.537 0.115 0.022 30 3.2
cuneus 2680 1838 3754 1.916 0.612 0.145 0.031 35 3.5
entorhinal 562 369 1520 3.114 1.060 0.099 0.023 4 0.5
fusiform 3205 2113 6705 2.701 0.599 0.120 0.025 33 3.1
inferiorparietal 7745 5419 16179 2.596 0.538 0.118 0.023 81 7.6
inferiortemporal 4078 2945 11009 2.902 0.753 0.139 0.033 57 6.0
isthmuscingulate 1192 794 2275 2.512 0.769 0.118 0.025 12 1.1
lateraloccipital 6537 4396 12079 2.445 0.609 0.140 0.030 83 8.4
lateralorbitofrontal 3474 2567 7561 2.577 0.740 0.147 0.040 54 5.8
lingual 4046 2745 5791 2.037 0.673 0.132 0.033 47 5.6
medialorbitofrontal 2098 1512 5406 2.895 0.785 0.127 0.035 31 3.2
middletemporal 4940 3373 11724 2.925 0.641 0.117 0.023 48 4.9
parahippocampal 1063 683 2362 2.856 0.972 0.116 0.028 12 1.1
paracentral 2113 1283 3968 2.737 0.621 0.099 0.021 18 1.7
parsopercularis 1777 1222 3693 2.722 0.483 0.107 0.018 17 1.3
parsorbitalis 952 665 2118 2.597 0.729 0.132 0.030 12 1.2
parstriangularis 1895 1316 3929 2.568 0.532 0.118 0.022 19 1.7
pericalcarine 2182 1522 1945 1.508 0.488 0.122 0.026 19 2.6
postcentral 5846 3747 8833 2.120 0.644 0.102 0.018 45 4.4
posteriorcingulate 1589 1055 2961 2.594 0.619 0.119 0.020 18 1.4
precentral 6835 4385 13693 2.784 0.592 0.102 0.019 50 5.4
precuneus 5105 3485 9697 2.540 0.577 0.128 0.025 58 5.2
rostralanteriorcingulate 963 652 2080 2.792 0.846 0.108 0.021 9 0.8
rostralmiddlefrontal 4618 3405 9445 2.325 0.656 0.145 0.032 65 6.4
superiorfrontal 11810 8278 27065 2.841 0.656 0.126 0.027 132 14.0
superiorparietal 6011 4101 9899 2.169 0.515 0.117 0.021 63 5.5
superiortemporal 5969 3956 14108 3.052 0.651 0.109 0.026 52 6.2
supramarginal 4245 2934 8834 2.661 0.539 0.122 0.024 44 4.3
transversetemporal 410 275 778 2.631 0.462 0.128 0.026 5 0.4
insula 2589 1758 5817 3.276 0.746 0.110 0.023 21 2.4
