StructName NumVert SurfArea GrayVol ThickAvg ThickStd MeanCurv GausCurv FoldInd CurvInd
caudalanteriorcingulate 931 659 2324 2.913 0.821 0.134 0.023 12 0.9
caudalmiddlefrontal 3471 2363 7564 2.654 0.670 0.114 0.025 33 3.4
cuneus 2671 1875 3875 1.931 0.609 0.141 0.032 35 3.4
entorhinal 562 377 1774 3.199 0.881 0.110 0.028 4 0.5
fusiform 3191 2115 7126 2.801 0.573 0.115 0.021 32 2.7
inferiorparietal 8059 5560 17155 2.610 0.665 0.116 0.026 88 8.3
inferiortemporal 4487 3186 11497 2.765 0.823 0.132 0.033 58 6.3
isthmuscingulate 1251 845 2484 2.500 0.753 0.117 0.025 13 1.1
lateraloccipital 6638 4517 12577 2.416 0.693 0.137 0.032 85 8.9
lateralorbitofrontal 4069 3029 8514 2.602 0.782 0.144 0.037 60 6.8
lingual 3630 2654 6171 2.212 0.731 0.136 0.032 44 4.9
medialorbitofrontal 2387 1718 5741 2.753 0.927 0.140 0.045 36 4.3
middletemporal 5212 3504 12561 2.862 0.740 0.111 0.021 50 4.7
parahippocampal 1053 697 2483 2.905 0.902 0.113 0.028 11 1.0
paracentral 2114 1369 3682 2.499 0.735 0.111 0.027 15 2.4
parsopercularis 1776 1223 3835 2.681 0.564 0.104 0.022 18 1.4
parsorbitalis 927 654 2291 2.886 0.701 0.126 0.024 10 1.0
parstriangularis 1960 1272 4211 2.679 0.634 0.109 0.023 22 1.7
pericalcarine 2154 1537 2238 1.704 0.538 0.121 0.026 18 2.5
postcentral 6052 3959 9256 2.087 0.686 0.108 0.028 62 7.1
posteriorcingulate 1562 1042 3014 2.582 0.749 0.118 0.020 19 1.4
precentral 6712 4355 14445 2.782 0.663 0.103 0.021 49 5.7
precuneus 5122 3537 10089 2.542 0.580 0.122 0.024 53 5.1
rostralanteriorcingulate 918 630 2021 2.801 0.794 0.108 0.023 8 0.8
rostralmiddlefrontal 4570 3450 10802 2.481 0.786 0.142 0.034 62 6.5
superiorfrontal 11724 8383 29113 2.872 0.754 0.126 0.028 130 13.7
superiorparietal 5928 4094 10504 2.211 0.586 0.118 0.023 68 5.6
superiortemporal 6044 4029 15546 3.076 0.744 0.103 0.022 53 5.2
supramarginal 4508 3020 9525 2.656 0.692 0.115 0.026 48 4.4
transversetemporal 393 281 882 2.921 0.432 0.126 0.028 4 0.4
insula 2472 1725 5924 3.366 0.791 0.116 0.029 24 3.0
