StructName NumVert SurfArea GrayVol ThickAvg ThickStd MeanCurv GausCurv FoldInd CurvInd
caudalanteriorcingulate 948 672 2196 2.697 0.829 0.137 0.023 13 1.1
caudalmiddlefrontal 3281 2291 6760 2.582 0.585 0.119 0.022 33 3.1
cuneus 2711 1932 3533 1.801 0.594 0.149 0.032 35 3.7
entorhinal 603 391 1762 3.286 0.830 0.111 0.020 4 0.5
fusiform 3283 2173 6741 2.717 0.643 0.119 0.022 32 3.1
inferiorparietal 8057 5527 16487 2.664 0.552 0.117 0.022 81 7.6
inferiortemporal 4357 3083 11482 2.975 0.714 0.135 0.029 57 5.8
isthmuscingulate 1205 814 2282 2.490 0.692 0.120 0.025 13 1.1
lateraloccipital 6900 4568 11779 2.310 0.695 0.138 0.031 82 9.4
lateralorbitofrontal 3351 2552 7526 2.621 0.698 0.151 0.039 56 5.9
lingual 3952 2806 5323 1.885 0.665 0.141 0.035 46 5.7
medialorbitofrontal 2156 1603 5523 2.836 0.777 0.144 0.043 37 4.4
middletemporal 5001 3386 12331 3.019 0.637 0.114 0.021 48 4.4
parahippocampal 1075 703 2353 2.817 1.025 0.118 0.028 11 1.1
paracentral 1996 1250 3884 2.744 0.594 0.101 0.020 13 1.6
parsopercularis 1746 1192 3608 2.659 0.600 0.105 0.018 15 1.3
parsorbitalis 905 639 2223 2.939 0.666 0.127 0.024 9 0.9
parstriangularis 1867 1299 3971 2.609 0.548 0.117 0.021 20 1.6
pericalcarine 2403 1666 1903 1.379 0.526 0.132 0.033 26 3.4
postcentral 5803 3740 8931 2.126 0.662 0.103 0.018 47 4.4
posteriorcingulate 1522 1023 2820 2.506 0.622 0.123 0.023 18 1.4
precentral 6757 4353 13700 2.761 0.629 0.104 0.019 48 5.3
precuneus 5138 3502 10118 2.618 0.585 0.129 0.027 63 5.8
rostralanteriorcingulate 889 624 1991 2.799 0.726 0.107 0.022 8 0.8
rostralmiddlefrontal 4411 3407 9721 2.359 0.688 0.154 0.035 69 7.0
superiorfrontal 11322 8266 26650 2.783 0.667 0.133 0.028 136 14.9
superiorparietal 6077 4134 10350 2.213 0.568 0.117 0.022 64 5.6
superiortemporal 5963 3935 15437 3.284 0.676 0.102 0.019 46 4.6
supramarginal 4350 2996 9103 2.723 0.552 0.123 0.024 43 4.4
transversetemporal 430 284 806 2.637 0.480 0.130 0.028 5 0.5
insula 2616 1758 5785 3.313 0.740 0.108 0.023 19 2.3
