StructName NumVert SurfArea GrayVol ThickAvg ThickStd MeanCurv GausCurv FoldInd CurvInd
caudalanteriorcingulate 952 663 2229 2.842 0.738 0.132 0.023 12 1.1
caudalmiddlefrontal 3462 2337 7124 2.668 0.567 0.112 0.021 31 3.1
cuneus 2767 1846 3720 1.895 0.556 0.141 0.031 35 3.5
entorhinal 556 376 1729 3.445 0.829 0.130 0.035 5 1.1
fusiform 3256 2111 6815 2.764 0.602 0.116 0.022 31 3.1
inferiorparietal 7936 5430 16092 2.612 0.513 0.117 0.022 82 7.5
inferiortemporal 4484 3135 11383 2.903 0.714 0.133 0.030 57 5.8
isthmuscingulate 1193 801 2277 2.516 0.723 0.121 0.025 14 1.2
lateraloccipital 6863 4488 11801 2.354 0.639 0.135 0.029 87 8.6
lateralorbitofrontal 3560 2661 7879 2.690 0.667 0.151 0.038 68 6.3
lingual 3953 2728 5740 2.033 0.691 0.136 0.034 46 5.6
medialorbitofrontal 2141 1599 5424 2.861 0.741 0.138 0.038 32 3.1
middletemporal 5085 3475 12309 2.943 0.597 0.115 0.022 48 4.6
parahippocampal 1022 655 2189 2.765 0.971 0.117 0.026 10 1.1
paracentral 2188 1318 3981 2.693 0.631 0.098 0.019 14 1.6
parsopercularis 1840 1257 3705 2.642 0.463 0.109 0.021 19 1.5
parsorbitalis 920 620 2156 2.932 0.643 0.123 0.023 9 1.0
parstriangularis 2001 1328 4049 2.606 0.519 0.114 0.021 20 1.7
pericalcarine 2192 1506 1965 1.536 0.484 0.121 0.026 19 2.5
postcentral 5949 3776 8931 2.122 0.635 0.102 0.018 47 4.6
posteriorcingulate 1609 1056 2907 2.509 0.643 0.123 0.021 18 1.4
precentral 7065 4389 13776 2.796 0.593 0.098 0.018 49 5.4
precuneus 5256 3536 9874 2.547 0.569 0.127 0.024 58 5.2
rostralanteriorcingulate 1002 684 2153 2.826 0.827 0.104 0.021 9 0.8
rostralmiddlefrontal 4845 3552 10201 2.447 0.606 0.144 0.033 70 6.9
superiorfrontal 12097 8462 27578 2.871 0.626 0.127 0.026 143 13.5
superiorparietal 6153 4153 9844 2.150 0.510 0.116 0.021 63 5.5
superiortemporal 6088 3984 15587 3.228 0.648 0.101 0.019 48 4.6
supramarginal 4273 2935 8705 2.646 0.500 0.122 0.024 46 4.3
transversetemporal 445 277 847 2.810 0.510 0.117 0.022 4 0.4
insula 2691 1812 5928 3.233 0.732 0.106 0.022 21 2.2
