StructName NumVert SurfArea GrayVol ThickAvg ThickStd MeanCurv GausCurv FoldInd CurvInd
caudalanteriorcingulate 919 635 2147 2.867 0.727 0.134 0.026 12 1.1
caudalmiddlefrontal 3455 2348 7018 2.678 0.528 0.115 0.023 34 3.3
cuneus 2718 1861 3665 1.880 0.558 0.141 0.032 34 3.7
entorhinal 597 405 1625 3.179 0.649 0.109 0.023 4 0.5
fusiform 3228 2115 6429 2.650 0.560 0.116 0.021 32 2.8
inferiorparietal 7752 5452 15864 2.568 0.506 0.121 0.023 86 7.6
inferiortemporal 4267 3083 10734 2.841 0.655 0.139 0.033 67 6.2
isthmuscingulate 1165 781 2239 2.555 0.691 0.122 0.026 12 1.2
lateraloccipital 6568 4410 11389 2.331 0.582 0.139 0.031 85 8.7
lateralorbitofrontal 3590 2713 7992 2.695 0.706 0.151 0.034 55 5.9
lingual 3761 2577 5783 2.132 0.669 0.134 0.030 45 5.0
medialorbitofrontal 2072 1460 5278 2.963 0.798 0.120 0.026 27 2.3
middletemporal 4879 3404 11424 2.866 0.547 0.117 0.022 50 4.6
parahippocampal 1054 681 2301 2.779 0.811 0.114 0.026 11 1.1
paracentral 2095 1268 3658 2.569 0.626 0.100 0.023 15 2.0
parsopercularis 1685 1173 3577 2.722 0.437 0.110 0.020 18 1.4
parsorbitalis 907 658 2116 2.712 0.647 0.133 0.024 11 1.0
parstriangularis 1931 1328 3930 2.567 0.498 0.114 0.020 21 1.6
pericalcarine 2322 1629 2257 1.617 0.522 0.126 0.029 22 3.0
postcentral 5780 3707 9004 2.161 0.638 0.105 0.019 48 4.6
posteriorcingulate 1503 987 2799 2.663 0.590 0.126 0.028 27 1.4
precentral 6851 4422 13766 2.778 0.527 0.104 0.019 52 5.5
precuneus 5081 3522 9451 2.507 0.525 0.129 0.025 56 5.3
rostralanteriorcingulate 876 594 2059 3.022 0.775 0.107 0.022 8 0.8
rostralmiddlefrontal 4633 3427 9978 2.483 0.580 0.143 0.033 71 6.5
superiorfrontal 11720 8331 27509 2.904 0.594 0.128 0.027 134 14.3
superiorparietal 6127 4113 10269 2.218 0.542 0.117 0.022 65 5.6
superiortemporal 5964 3909 15007 3.178 0.642 0.103 0.019 48 4.7
supramarginal 4285 2951 8706 2.610 0.548 0.124 0.024 46 4.4
transversetemporal 416 273 829 2.802 0.368 0.125 0.028 4 0.5
insula 2670 1795 5755 3.112 0.677 0.109 0.023 23 2.1
