StructName NumVert SurfArea GrayVol ThickAvg ThickStd MeanCurv GausCurv FoldInd CurvInd
caudalanteriorcingulate 991 678 2259 2.794 0.790 0.129 0.024 13 1.1
caudalmiddlefrontal 3438 2303 7172 2.725 0.625 0.115 0.023 31 3.3
cuneus 2790 1932 3950 1.876 0.629 0.145 0.032 37 3.8
entorhinal 621 394 1760 3.304 0.812 0.109 0.024 4 0.7
fusiform 3308 2141 6871 2.742 0.546 0.118 0.021 33 2.8
inferiorparietal 8177 5504 16208 2.595 0.570 0.115 0.022 81 7.4
inferiortemporal 4246 2991 11319 2.997 0.731 0.135 0.032 53 5.8
isthmuscingulate 1162 782 2277 2.542 0.720 0.122 0.026 13 1.1
lateraloccipital 6879 4519 11880 2.333 0.654 0.136 0.029 83 8.7
lateralorbitofrontal 3512 2586 7788 2.659 0.663 0.144 0.036 53 5.5
lingual 3815 2657 5806 2.088 0.689 0.132 0.032 44 5.0
medialorbitofrontal 2248 1648 5458 2.830 0.717 0.139 0.041 37 3.7
middletemporal 5026 3387 12172 2.989 0.638 0.113 0.023 46 4.6
parahippocampal 1088 679 2392 2.886 1.002 0.110 0.025 11 1.1
paracentral 2053 1277 3737 2.613 0.655 0.102 0.022 15 1.9
parsopercularis 1728 1195 3713 2.778 0.570 0.109 0.020 16 1.4
parsorbitalis 972 669 2350 2.856 0.710 0.124 0.026 11 1.1
parstriangularis 1954 1311 4104 2.685 0.540 0.113 0.020 20 1.6
pericalcarine 2342 1635 2001 1.434 0.512 0.129 0.029 23 3.0
postcentral 6006 3797 8635 2.035 0.690 0.102 0.019 46 4.9
posteriorcingulate 1503 1007 2798 2.603 0.630 0.121 0.021 17 1.3
precentral 6991 4397 13896 2.786 0.653 0.104 0.020 51 6.0
precuneus 5131 3516 9681 2.531 0.581 0.128 0.025 56 5.3
rostralanteriorcingulate 963 657 2047 2.820 0.760 0.122 0.031 13 1.5
rostralmiddlefrontal 4721 3410 10112 2.511 0.641 0.142 0.034 63 6.8
superiorfrontal 11907 8323 27746 2.917 0.651 0.126 0.027 130 13.8
superiorparietal 6133 4143 9958 2.132 0.580 0.116 0.022 62 5.5
superiortemporal 5984 3924 15090 3.190 0.649 0.104 0.020 50 4.9
supramarginal 4345 2952 8991 2.653 0.600 0.120 0.024 42 4.3
transversetemporal 417 280 799 2.658 0.447 0.121 0.027 4 0.5
insula 2657 1777 5870 3.269 0.719 0.108 0.023 20 2.3
