StructName NumVert SurfArea GrayVol ThickAvg ThickStd MeanCurv GausCurv FoldInd CurvInd
caudalanteriorcingulate 953 658 2256 2.831 0.761 0.138 0.026 13 1.2
caudalmiddlefrontal 3411 2296 7181 2.747 0.618 0.116 0.023 30 3.3
cuneus 2706 1904 4034 1.895 0.581 0.149 0.032 35 3.7
entorhinal 570 384 1529 2.858 0.818 0.109 0.026 3 0.6
fusiform 3255 2178 6682 2.661 0.564 0.121 0.026 33 3.5
inferiorparietal 8066 5493 16003 2.554 0.604 0.116 0.022 76 7.5
inferiortemporal 4196 2982 11078 2.903 0.756 0.137 0.031 54 5.7
isthmuscingulate 1132 764 2252 2.622 0.702 0.125 0.027 13 1.2
lateraloccipital 6926 4514 12381 2.349 0.699 0.137 0.029 84 9.0
lateralorbitofrontal 3491 2608 7704 2.683 0.656 0.151 0.037 59 6.0
lingual 3907 2725 5920 2.052 0.702 0.134 0.033 44 5.3
medialorbitofrontal 2127 1512 5227 2.845 0.768 0.129 0.038 30 3.1
middletemporal 4941 3323 11776 2.918 0.680 0.114 0.022 48 4.6
parahippocampal 1025 668 2322 2.807 0.841 0.118 0.028 11 1.1
paracentral 2076 1279 3705 2.592 0.703 0.101 0.022 14 1.9
parsopercularis 1720 1191 3560 2.689 0.529 0.114 0.021 19 1.5
parsorbitalis 949 640 2295 2.968 0.680 0.124 0.024 10 1.0
parstriangularis 1960 1311 4053 2.635 0.534 0.110 0.020 19 1.5
pericalcarine 2390 1653 2150 1.538 0.538 0.123 0.026 22 2.8
postcentral 5937 3788 8627 2.042 0.700 0.103 0.019 44 4.6
posteriorcingulate 1461 974 2846 2.696 0.601 0.121 0.019 17 1.2
precentral 7082 4395 13698 2.743 0.672 0.101 0.019 50 5.7
precuneus 5153 3524 9653 2.504 0.615 0.130 0.027 58 6.0
rostralanteriorcingulate 935 641 2017 2.829 0.741 0.112 0.023 9 0.8
rostralmiddlefrontal 4776 3452 10435 2.506 0.687 0.141 0.032 65 6.6
superiorfrontal 12035 8329 28218 2.919 0.678 0.125 0.026 131 13.6
superiorparietal 6167 4138 9599 2.068 0.599 0.116 0.021 62 5.5
superiortemporal 6001 3966 15165 3.130 0.617 0.104 0.021 48 5.1
supramarginal 4306 2910 8794 2.654 0.620 0.119 0.024 41 4.2
transversetemporal 430 276 775 2.643 0.478 0.127 0.028 5 0.5
insula 2675 1785 5897 3.321 0.704 0.107 0.023 20 2.3
