StructName NumVert SurfArea GrayVol ThickAvg ThickStd MeanCurv GausCurv FoldInd CurvInd
caudalanteriorcingulate 931 644 2187 2.807 0.787 0.138 0.025 14 1.0
caudalmiddlefrontal 3428 2314 7141 2.715 0.539 0.114 0.021 33 3.2
cuneus 2663 1816 3930 1.971 0.575 0.142 0.030 35 3.3
entorhinal 582 382 1541 3.117 0.830 0.113 0.022 4 0.6
fusiform 3164 2087 6857 2.797 0.588 0.116 0.022 31 2.9
inferiorparietal 7858 5375 16233 2.644 0.526 0.116 0.022 81 7.3
inferiortemporal 4294 3044 11247 2.931 0.701 0.134 0.029 57 5.3
isthmuscingulate 1152 786 2230 2.554 0.687 0.130 0.027 15 1.2
lateraloccipital 6784 4468 12373 2.423 0.627 0.138 0.029 88 8.8
lateralorbitofrontal 3577 2656 7921 2.665 0.731 0.146 0.037 59 5.5
lingual 3863 2637 6039 2.160 0.685 0.131 0.032 43 5.2
medialorbitofrontal 2119 1481 5293 2.930 0.799 0.123 0.036 30 3.0
middletemporal 5058 3427 12109 2.909 0.651 0.114 0.021 51 4.6
parahippocampal 987 660 2197 2.780 0.862 0.126 0.035 17 1.5
paracentral 2056 1250 3924 2.734 0.588 0.097 0.020 13 1.6
parsopercularis 1767 1191 3721 2.699 0.549 0.104 0.018 17 1.3
parsorbitalis 917 632 2150 2.870 0.648 0.127 0.024 10 0.9
parstriangularis 1945 1317 4028 2.666 0.511 0.109 0.020 18 1.5
pericalcarine 2310 1599 2276 1.646 0.510 0.123 0.027 22 2.6
postcentral 5815 3716 9165 2.187 0.656 0.104 0.019 47 4.7
posteriorcingulate 1507 1024 2924 2.658 0.553 0.128 0.022 20 1.4
precentral 6872 4359 13911 2.806 0.601 0.102 0.018 51 5.4
precuneus 5149 3542 10043 2.580 0.569 0.127 0.024 58 5.2
rostralanteriorcingulate 951 633 2102 2.909 0.789 0.107 0.020 8 0.7
rostralmiddlefrontal 4744 3489 10153 2.485 0.614 0.145 0.033 70 6.6
superiorfrontal 11844 8409 27683 2.883 0.625 0.127 0.026 135 13.5
superiorparietal 6016 4081 10228 2.227 0.496 0.116 0.021 67 5.5
superiortemporal 6005 3949 15019 3.153 0.626 0.102 0.020 48 4.8
supramarginal 4340 2964 9001 2.687 0.529 0.120 0.023 45 4.3
transversetemporal 434 283 864 2.823 0.437 0.118 0.022 5 0.4
insula 2655 1773 5995 3.341 0.707 0.106 0.021 19 2.2
