StructName NumVert SurfArea GrayVol ThickAvg ThickStd MeanCurv GausCurv FoldInd CurvInd
caudalanteriorcingulate 1324 914 2527 2.591 0.537 0.135 0.021 19 1.2
caudalmiddlefrontal 2174 1420 3715 2.480 0.459 0.114 0.021 18 1.9
cuneus 3241 2193 4213 1.731 0.493 0.144 0.033 39 4.5
entorhinal 406 277 1562 3.853 0.784 0.107 0.027 3 0.3
fusiform 4043 2686 8292 2.754 0.624 0.113 0.023 44 4.0
inferiorparietal 7541 5141 13274 2.299 0.501 0.128 0.024 88 7.8
inferiortemporal 4066 2796 9812 2.869 0.645 0.112 0.021 41 3.6
isthmuscingulate 1377 934 2419 2.383 0.832 0.128 0.030 18 1.4
lateraloccipital 7160 4877 11233 2.102 0.566 0.144 0.033 95 9.7
lateralorbitofrontal 4276 2998 8703 2.688 0.684 0.136 0.034 56 6.0
lingual 5120 3506 7470 1.933 0.587 0.142 0.035 68 7.3
medialorbitofrontal 2122 1418 4508 2.612 0.785 0.122 0.031 26 2.5
middletemporal 5238 3735 12267 2.842 0.597 0.128 0.026 66 5.6
parahippocampal 1211 750 2148 2.539 0.606 0.086 0.019 8 0.8
paracentral 2449 1467 3787 2.381 0.545 0.096 0.019 16 1.9
parsopercularis 2262 1487 4425 2.723 0.517 0.107 0.020 19 1.8
parsorbitalis 1097 714 2470 2.737 0.615 0.114 0.020 10 0.9
parstriangularis 2662 1816 5375 2.520 0.506 0.122 0.026 28 2.9
pericalcarine 2506 1730 2241 1.493 0.381 0.138 0.032 28 3.4
postcentral 6926 4483 9748 1.993 0.564 0.113 0.023 72 6.6
posteriorcingulate 1905 1302 3338 2.373 0.652 0.125 0.025 21 2.0
precentral 5647 3677 9732 2.456 0.491 0.109 0.021 46 4.8
precuneus 6142 4171 9744 2.226 0.506 0.124 0.026 69 6.5
rostralanteriorcingulate 1171 818 2607 2.944 0.629 0.122 0.027 15 1.4
rostralmiddlefrontal 6115 4344 11771 2.409 0.520 0.136 0.029 80 7.5
superiorfrontal 12550 8679 26501 2.732 0.564 0.128 0.027 140 14.5
superiorparietal 7071 4656 10570 2.028 0.502 0.123 0.023 78 6.8
superiortemporal 6604 4484 16361 3.110 0.686 0.118 0.023 65 6.5
supramarginal 4891 3291 8729 2.424 0.466 0.120 0.024 50 5.0
transversetemporal 590 319 980 2.530 0.340 0.109 0.028 6 0.6
insula 3223 2133 6635 3.120 0.754 0.109 0.027 25 3.4
