StructName NumVert SurfArea GrayVol ThickAvg ThickStd MeanCurv GausCurv FoldInd CurvInd
caudalanteriorcingulate 1292 910 2508 2.585 0.492 0.134 0.021 18 1.2
caudalmiddlefrontal 2199 1430 3783 2.544 0.418 0.109 0.019 17 1.8
cuneus 3185 2153 4269 1.791 0.552 0.142 0.032 39 4.2
entorhinal 395 263 1598 3.938 0.646 0.101 0.020 3 0.3
fusiform 3920 2616 8670 2.852 0.689 0.113 0.022 43 3.7
inferiorparietal 7695 5283 13634 2.306 0.521 0.128 0.025 87 8.0
inferiortemporal 4124 2802 9979 2.926 0.700 0.112 0.021 41 3.6
isthmuscingulate 1362 918 2410 2.357 0.822 0.123 0.027 17 1.3
lateraloccipital 7035 4820 11477 2.149 0.611 0.145 0.032 93 9.3
lateralorbitofrontal 4001 2878 8822 2.742 0.670 0.142 0.036 57 6.0
lingual 5291 3675 7523 1.886 0.639 0.143 0.038 71 8.6
medialorbitofrontal 1994 1402 4218 2.543 0.690 0.125 0.034 28 2.4
middletemporal 5450 3745 12726 2.878 0.688 0.124 0.024 68 5.3
parahippocampal 1192 732 2083 2.530 0.619 0.084 0.016 8 0.6
paracentral 2417 1513 3953 2.426 0.515 0.101 0.017 16 1.7
parsopercularis 2266 1485 4555 2.725 0.560 0.105 0.019 18 1.8
parsorbitalis 1136 744 2552 2.721 0.605 0.116 0.019 11 0.9
parstriangularis 2663 1827 5282 2.474 0.518 0.123 0.024 28 2.6
pericalcarine 2414 1678 2172 1.480 0.353 0.141 0.034 28 3.4
postcentral 6956 4546 9706 1.982 0.538 0.112 0.020 61 6.0
posteriorcingulate 1890 1277 3408 2.448 0.655 0.120 0.022 21 1.7
precentral 5791 3760 9891 2.479 0.481 0.108 0.019 46 4.7
precuneus 6150 4193 9982 2.266 0.530 0.124 0.024 67 6.1
rostralanteriorcingulate 1168 798 2507 2.875 0.594 0.114 0.022 11 1.1
rostralmiddlefrontal 5950 4229 11278 2.389 0.514 0.134 0.028 80 6.8
superiorfrontal 12503 8676 25583 2.621 0.559 0.128 0.025 136 13.3
superiorparietal 6860 4664 10267 2.013 0.486 0.124 0.023 74 6.5
superiortemporal 6697 4515 16842 3.145 0.723 0.118 0.022 66 6.4
supramarginal 4912 3282 8497 2.398 0.471 0.118 0.022 47 4.6
transversetemporal 573 334 953 2.415 0.375 0.108 0.024 5 0.5
insula 3250 2140 6818 3.214 0.770 0.108 0.025 24 3.3
