StructName NumVert SurfArea GrayVol ThickAvg ThickStd MeanCurv GausCurv FoldInd CurvInd
caudalanteriorcingulate 1317 898 2517 2.624 0.437 0.135 0.022 20 1.2
caudalmiddlefrontal 2239 1447 3809 2.496 0.465 0.109 0.021 18 1.8
cuneus 3220 2169 4080 1.733 0.500 0.143 0.034 38 4.5
entorhinal 481 300 1512 3.574 0.819 0.119 0.033 5 0.6
fusiform 4229 2731 8780 2.758 0.641 0.110 0.021 46 3.7
inferiorparietal 7548 5104 13496 2.351 0.530 0.127 0.026 91 8.1
inferiortemporal 4247 2795 9556 2.862 0.665 0.108 0.023 44 3.9
isthmuscingulate 1314 915 2271 2.309 0.772 0.131 0.031 19 1.5
lateraloccipital 7155 4940 11044 2.067 0.573 0.146 0.034 93 10.1
lateralorbitofrontal 4039 2802 8667 2.815 0.673 0.138 0.032 54 5.8
lingual 5114 3501 7665 2.005 0.618 0.139 0.034 64 7.2
medialorbitofrontal 2007 1433 4530 2.714 0.749 0.134 0.036 28 2.9
middletemporal 5387 3747 12565 2.866 0.636 0.125 0.024 67 5.5
parahippocampal 1324 796 2275 2.583 0.611 0.082 0.018 8 0.8
paracentral 2537 1536 3657 2.268 0.520 0.103 0.022 21 2.5
parsopercularis 2224 1463 4340 2.730 0.512 0.106 0.021 18 1.8
parsorbitalis 1092 712 2422 2.688 0.625 0.114 0.020 10 0.9
parstriangularis 2605 1809 5146 2.443 0.514 0.125 0.028 32 3.0
pericalcarine 2421 1691 2260 1.536 0.391 0.141 0.033 28 3.5
postcentral 6996 4499 9743 2.002 0.553 0.110 0.023 63 6.4
posteriorcingulate 1932 1308 3347 2.376 0.641 0.124 0.024 21 2.1
precentral 5774 3681 9838 2.480 0.512 0.109 0.021 47 5.2
precuneus 6084 4135 9463 2.187 0.535 0.123 0.024 65 6.2
rostralanteriorcingulate 1135 790 2471 2.892 0.714 0.115 0.023 11 1.2
rostralmiddlefrontal 5923 4211 11761 2.493 0.493 0.134 0.030 79 7.3
superiorfrontal 12564 8547 26136 2.739 0.529 0.126 0.027 142 13.9
superiorparietal 7290 4789 10595 2.010 0.521 0.123 0.025 74 7.5
superiortemporal 6615 4479 16404 3.133 0.686 0.119 0.023 65 6.5
supramarginal 4802 3238 8704 2.470 0.487 0.119 0.023 47 4.8
transversetemporal 579 325 933 2.431 0.309 0.109 0.029 6 0.6
insula 3222 2130 6679 3.112 0.721 0.109 0.026 24 3.2
