StructName NumVert SurfArea GrayVol ThickAvg ThickStd MeanCurv GausCurv FoldInd CurvInd
caudalanteriorcingulate 1290 895 2548 2.619 0.528 0.135 0.023 19 1.3
caudalmiddlefrontal 2121 1415 3685 2.444 0.509 0.116 0.022 18 2.0
cuneus 3350 2247 4290 1.739 0.485 0.139 0.033 38 4.6
entorhinal 391 265 1270 3.573 0.936 0.101 0.033 3 0.4
fusiform 3977 2661 8553 2.808 0.660 0.114 0.023 45 3.8
inferiorparietal 7457 5191 13377 2.324 0.496 0.129 0.026 87 8.2
inferiortemporal 4104 2816 9729 2.850 0.658 0.112 0.024 42 3.9
isthmuscingulate 1365 934 2371 2.347 0.818 0.125 0.032 18 1.4
lateraloccipital 7025 4807 11085 2.107 0.586 0.145 0.034 93 9.9
lateralorbitofrontal 4209 2994 8534 2.646 0.737 0.143 0.039 58 6.9
lingual 5271 3635 7661 1.956 0.621 0.142 0.036 69 7.7
medialorbitofrontal 2027 1375 4452 2.631 0.796 0.128 0.034 24 2.8
middletemporal 5293 3703 12116 2.803 0.615 0.124 0.023 63 5.1
parahippocampal 1190 711 2184 2.646 0.614 0.076 0.014 6 0.6
paracentral 2410 1489 3619 2.289 0.537 0.105 0.022 21 2.0
parsopercularis 2241 1488 4544 2.754 0.553 0.104 0.019 16 1.7
parsorbitalis 1108 774 2637 2.637 0.651 0.124 0.023 11 1.1
parstriangularis 2504 1786 5178 2.439 0.561 0.132 0.030 29 3.3
pericalcarine 2507 1747 2264 1.488 0.379 0.140 0.033 28 3.6
postcentral 6685 4438 9668 2.002 0.553 0.118 0.026 66 7.4
posteriorcingulate 1902 1294 3400 2.406 0.745 0.122 0.023 21 1.8
precentral 5601 3708 9885 2.439 0.546 0.110 0.023 45 5.3
precuneus 6062 4171 9803 2.225 0.541 0.124 0.026 66 6.5
rostralanteriorcingulate 1139 812 2518 2.864 0.723 0.123 0.028 12 1.5
rostralmiddlefrontal 5653 4146 11846 2.447 0.577 0.143 0.034 82 8.2
superiorfrontal 12075 8643 26332 2.705 0.608 0.134 0.031 137 16.2
superiorparietal 6995 4747 10552 2.005 0.498 0.125 0.026 76 7.5
superiortemporal 6627 4533 16562 3.102 0.703 0.121 0.024 72 6.7
supramarginal 4749 3280 8781 2.441 0.522 0.124 0.028 50 5.7
transversetemporal 552 322 1007 2.563 0.355 0.118 0.027 6 0.5
insula 3254 2177 6639 3.108 0.764 0.110 0.026 24 3.3
