StructName NumVert SurfArea GrayVol ThickAvg ThickStd MeanCurv GausCurv FoldInd CurvInd
caudalanteriorcingulate 1341 912 2592 2.594 0.490 0.130 0.020 18 1.2
caudalmiddlefrontal 2119 1434 3740 2.539 0.399 0.116 0.021 18 1.9
cuneus 3234 2205 4552 1.833 0.581 0.146 0.032 40 4.4
entorhinal 409 267 1591 3.724 0.776 0.096 0.024 3 0.4
fusiform 3942 2628 8910 2.865 0.696 0.116 0.023 43 3.9
inferiorparietal 7636 5295 14230 2.401 0.514 0.132 0.026 91 8.2
inferiortemporal 4197 2901 10625 2.924 0.709 0.114 0.022 44 3.7
isthmuscingulate 1364 909 2371 2.387 0.790 0.129 0.030 20 1.4
lateraloccipital 7028 4856 11772 2.190 0.618 0.148 0.033 93 9.8
lateralorbitofrontal 4088 2939 8924 2.699 0.683 0.141 0.034 62 6.0
lingual 5157 3695 7758 1.941 0.672 0.148 0.037 69 7.9
medialorbitofrontal 1951 1395 4205 2.576 0.712 0.128 0.030 28 2.4
middletemporal 5428 3794 13622 2.948 0.676 0.128 0.024 71 5.4
parahippocampal 1199 737 2073 2.451 0.548 0.083 0.016 7 0.6
paracentral 2404 1508 4067 2.476 0.545 0.103 0.017 16 1.7
parsopercularis 2275 1489 4615 2.786 0.531 0.107 0.022 18 2.0
parsorbitalis 1054 684 2465 2.798 0.657 0.116 0.019 10 0.9
parstriangularis 2764 1876 5633 2.546 0.538 0.123 0.024 29 2.7
pericalcarine 2468 1704 2133 1.469 0.379 0.137 0.032 27 3.3
postcentral 7021 4612 10306 2.059 0.576 0.115 0.021 67 6.5
posteriorcingulate 1945 1332 3411 2.401 0.618 0.124 0.024 22 2.0
precentral 5797 3763 10034 2.499 0.477 0.109 0.021 47 5.0
precuneus 6162 4194 10241 2.320 0.514 0.124 0.025 67 6.4
rostralanteriorcingulate 1173 797 2566 2.974 0.664 0.115 0.025 13 1.1
rostralmiddlefrontal 5997 4308 11498 2.420 0.453 0.138 0.029 81 7.0
superiorfrontal 12293 8711 25860 2.670 0.528 0.133 0.027 145 14.8
superiorparietal 6972 4724 10703 2.076 0.480 0.125 0.024 74 6.7
superiortemporal 6669 4452 16770 3.187 0.688 0.116 0.022 63 6.3
supramarginal 4875 3302 8892 2.488 0.464 0.120 0.023 48 4.7
transversetemporal 600 338 1066 2.629 0.335 0.107 0.024 6 0.5
insula 3249 2132 6845 3.233 0.719 0.106 0.023 23 3.0
