StructName NumVert SurfArea GrayVol ThickAvg ThickStd MeanCurv GausCurv FoldInd CurvInd
caudalanteriorcingulate 1336 927 2555 2.486 0.565 0.132 0.020 19 1.2
caudalmiddlefrontal 2234 1461 3948 2.542 0.486 0.111 0.021 18 2.0
cuneus 3222 2197 4475 1.796 0.587 0.146 0.031 40 4.2
entorhinal 442 289 1472 3.528 0.756 0.116 0.034 4 0.5
fusiform 4044 2689 8726 2.809 0.721 0.114 0.024 41 3.9
inferiorparietal 7576 5230 13761 2.351 0.528 0.129 0.025 87 7.7
inferiortemporal 4216 2863 10092 2.907 0.695 0.112 0.022 41 3.8
isthmuscingulate 1360 958 2389 2.302 0.776 0.130 0.028 18 1.3
lateraloccipital 7089 4908 11516 2.113 0.632 0.147 0.032 96 9.6
lateralorbitofrontal 3960 2893 8794 2.797 0.698 0.145 0.035 62 6.0
lingual 5061 3550 7521 1.926 0.658 0.147 0.036 68 7.6
medialorbitofrontal 2050 1448 4368 2.597 0.694 0.130 0.030 29 2.7
middletemporal 5362 3782 12863 2.864 0.693 0.128 0.024 66 5.4
parahippocampal 1364 858 2103 2.293 0.682 0.110 0.035 17 1.8
paracentral 2470 1490 4010 2.454 0.574 0.098 0.017 15 1.8
parsopercularis 2297 1501 4744 2.807 0.571 0.104 0.019 20 1.8
parsorbitalis 1101 730 2498 2.745 0.603 0.115 0.019 10 0.9
parstriangularis 2678 1796 5574 2.572 0.577 0.120 0.023 27 2.5
pericalcarine 2381 1647 2105 1.488 0.370 0.139 0.031 28 3.1
postcentral 6960 4517 10016 2.032 0.580 0.111 0.020 62 6.1
posteriorcingulate 1881 1282 3330 2.409 0.611 0.121 0.023 20 1.7
precentral 5842 3744 10033 2.501 0.506 0.107 0.020 46 5.0
precuneus 6147 4185 9855 2.240 0.542 0.124 0.025 64 6.5
rostralanteriorcingulate 1115 780 2444 2.873 0.634 0.124 0.024 13 1.1
rostralmiddlefrontal 6250 4390 11907 2.455 0.503 0.133 0.027 75 6.9
superiorfrontal 12622 8728 26412 2.707 0.526 0.128 0.026 136 13.7
superiorparietal 6933 4697 10335 2.017 0.505 0.124 0.022 72 6.5
superiortemporal 6636 4485 16706 3.135 0.757 0.118 0.022 65 6.1
supramarginal 4877 3255 8797 2.435 0.511 0.117 0.022 46 4.5
transversetemporal 571 334 948 2.483 0.360 0.108 0.025 5 0.5
insula 3213 2101 6706 3.217 0.694 0.107 0.026 24 3.1
