StructName NumVert SurfArea GrayVol ThickAvg ThickStd MeanCurv GausCurv FoldInd CurvInd
caudalanteriorcingulate 1357 932 2648 2.638 0.482 0.131 0.021 19 1.3
caudalmiddlefrontal 2212 1460 3868 2.505 0.437 0.115 0.022 19 2.1
cuneus 3157 2137 4059 1.743 0.491 0.141 0.032 37 4.3
entorhinal 357 226 1319 4.061 0.744 0.089 0.026 2 0.2
fusiform 4013 2673 8643 2.833 0.626 0.111 0.023 44 3.9
inferiorparietal 7509 5206 13539 2.355 0.476 0.130 0.025 92 8.0
inferiortemporal 4143 2850 10011 2.871 0.673 0.113 0.023 44 4.1
isthmuscingulate 1396 937 2480 2.381 0.828 0.125 0.029 19 1.4
lateraloccipital 6937 4736 10906 2.121 0.549 0.145 0.033 93 9.5
lateralorbitofrontal 4187 2965 8866 2.753 0.673 0.139 0.034 57 5.8
lingual 5286 3624 7921 1.983 0.625 0.144 0.037 72 7.9
medialorbitofrontal 2055 1437 4460 2.622 0.771 0.131 0.037 27 2.9
middletemporal 5225 3730 12443 2.862 0.607 0.129 0.025 67 5.5
parahippocampal 1223 769 2270 2.605 0.583 0.088 0.018 8 0.8
paracentral 2523 1522 3924 2.402 0.516 0.099 0.018 16 1.9
parsopercularis 2323 1533 4601 2.748 0.494 0.105 0.020 19 1.8
parsorbitalis 1036 690 2377 2.736 0.595 0.116 0.021 9 0.9
parstriangularis 2693 1861 5492 2.543 0.478 0.124 0.026 28 3.0
pericalcarine 2491 1712 2291 1.542 0.385 0.135 0.032 26 3.4
postcentral 6942 4481 9762 2.023 0.550 0.112 0.022 62 6.3
posteriorcingulate 1928 1311 3350 2.369 0.684 0.121 0.023 21 1.8
precentral 5851 3737 9912 2.480 0.451 0.107 0.020 47 4.8
precuneus 6039 4041 9792 2.282 0.531 0.121 0.024 66 5.9
rostralanteriorcingulate 1176 823 2564 2.935 0.649 0.123 0.028 13 1.4
rostralmiddlefrontal 6159 4360 11989 2.470 0.491 0.134 0.028 82 7.2
superiorfrontal 12633 8653 27009 2.784 0.553 0.127 0.026 137 14.0
superiorparietal 7137 4683 10773 2.068 0.488 0.122 0.024 76 6.9
superiortemporal 6582 4446 16366 3.138 0.703 0.118 0.023 64 6.5
supramarginal 4903 3300 8914 2.473 0.462 0.121 0.023 49 4.8
transversetemporal 570 311 972 2.548 0.354 0.107 0.026 6 0.4
insula 3269 2168 6728 3.156 0.685 0.112 0.026 26 3.3
