StructName NumVert SurfArea GrayVol ThickAvg ThickStd MeanCurv GausCurv FoldInd CurvInd
caudalanteriorcingulate 1348 922 2648 2.636 0.551 0.128 0.017 20 1.1
caudalmiddlefrontal 2163 1446 3828 2.517 0.419 0.112 0.021 18 1.8
cuneus 3317 2209 4225 1.748 0.501 0.138 0.031 39 4.3
entorhinal 402 261 1582 3.862 0.769 0.105 0.029 4 0.3
fusiform 4143 2760 9079 2.886 0.611 0.108 0.021 47 3.5
inferiorparietal 7413 5175 13214 2.307 0.451 0.132 0.026 94 8.1
inferiortemporal 4141 2809 9652 2.898 0.635 0.111 0.022 42 3.7
isthmuscingulate 1351 915 2393 2.354 0.859 0.124 0.029 18 1.4
lateraloccipital 7162 4888 11208 2.095 0.569 0.145 0.033 99 9.8
lateralorbitofrontal 4360 3064 9178 2.847 0.664 0.136 0.031 63 5.6
lingual 5280 3653 7383 1.882 0.635 0.144 0.037 72 8.2
medialorbitofrontal 2202 1459 4372 2.575 0.756 0.120 0.027 27 2.3
middletemporal 5280 3741 12472 2.865 0.621 0.127 0.025 73 6.0
parahippocampal 1239 762 2376 2.731 0.628 0.083 0.016 8 0.7
paracentral 2498 1501 3895 2.461 0.530 0.096 0.016 16 1.7
parsopercularis 2239 1483 4529 2.806 0.507 0.108 0.020 19 1.8
parsorbitalis 1068 699 2468 2.790 0.570 0.111 0.020 10 0.9
parstriangularis 2626 1829 5421 2.576 0.487 0.125 0.025 28 2.9
pericalcarine 2500 1736 2158 1.449 0.363 0.140 0.033 27 3.5
postcentral 6848 4421 9613 2.013 0.548 0.111 0.021 66 6.1
posteriorcingulate 1950 1313 3527 2.474 0.708 0.116 0.020 20 1.7
precentral 5705 3677 9874 2.507 0.494 0.105 0.019 45 4.4
precuneus 6099 4168 9979 2.305 0.561 0.123 0.024 68 6.1
rostralanteriorcingulate 1214 828 2613 2.989 0.630 0.115 0.020 11 1.1
rostralmiddlefrontal 6273 4410 12069 2.504 0.445 0.133 0.027 85 7.2
superiorfrontal 12761 8771 26677 2.750 0.503 0.126 0.024 143 13.2
superiorparietal 7008 4665 10528 2.042 0.485 0.123 0.022 76 6.6
superiortemporal 6662 4487 17061 3.224 0.689 0.116 0.021 67 6.1
supramarginal 4733 3232 8526 2.424 0.483 0.118 0.022 46 4.6
transversetemporal 545 328 955 2.488 0.349 0.125 0.032 6 0.7
insula 3210 2132 6756 3.263 0.714 0.107 0.025 25 3.1
