StructName NumVert SurfArea GrayVol ThickAvg ThickStd MeanCurv GausCurv FoldInd CurvInd
caudalanteriorcingulate 1362 938 2579 2.562 0.499 0.134 0.021 20 1.3
caudalmiddlefrontal 2221 1431 3805 2.535 0.424 0.111 0.021 19 2.0
cuneus 3288 2186 4284 1.768 0.515 0.140 0.032 39 4.3
entorhinal 446 280 1610 3.849 0.728 0.116 0.038 4 0.6
fusiform 4083 2741 8613 2.747 0.620 0.114 0.023 45 3.9
inferiorparietal 7583 5160 13496 2.327 0.502 0.129 0.025 96 7.9
inferiortemporal 4201 2783 9805 2.884 0.691 0.108 0.021 40 3.5
isthmuscingulate 1340 911 2341 2.335 0.797 0.128 0.031 19 1.4
lateraloccipital 7193 4889 11230 2.109 0.593 0.145 0.033 94 9.9
lateralorbitofrontal 4155 2970 8686 2.719 0.639 0.142 0.034 59 6.3
lingual 5165 3558 7666 1.968 0.606 0.142 0.034 69 7.3
medialorbitofrontal 2099 1471 4290 2.532 0.702 0.133 0.033 28 3.0
middletemporal 5441 3780 12621 2.841 0.651 0.127 0.025 70 5.8
parahippocampal 1257 764 2289 2.648 0.611 0.085 0.019 13 0.7
paracentral 2430 1506 3635 2.270 0.535 0.103 0.020 17 1.9
parsopercularis 2230 1462 4435 2.768 0.483 0.108 0.019 19 1.7
parsorbitalis 1045 697 2383 2.713 0.551 0.117 0.022 10 1.0
parstriangularis 2715 1904 5400 2.467 0.461 0.126 0.025 30 3.0
pericalcarine 2520 1715 2235 1.512 0.383 0.136 0.032 29 3.5
postcentral 7169 4576 9898 1.977 0.570 0.109 0.021 63 6.4
posteriorcingulate 1988 1323 3377 2.371 0.649 0.118 0.023 22 1.9
precentral 5872 3712 9875 2.475 0.479 0.106 0.020 47 5.0
precuneus 6098 4147 9562 2.200 0.511 0.123 0.024 68 6.0
rostralanteriorcingulate 1178 840 2488 2.821 0.622 0.128 0.029 16 1.5
rostralmiddlefrontal 6027 4347 11992 2.494 0.452 0.137 0.029 82 7.5
superiorfrontal 12856 8770 26811 2.748 0.536 0.127 0.026 148 14.6
superiorparietal 7410 4725 10839 2.047 0.514 0.119 0.025 76 7.3
superiortemporal 6646 4473 16558 3.141 0.749 0.119 0.023 67 6.5
supramarginal 4697 3199 8422 2.423 0.490 0.121 0.023 49 4.7
transversetemporal 574 323 930 2.421 0.356 0.112 0.029 6 0.6
insula 3263 2191 6674 3.090 0.688 0.112 0.028 26 3.4
