StructName NumVert SurfArea GrayVol ThickAvg ThickStd MeanCurv GausCurv FoldInd CurvInd
caudalanteriorcingulate 1331 905 2528 2.504 0.517 0.134 0.024 21 1.4
caudalmiddlefrontal 2239 1483 3789 2.445 0.454 0.115 0.022 19 2.0
cuneus 3257 2157 4007 1.704 0.482 0.138 0.033 37 4.4
entorhinal 382 243 1326 3.755 0.718 0.092 0.021 2 0.2
fusiform 3995 2691 8547 2.809 0.670 0.115 0.024 44 3.9
inferiorparietal 7488 5126 12969 2.291 0.482 0.129 0.024 91 7.7
inferiortemporal 4177 2840 9845 2.873 0.654 0.113 0.022 41 3.9
isthmuscingulate 1391 935 2310 2.301 0.758 0.128 0.033 21 1.6
lateraloccipital 7228 4847 10896 2.067 0.579 0.144 0.032 96 9.8
lateralorbitofrontal 4244 2974 8687 2.741 0.722 0.140 0.039 60 6.7
lingual 5155 3585 7482 1.915 0.610 0.146 0.037 71 7.9
medialorbitofrontal 2192 1486 4447 2.504 0.765 0.141 0.044 35 4.2
middletemporal 5378 3752 12361 2.852 0.660 0.126 0.026 68 5.8
parahippocampal 1194 708 2086 2.593 0.588 0.080 0.018 8 0.7
paracentral 2491 1493 3645 2.313 0.520 0.096 0.019 17 1.9
parsopercularis 2257 1473 4517 2.757 0.543 0.105 0.019 17 1.8
parsorbitalis 1117 730 2455 2.702 0.583 0.114 0.021 10 0.9
parstriangularis 2643 1804 5387 2.561 0.522 0.122 0.026 27 2.8
pericalcarine 2506 1715 2225 1.492 0.394 0.139 0.033 28 3.6
postcentral 7004 4431 9387 1.964 0.563 0.110 0.023 64 6.7
posteriorcingulate 1861 1280 3419 2.460 0.602 0.123 0.025 20 2.0
precentral 5815 3653 9631 2.451 0.512 0.105 0.020 46 4.7
precuneus 6002 4032 9493 2.237 0.526 0.122 0.025 65 6.1
rostralanteriorcingulate 1197 851 2578 2.843 0.670 0.124 0.025 15 1.4
rostralmiddlefrontal 5976 4218 11840 2.523 0.507 0.134 0.029 73 7.0
superiorfrontal 12745 8723 26588 2.739 0.560 0.127 0.028 143 14.9
superiorparietal 6869 4563 10047 1.997 0.509 0.122 0.023 70 6.5
superiortemporal 6771 4537 17037 3.173 0.704 0.118 0.023 65 6.6
supramarginal 4964 3343 8966 2.457 0.494 0.122 0.024 50 5.3
transversetemporal 555 328 968 2.481 0.368 0.114 0.026 6 0.5
insula 3161 2095 6695 3.213 0.748 0.106 0.024 22 3.0
