StructName NumVert SurfArea GrayVol ThickAvg ThickStd MeanCurv GausCurv FoldInd CurvInd
caudalanteriorcingulate 1378 999 2702 2.483 0.546 0.134 0.027 20 1.5
caudalmiddlefrontal 2221 1494 4035 2.444 0.560 0.114 0.025 18 2.2
cuneus 3016 2170 4173 1.792 0.497 0.146 0.034 40 4.1
entorhinal 403 299 1803 3.895 0.788 0.133 0.037 5 0.6
fusiform 4061 2752 9294 2.859 0.679 0.113 0.025 46 4.3
inferiorparietal 7629 5315 14781 2.325 0.617 0.127 0.026 101 8.3
inferiortemporal 4101 2871 10571 2.835 0.772 0.115 0.023 44 4.0
isthmuscingulate 1399 978 2537 2.352 0.824 0.120 0.031 18 1.3
lateraloccipital 6956 4808 12114 2.166 0.644 0.141 0.032 99 8.8
lateralorbitofrontal 4442 3200 9528 2.561 0.812 0.139 0.037 58 6.3
lingual 4765 3498 7944 2.085 0.660 0.145 0.038 67 7.1
medialorbitofrontal 2148 1529 4488 2.470 0.784 0.127 0.035 26 2.7
middletemporal 5427 3881 12243 2.617 0.729 0.130 0.031 80 7.1
parahippocampal 1193 733 2294 2.708 0.713 0.083 0.017 8 0.7
paracentral 2447 1639 4071 2.357 0.541 0.110 0.030 20 2.7
parsopercularis 2388 1592 4868 2.659 0.561 0.106 0.021 20 2.0
parsorbitalis 1085 699 2573 2.772 0.667 0.112 0.023 10 1.0
parstriangularis 2616 1845 5540 2.425 0.653 0.126 0.028 30 3.0
pericalcarine 2213 1574 2492 1.781 0.494 0.126 0.030 22 2.7
postcentral 7087 4742 10701 2.022 0.594 0.116 0.029 71 7.8
posteriorcingulate 2040 1383 3733 2.410 0.710 0.119 0.025 21 2.0
precentral 5742 3796 10373 2.472 0.532 0.108 0.023 45 5.5
precuneus 5926 4182 10432 2.289 0.566 0.124 0.028 74 6.5
rostralanteriorcingulate 1178 855 2494 2.623 0.655 0.129 0.034 14 1.5
rostralmiddlefrontal 6161 4470 12177 2.227 0.702 0.134 0.030 86 7.3
superiorfrontal 13213 9185 27464 2.567 0.617 0.128 0.029 156 15.0
superiorparietal 6846 4741 10549 1.979 0.462 0.125 0.025 78 6.7
superiortemporal 6989 4866 18330 2.965 0.790 0.123 0.031 79 8.7
supramarginal 4819 3321 8998 2.414 0.515 0.119 0.026 52 5.2
transversetemporal 544 352 1058 2.533 0.311 0.131 0.029 7 0.5
insula 3173 2152 6638 3.068 0.791 0.108 0.027 23 3.2
