StructName NumVert SurfArea GrayVol ThickAvg ThickStd MeanCurv GausCurv FoldInd CurvInd
G_and_S_frontomargin 923 679 1656 2.248 0.745 0.127 0.028 11 1.0
G_and_S_occipital_inf 1590 1052 3625 2.457 0.803 0.109 0.020 13 1.3
G_and_S_paracentral 1748 958 2770 2.421 0.514 0.085 0.017 10 1.1
G_and_S_subcentral 1623 1074 3065 2.441 0.556 0.113 0.021 14 1.5
G_and_S_transv_frontopol 664 511 1749 2.579 0.577 0.160 0.045 11 1.3
G_and_S_cingul-Ant 2317 1602 4733 2.710 0.493 0.103 0.020 20 2.0
G_and_S_cingul-Mid-Ant 1423 924 2348 2.498 0.458 0.089 0.013 8 0.8
G_and_S_cingul-Mid-Post 1633 1100 3131 2.697 0.442 0.113 0.022 13 1.6
G_cingul-Post-dorsal 557 383 1477 2.976 0.705 0.140 0.026 8 0.6
G_cingul-Post-ventral 297 193 569 2.286 0.883 0.112 0.043 4 0.4
G_cuneus 2204 1282 2823 1.918 0.477 0.117 0.026 24 2.5
G_front_inf-Opercular 1226 825 2966 2.907 0.474 0.122 0.027 13 1.3
G_front_inf-Orbital 438 282 1125 2.810 0.458 0.115 0.023 4 0.4
G_front_inf-Triangul 1296 892 3204 2.809 0.480 0.131 0.028 15 1.6
G_front_middle 3750 2730 9823 2.665 0.534 0.137 0.031 50 5.1
G_front_sup 7613 4931 17670 2.896 0.561 0.113 0.023 68 7.2
G_Ins_lg_and_S_cent_ins 697 500 1461 2.850 1.018 0.133 0.039 10 1.1
G_insular_short 746 484 2442 3.867 0.682 0.114 0.033 7 1.0
G_occipital_middle 2754 1660 5130 2.406 0.639 0.119 0.025 32 2.9
G_occipital_sup 1576 947 2248 2.106 0.580 0.117 0.023 15 1.5
G_oc-temp_lat-fusifor 1531 1031 4194 3.029 0.523 0.130 0.026 21 1.8
G_oc-temp_med-Lingual 2908 1805 4313 2.013 0.599 0.122 0.030 31 3.9
G_oc-temp_med-Parahip 1685 1093 4451 3.077 0.861 0.099 0.029 19 1.8
G_orbital 2157 1434 5173 2.804 0.679 0.123 0.035 28 2.7
G_pariet_inf-Angular 2814 1883 6473 2.637 0.485 0.130 0.026 41 2.9
G_pariet_inf-Supramar 2644 1812 6000 2.700 0.438 0.123 0.026 33 2.7
G_parietal_sup 3304 2138 6335 2.350 0.476 0.115 0.019 37 2.8
G_postcentral 2635 1560 4302 2.273 0.610 0.100 0.023 22 2.3
G_precentral 3128 1748 6733 2.935 0.440 0.093 0.018 22 2.2
G_precuneus 2355 1519 4969 2.571 0.557 0.123 0.023 32 2.2
G_rectus 974 708 2456 2.555 0.697 0.156 0.058 23 2.6
G_subcallosal 787 521 1248 2.549 0.833 0.148 0.075 39 2.9
G_temp_sup-G_T_transv 585 349 1049 2.480 0.414 0.122 0.027 7 0.6
G_temp_sup-Lateral 2167 1454 6161 3.068 0.476 0.123 0.024 25 2.2
G_temp_sup-Plan_polar 750 496 1994 3.511 0.742 0.081 0.015 3 0.4
G_temp_sup-Plan_tempo 1080 722 2071 2.638 0.513 0.092 0.018 7 0.7
G_temporal_inf 2534 1700 7346 3.054 0.643 0.127 0.027 35 2.9
G_temporal_middle 2670 1840 7634 3.078 0.573 0.133 0.025 38 2.7
Lat_Fis-ant-Horizont 297 205 359 2.106 0.338 0.096 0.011 2 0.1
Lat_Fis-ant-Vertical 179 126 328 2.722 0.351 0.099 0.012 1 0.1
Lat_Fis-post 1099 766 1471 2.323 0.512 0.118 0.024 7 1.1
Pole_occipital 2017 1233 2787 1.952 0.625 0.126 0.031 20 2.7
Pole_temporal 1634 1240 6261 3.484 0.757 0.141 0.034 23 2.2
S_calcarine 2335 1629 2607 1.782 0.590 0.125 0.025 21 2.5
S_central 3625 2399 4423 2.066 0.734 0.092 0.017 16 2.7
S_cingul-Marginalis 1139 742 1469 2.258 0.519 0.083 0.011 5 0.6
S_circular_insula_ant 533 356 802 2.826 0.731 0.092 0.016 2 0.4
S_circular_insula_inf 1489 986 2210 2.699 0.687 0.089 0.019 8 1.3
S_circular_insula_sup 1649 1082 2216 2.546 0.490 0.093 0.015 6 1.1
S_collat_transv_ant 1061 712 1623 2.532 0.426 0.108 0.019 9 0.8
S_collat_transv_post 578 383 583 1.941 0.447 0.122 0.026 4 0.6
S_front_inf 1868 1269 2670 2.271 0.474 0.102 0.020 11 1.5
S_front_middle 1091 746 1771 2.557 0.684 0.114 0.029 9 1.2
S_front_sup 2797 1873 4595 2.522 0.497 0.094 0.016 15 1.8
S_interm_prim-Jensen 794 544 955 2.184 0.373 0.099 0.018 4 0.7
S_intrapariet_and_P_trans 3466 2321 4451 2.209 0.470 0.108 0.019 24 2.8
S_oc_middle_and_Lunatus 1304 854 1441 1.861 0.463 0.124 0.023 13 1.3
S_oc_sup_and_transversal 1294 831 1701 2.136 0.403 0.105 0.020 8 1.1
S_occipital_ant 796 536 1039 2.321 0.312 0.114 0.022 5 0.7
S_oc-temp_lat 979 636 1303 2.455 0.335 0.083 0.012 4 0.5
S_oc-temp_med_and_Lingual 2162 1508 3612 2.598 0.545 0.115 0.020 17 1.7
S_orbital_lateral 435 302 554 1.982 0.477 0.132 0.024 4 0.5
S_orbital_med-olfact 733 515 1079 2.668 0.555 0.132 0.027 6 0.8
S_orbital-H_Shaped 1265 849 2224 2.901 0.668 0.113 0.021 8 1.2
S_parieto_occipital 2528 1643 3211 2.185 0.626 0.106 0.019 16 2.0
S_pericallosal 1956 1252 1743 1.724 0.726 0.113 0.019 24 1.4
S_postcentral 2842 1934 4040 2.234 0.541 0.108 0.019 20 2.4
S_precentral-inf-part 1571 1081 2721 2.488 0.446 0.114 0.023 13 1.5
S_precentral-sup-part 1415 954 1841 2.412 0.472 0.100 0.016 7 1.1
S_suborbital 731 510 949 2.274 0.552 0.111 0.013 4 0.5
S_subparietal 802 562 1222 2.496 0.480 0.111 0.021 5 0.8
S_temporal_inf 1918 1316 2982 2.536 0.558 0.110 0.018 14 1.6
S_temporal_sup 5664 3781 8687 2.484 0.487 0.093 0.015 31 3.6
S_temporal_transverse 255 179 303 2.069 0.509 0.150 0.026 3 0.3
