StructName NumVert SurfArea GrayVol ThickAvg ThickStd MeanCurv GausCurv FoldInd CurvInd
G_and_S_frontomargin 1049 769 1872 2.194 0.659 0.127 0.022 11 1.0
G_and_S_occipital_inf 1775 1139 3838 2.453 0.749 0.116 0.021 16 1.5
G_and_S_paracentral 1669 930 2686 2.438 0.568 0.085 0.017 10 1.1
G_and_S_subcentral 1724 1080 3075 2.482 0.593 0.106 0.019 13 1.4
G_and_S_transv_frontopol 720 497 1683 2.678 0.448 0.149 0.031 11 1.0
G_and_S_cingul-Ant 2367 1641 4772 2.719 0.467 0.110 0.021 20 2.0
G_and_S_cingul-Mid-Ant 1587 1027 2747 2.630 0.484 0.093 0.014 9 1.0
G_and_S_cingul-Mid-Post 1645 1101 3013 2.540 0.518 0.114 0.022 13 1.6
G_cingul-Post-dorsal 559 385 1630 3.084 0.759 0.129 0.027 6 0.5
G_cingul-Post-ventral 292 190 631 2.502 0.979 0.113 0.032 4 0.3
G_cuneus 2131 1348 2818 1.807 0.498 0.127 0.025 23 2.4
G_front_inf-Opercular 1262 817 2887 2.898 0.454 0.118 0.028 12 1.5
G_front_inf-Orbital 466 287 1140 2.839 0.385 0.110 0.022 5 0.5
G_front_inf-Triangul 1264 807 3220 2.958 0.486 0.121 0.022 14 1.1
G_front_middle 4206 2807 10013 2.710 0.524 0.127 0.024 53 4.2
G_front_sup 8097 5073 18936 3.023 0.536 0.111 0.022 68 7.2
G_Ins_lg_and_S_cent_ins 744 514 1428 2.766 0.810 0.146 0.046 11 1.2
G_insular_short 735 484 2421 3.805 0.687 0.126 0.037 7 1.2
G_occipital_middle 2635 1697 5130 2.368 0.615 0.133 0.027 33 2.9
G_occipital_sup 1495 966 2356 2.141 0.590 0.127 0.023 15 1.5
G_oc-temp_lat-fusifor 1584 1051 4277 3.009 0.524 0.130 0.031 25 1.7
G_oc-temp_med-Lingual 2782 1847 4228 1.938 0.678 0.135 0.032 34 3.8
G_oc-temp_med-Parahip 1673 1078 4503 3.159 0.784 0.098 0.026 13 1.4
G_orbital 2127 1487 5770 2.961 0.585 0.127 0.030 26 2.5
G_pariet_inf-Angular 2671 1820 6099 2.579 0.531 0.130 0.025 36 2.6
G_pariet_inf-Supramar 3135 2114 6772 2.627 0.500 0.123 0.024 37 3.0
G_parietal_sup 3398 2307 6724 2.327 0.511 0.120 0.020 39 2.9
G_postcentral 2557 1536 4170 2.200 0.607 0.102 0.021 21 2.1
G_precentral 3384 1818 7269 3.033 0.443 0.089 0.018 23 2.2
G_precuneus 2380 1573 5078 2.525 0.634 0.127 0.024 32 2.3
G_rectus 934 737 2693 2.751 0.596 0.156 0.041 17 1.8
G_subcallosal 779 503 1367 2.645 0.842 0.106 0.038 8 1.0
G_temp_sup-G_T_transv 648 382 989 2.259 0.503 0.122 0.025 7 0.6
G_temp_sup-Lateral 2342 1444 6705 3.258 0.566 0.114 0.023 24 2.2
G_temp_sup-Plan_polar 724 485 1981 3.560 0.700 0.083 0.017 3 0.5
G_temp_sup-Plan_tempo 1131 733 2104 2.603 0.544 0.093 0.017 8 0.7
G_temporal_inf 2794 1932 8026 3.059 0.718 0.132 0.027 40 3.4
G_temporal_middle 2942 1859 8230 3.140 0.653 0.124 0.024 36 2.8
Lat_Fis-ant-Horizont 355 228 407 2.013 0.383 0.083 0.010 2 0.1
Lat_Fis-ant-Vertical 241 165 456 2.987 0.475 0.118 0.017 2 0.2
Lat_Fis-post 1171 778 1400 2.210 0.442 0.114 0.022 7 1.1
Pole_occipital 1966 1287 3047 2.016 0.628 0.135 0.033 21 2.8
Pole_temporal 1704 1243 6018 3.497 0.680 0.138 0.031 20 2.2
S_calcarine 2378 1626 2579 1.768 0.596 0.127 0.024 22 2.4
S_central 3771 2476 4400 2.028 0.726 0.097 0.018 18 3.1
S_cingul-Marginalis 1125 725 1392 2.136 0.456 0.083 0.011 5 0.6
S_circular_insula_ant 523 354 801 2.843 0.525 0.091 0.018 1 0.5
S_circular_insula_inf 1493 981 2211 2.760 0.681 0.086 0.016 6 1.0
S_circular_insula_sup 1784 1144 2424 2.612 0.524 0.090 0.014 6 1.1
S_collat_transv_ant 1098 733 1786 2.708 0.459 0.100 0.015 7 0.7
S_collat_transv_post 615 399 667 2.067 0.382 0.109 0.022 4 0.6
S_front_inf 2002 1326 2856 2.323 0.441 0.106 0.019 13 1.5
S_front_middle 1241 876 1654 2.117 0.404 0.117 0.024 11 1.2
S_front_sup 3087 2034 5135 2.618 0.397 0.096 0.016 17 2.1
S_interm_prim-Jensen 795 501 855 2.152 0.317 0.089 0.011 3 0.4
S_intrapariet_and_P_trans 3606 2353 4588 2.220 0.415 0.104 0.017 24 2.7
S_oc_middle_and_Lunatus 1256 835 1452 1.871 0.395 0.127 0.023 13 1.2
S_oc_sup_and_transversal 1221 777 1480 2.058 0.445 0.106 0.020 8 0.9
S_occipital_ant 730 478 873 2.144 0.336 0.115 0.023 5 0.7
S_oc-temp_lat 1077 708 1452 2.459 0.359 0.086 0.014 4 0.7
S_oc-temp_med_and_Lingual 2262 1532 3562 2.441 0.580 0.118 0.023 18 2.1
S_orbital_lateral 401 266 491 2.215 0.392 0.132 0.025 3 0.5
S_orbital_med-olfact 711 483 1011 2.517 0.540 0.106 0.019 4 0.5
S_orbital-H_Shaped 1361 909 2545 3.043 0.504 0.117 0.023 10 1.4
S_parieto_occipital 2667 1688 3282 2.174 0.619 0.104 0.018 16 2.1
S_pericallosal 1844 1162 1648 1.671 0.544 0.113 0.019 24 1.5
S_postcentral 2960 1981 4010 2.185 0.540 0.105 0.018 20 2.4
S_precentral-inf-part 1803 1198 3044 2.545 0.390 0.108 0.020 13 1.5
S_precentral-sup-part 1596 1039 2099 2.514 0.438 0.098 0.017 8 1.2
S_suborbital 752 505 897 2.163 0.390 0.109 0.013 5 0.4
S_subparietal 824 580 1206 2.355 0.424 0.114 0.023 5 0.8
S_temporal_inf 1751 1170 2688 2.525 0.605 0.103 0.017 11 1.2
S_temporal_sup 6105 3982 9051 2.411 0.513 0.093 0.014 33 3.7
S_temporal_transverse 257 189 325 2.163 0.534 0.151 0.017 3 0.2
