StructName NumVert SurfArea GrayVol ThickAvg ThickStd MeanCurv GausCurv FoldInd CurvInd
G_and_S_frontomargin 987 751 1796 2.056 0.701 0.135 0.033 13 1.6
G_and_S_occipital_inf 1557 990 3342 2.502 0.668 0.112 0.022 15 1.4
G_and_S_paracentral 1724 1068 2840 2.266 0.559 0.108 0.034 15 2.0
G_and_S_subcentral 1867 1230 3279 2.298 0.625 0.120 0.030 18 2.5
G_and_S_transv_frontopol 675 483 1686 2.710 0.480 0.149 0.034 9 0.9
G_and_S_cingul-Ant 2626 1769 5073 2.600 0.477 0.105 0.023 22 2.4
G_and_S_cingul-Mid-Ant 1615 1061 2786 2.607 0.443 0.092 0.019 8 1.3
G_and_S_cingul-Mid-Post 1713 1182 3189 2.546 0.538 0.117 0.025 15 1.8
G_cingul-Post-dorsal 502 379 1457 2.929 0.716 0.141 0.032 7 0.6
G_cingul-Post-ventral 321 216 666 2.311 0.993 0.126 0.036 5 0.4
G_cuneus 2107 1406 3270 1.972 0.450 0.131 0.034 29 3.0
G_front_inf-Opercular 1161 852 3041 2.884 0.475 0.128 0.031 13 1.3
G_front_inf-Orbital 428 291 1217 2.927 0.443 0.115 0.028 5 0.5
G_front_inf-Triangul 1210 843 3239 2.824 0.576 0.130 0.031 15 1.4
G_front_middle 4076 2894 10376 2.694 0.537 0.132 0.031 57 4.4
G_front_sup 8123 5461 18725 2.835 0.584 0.127 0.035 88 10.8
G_Ins_lg_and_S_cent_ins 679 502 1727 3.258 0.938 0.145 0.042 11 1.1
G_insular_short 728 539 2552 3.852 0.740 0.141 0.049 9 1.2
G_occipital_middle 2642 1754 5684 2.431 0.652 0.131 0.030 33 3.0
G_occipital_sup 1380 921 2474 2.206 0.657 0.127 0.024 15 1.3
G_oc-temp_lat-fusifor 1642 1158 4653 2.965 0.596 0.135 0.038 26 2.3
G_oc-temp_med-Lingual 2590 1857 4997 2.211 0.707 0.136 0.035 33 3.6
G_oc-temp_med-Parahip 1572 1077 4580 3.076 0.880 0.115 0.035 17 1.7
G_orbital 2215 1640 6014 2.714 0.736 0.132 0.039 32 2.8
G_pariet_inf-Angular 2735 1954 6469 2.464 0.620 0.135 0.027 42 2.9
G_pariet_inf-Supramar 2951 2140 6965 2.564 0.530 0.129 0.026 42 2.9
G_parietal_sup 3251 2286 6693 2.296 0.471 0.125 0.024 45 3.2
G_postcentral 2513 1595 4532 2.254 0.540 0.108 0.031 29 2.4
G_precentral 3213 2032 7480 2.822 0.505 0.116 0.039 36 4.1
G_precuneus 2417 1657 5258 2.469 0.551 0.128 0.026 34 2.3
G_rectus 1127 817 2861 2.675 0.655 0.145 0.045 21 2.0
G_subcallosal 726 483 1249 2.550 0.806 0.125 0.053 8 1.1
G_temp_sup-G_T_transv 538 369 1098 2.473 0.337 0.146 0.032 8 0.7
G_temp_sup-Lateral 2434 1588 6496 2.908 0.759 0.141 0.042 39 4.6
G_temp_sup-Plan_polar 755 507 2004 3.256 0.681 0.100 0.026 4 0.9
G_temp_sup-Plan_tempo 1124 759 2199 2.548 0.457 0.093 0.018 7 0.8
G_temporal_inf 2753 1966 8496 3.072 0.703 0.136 0.031 40 3.6
G_temporal_middle 2899 2028 8525 3.039 0.710 0.135 0.029 41 3.4
Lat_Fis-ant-Horizont 321 213 390 2.050 0.328 0.091 0.015 1 0.2
Lat_Fis-ant-Vertical 220 149 446 2.953 0.505 0.112 0.018 1 0.2
Lat_Fis-post 1094 722 1381 2.390 0.441 0.107 0.024 6 1.1
Pole_occipital 1962 1228 3565 2.215 0.777 0.130 0.038 26 2.6
Pole_temporal 1643 1308 5816 3.215 0.797 0.157 0.045 26 3.0
S_calcarine 2249 1570 2815 1.971 0.551 0.119 0.024 17 2.3
S_central 3727 2503 4622 2.066 0.632 0.098 0.021 16 3.5
S_cingul-Marginalis 1165 760 1503 2.173 0.373 0.086 0.014 5 0.7
S_circular_insula_ant 542 357 813 2.742 0.458 0.092 0.019 2 0.5
S_circular_insula_inf 1484 956 2200 2.788 0.728 0.083 0.017 6 1.1
S_circular_insula_sup 1772 1122 2370 2.590 0.438 0.092 0.018 6 1.5
S_collat_transv_ant 1059 706 1745 2.637 0.459 0.096 0.018 5 0.8
S_collat_transv_post 603 388 629 1.944 0.354 0.110 0.023 3 0.6
S_front_inf 1963 1331 2910 2.268 0.490 0.108 0.023 13 1.8
S_front_middle 1172 834 1527 1.980 0.367 0.120 0.026 10 1.3
S_front_sup 3283 2222 5443 2.439 0.459 0.099 0.020 19 2.8
S_interm_prim-Jensen 767 492 817 1.974 0.329 0.087 0.012 3 0.4
S_intrapariet_and_P_trans 3553 2355 4366 2.014 0.390 0.106 0.018 24 2.8
S_oc_middle_and_Lunatus 1296 854 1581 1.935 0.432 0.120 0.022 12 1.2
S_oc_sup_and_transversal 1235 809 1637 2.069 0.434 0.105 0.021 7 1.0
S_occipital_ant 832 554 1093 2.150 0.393 0.105 0.021 5 0.7
S_oc-temp_lat 1079 708 1404 2.340 0.341 0.089 0.016 4 0.7
S_oc-temp_med_and_Lingual 2147 1479 3608 2.455 0.574 0.115 0.024 16 2.1
S_orbital_lateral 399 283 465 1.844 0.428 0.129 0.025 3 0.5
S_orbital_med-olfact 814 559 1123 2.374 0.617 0.119 0.025 6 1.0
S_orbital-H_Shaped 1455 963 2629 2.604 0.658 0.112 0.023 10 1.5
S_parieto_occipital 2506 1631 3304 2.209 0.539 0.104 0.019 15 2.1
S_pericallosal 1936 1188 1549 1.586 0.533 0.114 0.023 23 1.6
S_postcentral 2944 1992 4051 2.097 0.507 0.104 0.019 20 2.3
S_precentral-inf-part 1759 1211 3179 2.523 0.437 0.112 0.023 13 1.7
S_precentral-sup-part 1575 1025 2019 2.370 0.448 0.100 0.020 7 1.5
S_suborbital 839 541 1009 2.185 0.449 0.105 0.017 5 0.7
S_subparietal 845 576 1133 2.199 0.442 0.110 0.022 5 0.9
S_temporal_inf 1876 1219 2593 2.336 0.531 0.102 0.019 11 1.5
S_temporal_sup 5941 3920 8871 2.314 0.492 0.095 0.017 34 4.2
S_temporal_transverse 280 205 406 2.141 0.464 0.138 0.024 3 0.3
