StructName NumVert SurfArea GrayVol ThickAvg ThickStd MeanCurv GausCurv FoldInd CurvInd
G_and_S_frontomargin 987 764 1885 2.167 0.599 0.135 0.031 12 1.3
G_and_S_occipital_inf 1667 1114 3363 2.355 0.680 0.124 0.026 16 1.8
G_and_S_paracentral 1731 972 2831 2.432 0.583 0.091 0.018 12 1.3
G_and_S_subcentral 1627 1066 3080 2.473 0.504 0.114 0.020 15 1.5
G_and_S_transv_frontopol 733 512 1727 2.721 0.415 0.145 0.032 10 1.0
G_and_S_cingul-Ant 2357 1630 4558 2.642 0.424 0.106 0.019 19 1.9
G_and_S_cingul-Mid-Ant 1600 1029 2727 2.592 0.405 0.090 0.015 9 1.0
G_and_S_cingul-Mid-Post 1617 1094 3101 2.658 0.449 0.111 0.023 13 1.6
G_cingul-Post-dorsal 538 356 1479 3.074 0.738 0.135 0.033 7 0.7
G_cingul-Post-ventral 291 184 608 2.509 0.946 0.117 0.032 4 0.3
G_cuneus 2240 1401 2749 1.779 0.440 0.128 0.032 24 3.1
G_front_inf-Opercular 1291 823 2979 2.923 0.431 0.124 0.028 15 1.5
G_front_inf-Orbital 430 270 1055 2.821 0.352 0.106 0.019 5 0.3
G_front_inf-Triangul 1302 864 3242 2.856 0.441 0.131 0.026 15 1.5
G_front_middle 4218 2945 10006 2.632 0.499 0.132 0.026 60 4.3
G_front_sup 7994 5117 18561 2.943 0.533 0.116 0.023 76 7.7
G_Ins_lg_and_S_cent_ins 678 447 1378 2.918 0.847 0.132 0.040 10 0.9
G_insular_short 753 497 2392 3.675 0.713 0.125 0.039 8 1.1
G_occipital_middle 2364 1523 4701 2.411 0.543 0.129 0.029 27 2.8
G_occipital_sup 1501 929 2198 2.119 0.595 0.124 0.025 16 1.6
G_oc-temp_lat-fusifor 1641 1133 4293 2.934 0.462 0.135 0.031 25 1.9
G_oc-temp_med-Lingual 2851 1874 4120 1.864 0.585 0.132 0.033 31 4.0
G_oc-temp_med-Parahip 1605 1029 4217 3.128 0.675 0.101 0.025 13 1.3
G_orbital 2213 1502 5691 2.904 0.557 0.124 0.028 28 2.4
G_pariet_inf-Angular 2641 1803 6096 2.632 0.486 0.133 0.029 36 2.9
G_pariet_inf-Supramar 3011 2055 6318 2.566 0.459 0.122 0.024 35 2.8
G_parietal_sup 3400 2275 6598 2.302 0.515 0.119 0.022 40 3.0
G_postcentral 2554 1514 4181 2.243 0.566 0.101 0.022 21 2.1
G_precentral 3259 1817 7057 2.977 0.410 0.094 0.019 24 2.3
G_precuneus 2368 1612 5160 2.539 0.593 0.134 0.028 32 2.5
G_rectus 1116 871 2926 2.590 0.602 0.174 0.053 29 2.7
G_subcallosal 776 535 1328 2.559 0.865 0.132 0.052 11 1.2
G_temp_sup-G_T_transv 613 349 1021 2.402 0.446 0.119 0.021 7 0.5
G_temp_sup-Lateral 2293 1518 6496 3.142 0.465 0.122 0.022 26 2.2
G_temp_sup-Plan_polar 725 485 1845 3.452 0.707 0.085 0.015 3 0.5
G_temp_sup-Plan_tempo 1126 735 2169 2.644 0.429 0.096 0.018 8 0.8
G_temporal_inf 2590 1849 7693 2.975 0.626 0.135 0.029 38 3.3
G_temporal_middle 2870 1952 8100 3.098 0.574 0.131 0.027 39 3.1
Lat_Fis-ant-Horizont 343 224 383 1.982 0.333 0.092 0.011 2 0.1
Lat_Fis-ant-Vertical 260 180 510 2.874 0.359 0.105 0.015 2 0.2
Lat_Fis-post 1146 786 1450 2.253 0.513 0.117 0.023 7 1.2
Pole_occipital 2228 1421 3112 1.942 0.534 0.129 0.033 22 3.0
Pole_temporal 1744 1263 5963 3.344 0.764 0.138 0.036 20 2.6
S_calcarine 2315 1585 2509 1.767 0.587 0.128 0.027 21 2.7
S_central 3606 2365 4221 2.035 0.729 0.094 0.017 17 2.8
S_cingul-Marginalis 1121 739 1484 2.257 0.498 0.090 0.012 5 0.6
S_circular_insula_ant 529 352 797 2.769 0.520 0.091 0.019 2 0.5
S_circular_insula_inf 1541 1007 2308 2.787 0.765 0.082 0.014 6 1.0
S_circular_insula_sup 1787 1158 2433 2.577 0.536 0.092 0.015 7 1.2
S_collat_transv_ant 998 658 1524 2.551 0.423 0.100 0.013 6 0.6
S_collat_transv_post 597 391 610 1.971 0.431 0.114 0.023 4 0.5
S_front_inf 1749 1159 2536 2.356 0.425 0.100 0.018 10 1.3
S_front_middle 1096 767 1423 2.157 0.349 0.119 0.023 8 1.2
S_front_sup 3067 2060 5245 2.543 0.468 0.099 0.016 20 2.1
S_interm_prim-Jensen 772 516 846 2.073 0.383 0.107 0.021 5 1.0
S_intrapariet_and_P_trans 3562 2394 4537 2.190 0.438 0.111 0.020 26 3.0
S_oc_middle_and_Lunatus 1306 840 1431 1.894 0.409 0.129 0.023 14 1.3
S_oc_sup_and_transversal 1268 823 1618 2.111 0.442 0.111 0.022 8 1.1
S_occipital_ant 809 547 1084 2.297 0.303 0.116 0.022 5 0.8
S_oc-temp_lat 972 628 1226 2.361 0.335 0.088 0.014 4 0.6
S_oc-temp_med_and_Lingual 2167 1497 3368 2.442 0.561 0.120 0.026 19 2.2
S_orbital_lateral 465 311 559 2.264 0.360 0.129 0.024 4 0.5
S_orbital_med-olfact 715 477 984 2.492 0.587 0.107 0.018 4 0.5
S_orbital-H_Shaped 1408 938 2486 2.893 0.526 0.121 0.024 11 1.5
S_parieto_occipital 2525 1648 3199 2.191 0.645 0.112 0.020 17 2.2
S_pericallosal 1916 1245 1665 1.602 0.616 0.116 0.019 24 1.7
S_postcentral 2955 1942 3968 2.210 0.534 0.104 0.017 19 2.2
S_precentral-inf-part 1797 1221 3144 2.527 0.375 0.110 0.019 14 1.5
S_precentral-sup-part 1521 1012 2014 2.503 0.436 0.100 0.016 7 1.1
S_suborbital 735 487 873 2.150 0.427 0.104 0.012 4 0.4
S_subparietal 817 568 1173 2.354 0.481 0.114 0.024 5 0.9
S_temporal_inf 1835 1251 2624 2.466 0.503 0.105 0.018 11 1.4
S_temporal_sup 5782 3851 8842 2.459 0.465 0.095 0.015 33 3.7
S_temporal_transverse 272 189 316 2.023 0.488 0.136 0.019 3 0.2
