StructName NumVert SurfArea GrayVol ThickAvg ThickStd MeanCurv GausCurv FoldInd CurvInd
G_and_S_frontomargin 1041 773 1805 2.095 0.673 0.133 0.027 12 1.3
G_and_S_occipital_inf 1689 1106 3993 2.501 0.835 0.117 0.021 15 1.5
G_and_S_paracentral 1704 976 2922 2.500 0.621 0.085 0.016 11 1.0
G_and_S_subcentral 1771 1123 3153 2.433 0.541 0.109 0.020 15 1.5
G_and_S_transv_frontopol 677 490 1691 2.725 0.495 0.153 0.031 10 0.9
G_and_S_cingul-Ant 2335 1608 4582 2.672 0.467 0.108 0.019 21 1.9
G_and_S_cingul-Mid-Ant 1516 978 2545 2.543 0.526 0.090 0.012 8 0.8
G_and_S_cingul-Mid-Post 1579 1076 2912 2.534 0.540 0.116 0.024 12 1.7
G_cingul-Post-dorsal 536 378 1523 2.958 0.771 0.138 0.031 7 0.6
G_cingul-Post-ventral 308 207 696 2.490 1.051 0.123 0.035 5 0.3
G_cuneus 2221 1388 2916 1.825 0.559 0.127 0.026 23 2.6
G_front_inf-Opercular 1310 857 3025 2.891 0.400 0.120 0.024 14 1.2
G_front_inf-Orbital 416 253 1053 2.899 0.341 0.111 0.020 4 0.3
G_front_inf-Triangul 1240 829 3160 2.873 0.461 0.130 0.027 15 1.4
G_front_middle 4178 2940 10007 2.593 0.554 0.133 0.025 56 4.3
G_front_sup 7755 5075 18502 2.906 0.594 0.119 0.024 77 7.6
G_Ins_lg_and_S_cent_ins 672 448 1353 2.893 0.889 0.136 0.041 12 1.0
G_insular_short 781 501 2555 3.898 0.726 0.114 0.029 7 0.8
G_occipital_middle 2661 1730 5505 2.476 0.647 0.133 0.027 31 3.2
G_occipital_sup 1591 981 2393 2.137 0.623 0.124 0.023 17 1.5
G_oc-temp_lat-fusifor 1678 1085 4464 3.044 0.459 0.123 0.027 20 1.7
G_oc-temp_med-Lingual 2711 1819 4041 1.913 0.633 0.136 0.034 33 3.8
G_oc-temp_med-Parahip 1545 986 4212 3.199 0.821 0.100 0.025 13 1.4
G_orbital 2075 1440 5717 2.948 0.618 0.125 0.028 27 2.2
G_pariet_inf-Angular 2861 1930 6567 2.634 0.528 0.130 0.025 40 2.9
G_pariet_inf-Supramar 3047 2034 6526 2.638 0.501 0.121 0.023 35 2.8
G_parietal_sup 3553 2315 6598 2.304 0.519 0.116 0.020 38 3.0
G_postcentral 2558 1487 4250 2.298 0.560 0.098 0.020 22 1.9
G_precentral 3276 1827 7181 2.996 0.472 0.090 0.017 23 2.0
G_precuneus 2420 1605 5112 2.505 0.603 0.126 0.024 31 2.2
G_rectus 987 764 2671 2.690 0.600 0.146 0.037 20 1.7
G_subcallosal 678 400 999 2.418 0.939 0.109 0.043 10 0.9
G_temp_sup-G_T_transv 614 362 1009 2.369 0.441 0.125 0.023 7 0.5
G_temp_sup-Lateral 2331 1448 6578 3.205 0.562 0.113 0.020 24 2.0
G_temp_sup-Plan_polar 746 507 1989 3.441 0.719 0.084 0.016 3 0.5
G_temp_sup-Plan_tempo 1112 739 2108 2.607 0.498 0.100 0.017 8 0.7
G_temporal_inf 2740 1848 8053 3.102 0.653 0.128 0.025 38 2.8
G_temporal_middle 2839 1873 8190 3.192 0.658 0.126 0.023 36 2.7
Lat_Fis-ant-Horizont 330 220 375 1.969 0.382 0.093 0.010 1 0.1
Lat_Fis-ant-Vertical 172 119 310 2.693 0.315 0.102 0.011 1 0.1
Lat_Fis-post 1174 792 1507 2.314 0.469 0.115 0.022 7 1.2
Pole_occipital 2206 1368 3400 2.071 0.682 0.127 0.033 22 3.0
Pole_temporal 1794 1285 6258 3.463 0.764 0.143 0.040 24 2.9
S_calcarine 2390 1609 2540 1.772 0.635 0.124 0.023 22 2.4
S_central 3812 2435 4370 2.018 0.729 0.090 0.016 16 2.7
S_cingul-Marginalis 1152 742 1419 2.173 0.455 0.083 0.011 5 0.6
S_circular_insula_ant 533 357 834 2.815 0.606 0.091 0.016 2 0.4
S_circular_insula_inf 1544 1002 2291 2.782 0.711 0.084 0.015 6 1.0
S_circular_insula_sup 1775 1151 2360 2.540 0.511 0.091 0.015 7 1.1
S_collat_transv_ant 1074 713 1727 2.730 0.450 0.100 0.014 6 0.7
S_collat_transv_post 631 416 689 2.127 0.425 0.116 0.024 4 0.6
S_front_inf 1996 1318 2701 2.231 0.461 0.105 0.019 13 1.6
S_front_middle 1136 796 1364 1.935 0.406 0.117 0.022 9 1.1
S_front_sup 3187 2129 5177 2.455 0.453 0.098 0.017 19 2.3
S_interm_prim-Jensen 790 503 848 2.132 0.283 0.087 0.011 3 0.4
S_intrapariet_and_P_trans 3485 2277 4429 2.237 0.434 0.105 0.017 24 2.5
S_oc_middle_and_Lunatus 1303 878 1523 1.911 0.454 0.129 0.023 13 1.3
S_oc_sup_and_transversal 1233 805 1581 2.148 0.424 0.110 0.022 8 1.0
S_occipital_ant 719 492 964 2.264 0.313 0.117 0.024 5 0.7
S_oc-temp_lat 1038 674 1386 2.483 0.300 0.086 0.013 4 0.6
S_oc-temp_med_and_Lingual 2308 1603 3654 2.411 0.523 0.119 0.024 19 2.2
S_orbital_lateral 403 274 487 2.104 0.513 0.130 0.026 3 0.5
S_orbital_med-olfact 741 503 1074 2.576 0.487 0.109 0.019 4 0.6
S_orbital-H_Shaped 1399 947 2534 2.799 0.601 0.119 0.023 10 1.5
S_parieto_occipital 2570 1665 3200 2.170 0.587 0.108 0.019 17 2.1
S_pericallosal 2004 1255 1797 1.679 0.578 0.108 0.020 24 1.7
S_postcentral 2960 1979 4069 2.224 0.557 0.104 0.017 19 2.3
S_precentral-inf-part 1724 1141 2789 2.422 0.410 0.108 0.020 12 1.5
S_precentral-sup-part 1609 1051 2147 2.537 0.423 0.097 0.016 7 1.2
S_suborbital 740 487 831 2.060 0.431 0.107 0.012 4 0.5
S_subparietal 833 585 1180 2.309 0.470 0.118 0.023 5 0.9
S_temporal_inf 1987 1319 2870 2.492 0.510 0.108 0.017 14 1.4
S_temporal_sup 5895 3904 8940 2.429 0.479 0.095 0.014 33 3.7
S_temporal_transverse 268 191 319 2.078 0.497 0.142 0.019 3 0.2
