StructName NumVert SurfArea GrayVol ThickAvg ThickStd MeanCurv GausCurv FoldInd CurvInd
G_and_S_frontomargin 1077 782 1876 2.146 0.620 0.131 0.026 12 1.3
G_and_S_occipital_inf 1662 1065 3389 2.432 0.636 0.113 0.021 14 1.5
G_and_S_paracentral 1754 952 2658 2.393 0.588 0.080 0.017 10 1.1
G_and_S_subcentral 1735 1076 2982 2.428 0.574 0.104 0.018 13 1.3
G_and_S_transv_frontopol 710 484 1598 2.673 0.420 0.145 0.032 9 1.0
G_and_S_cingul-Ant 2420 1657 4763 2.712 0.409 0.105 0.019 19 2.0
G_and_S_cingul-Mid-Ant 1552 1020 2704 2.635 0.447 0.089 0.014 8 0.9
G_and_S_cingul-Mid-Post 1659 1100 3150 2.677 0.510 0.111 0.022 13 1.6
G_cingul-Post-dorsal 552 375 1541 2.984 0.780 0.133 0.030 7 0.6
G_cingul-Post-ventral 328 214 715 2.510 0.999 0.117 0.036 4 0.5
G_cuneus 2235 1385 2829 1.782 0.473 0.123 0.026 23 2.5
G_front_inf-Opercular 1243 803 2901 2.985 0.470 0.121 0.026 13 1.3
G_front_inf-Orbital 414 258 978 2.775 0.429 0.109 0.020 3 0.3
G_front_inf-Triangul 1254 762 2978 2.878 0.486 0.119 0.024 13 1.2
G_front_middle 4295 2851 9780 2.644 0.519 0.128 0.025 53 4.4
G_front_sup 8228 5159 18984 2.976 0.554 0.114 0.023 80 7.6
G_Ins_lg_and_S_cent_ins 721 496 1378 2.792 0.760 0.149 0.047 11 1.2
G_insular_short 754 474 2476 4.003 0.714 0.114 0.032 7 1.0
G_occipital_middle 2625 1642 5212 2.463 0.618 0.130 0.026 34 2.9
G_occipital_sup 1524 976 2359 2.129 0.577 0.123 0.021 15 1.3
G_oc-temp_lat-fusifor 1572 1037 4084 2.950 0.460 0.123 0.024 18 1.5
G_oc-temp_med-Lingual 2870 1888 4388 1.969 0.611 0.130 0.030 32 3.5
G_oc-temp_med-Parahip 1550 993 4220 3.221 0.775 0.097 0.025 10 1.6
G_orbital 2186 1443 5694 2.954 0.578 0.122 0.031 27 2.6
G_pariet_inf-Angular 2888 1944 6434 2.558 0.550 0.130 0.025 40 2.9
G_pariet_inf-Supramar 2985 1958 6351 2.649 0.520 0.119 0.022 34 2.5
G_parietal_sup 3469 2263 6499 2.280 0.532 0.114 0.020 38 2.9
G_postcentral 2593 1483 4175 2.274 0.585 0.095 0.019 21 1.9
G_precentral 3507 1803 7215 3.007 0.428 0.085 0.017 25 2.3
G_precuneus 2501 1602 5051 2.501 0.624 0.123 0.023 30 2.2
G_rectus 962 743 2669 2.746 0.545 0.146 0.036 17 1.5
G_subcallosal 841 507 1213 2.321 0.900 0.097 0.026 6 0.8
G_temp_sup-G_T_transv 662 381 1074 2.401 0.471 0.117 0.025 7 0.7
G_temp_sup-Lateral 2395 1505 6782 3.177 0.562 0.118 0.023 28 2.3
G_temp_sup-Plan_polar 720 496 1847 3.319 0.670 0.097 0.024 4 0.7
G_temp_sup-Plan_tempo 1174 766 2194 2.610 0.497 0.097 0.019 9 0.9
G_temporal_inf 2707 1851 7748 3.033 0.622 0.130 0.026 39 3.1
G_temporal_middle 2833 1837 7910 3.133 0.622 0.126 0.024 36 2.8
Lat_Fis-ant-Horizont 366 231 370 1.822 0.383 0.090 0.011 2 0.1
Lat_Fis-ant-Vertical 217 151 403 2.763 0.410 0.084 0.009 1 0.1
Lat_Fis-post 1147 766 1410 2.227 0.494 0.112 0.020 7 1.0
Pole_occipital 2062 1267 3311 2.135 0.680 0.126 0.031 21 2.6
Pole_temporal 1654 1245 6016 3.491 0.662 0.138 0.035 20 2.3
S_calcarine 2325 1565 2545 1.807 0.605 0.122 0.023 20 2.3
S_central 3764 2477 4479 2.048 0.745 0.093 0.017 16 2.8
S_cingul-Marginalis 1139 739 1425 2.200 0.413 0.085 0.011 5 0.5
S_circular_insula_ant 504 339 735 2.743 0.448 0.096 0.017 2 0.4
S_circular_insula_inf 1610 1051 2432 2.793 0.753 0.081 0.015 6 0.9
S_circular_insula_sup 1802 1158 2520 2.609 0.531 0.087 0.013 6 1.1
S_collat_transv_ant 1088 730 1721 2.659 0.379 0.101 0.017 6 0.8
S_collat_transv_post 681 443 739 2.038 0.345 0.110 0.022 4 0.6
S_front_inf 1914 1275 2712 2.301 0.419 0.107 0.019 13 1.5
S_front_middle 1119 791 1468 2.130 0.411 0.120 0.023 9 1.1
S_front_sup 3159 2086 5297 2.606 0.410 0.096 0.017 17 2.2
S_interm_prim-Jensen 743 484 836 2.173 0.330 0.091 0.011 3 0.4
S_intrapariet_and_P_trans 3542 2334 4436 2.188 0.442 0.109 0.017 25 2.7
S_oc_middle_and_Lunatus 1315 860 1480 1.872 0.389 0.125 0.021 13 1.2
S_oc_sup_and_transversal 1215 789 1582 2.103 0.428 0.107 0.019 7 0.9
S_occipital_ant 682 463 863 2.250 0.341 0.118 0.025 5 0.7
S_oc-temp_lat 1031 679 1365 2.446 0.346 0.086 0.014 4 0.6
S_oc-temp_med_and_Lingual 2254 1500 3360 2.416 0.565 0.116 0.022 18 2.1
S_orbital_lateral 397 268 513 2.323 0.351 0.122 0.024 3 0.4
S_orbital_med-olfact 694 479 955 2.513 0.527 0.109 0.017 4 0.5
S_orbital-H_Shaped 1388 927 2578 2.959 0.523 0.118 0.022 10 1.4
S_parieto_occipital 2615 1660 3215 2.171 0.628 0.105 0.018 16 2.1
S_pericallosal 1877 1201 1714 1.675 0.591 0.109 0.017 22 1.2
S_postcentral 2980 1963 4023 2.216 0.517 0.102 0.017 18 2.2
S_precentral-inf-part 1941 1260 3077 2.479 0.399 0.104 0.018 12 1.6
S_precentral-sup-part 1674 1094 2255 2.583 0.422 0.097 0.016 8 1.3
S_suborbital 775 516 972 2.300 0.415 0.109 0.014 5 0.5
S_subparietal 824 571 1131 2.245 0.484 0.112 0.022 5 0.8
S_temporal_inf 2031 1380 2926 2.479 0.508 0.110 0.017 14 1.6
S_temporal_sup 5893 3881 8750 2.411 0.482 0.093 0.014 32 3.6
S_temporal_transverse 230 160 260 2.093 0.398 0.148 0.020 3 0.2
