StructName NumVert SurfArea GrayVol ThickAvg ThickStd MeanCurv GausCurv FoldInd CurvInd
G_and_S_frontomargin 1372 1067 2529 2.163 0.552 0.166 0.040 23 2.9
G_and_S_occipital_inf 1706 1172 3533 2.319 0.702 0.136 0.027 19 2.0
G_and_S_paracentral 1974 1150 2929 2.182 0.535 0.105 0.021 18 1.7
G_and_S_subcentral 1501 978 3400 2.940 0.561 0.123 0.021 15 1.3
G_and_S_transv_frontopol 977 786 2456 2.495 0.562 0.168 0.042 18 1.7
G_and_S_cingul-Ant 2412 1693 4565 2.580 0.522 0.119 0.023 24 2.7
G_and_S_cingul-Mid-Ant 1840 1213 3192 2.494 0.427 0.112 0.019 16 1.4
G_and_S_cingul-Mid-Post 1555 1070 2783 2.478 0.588 0.114 0.023 14 1.5
G_cingul-Post-dorsal 589 410 1621 2.876 0.642 0.152 0.040 9 1.0
G_cingul-Post-ventral 280 199 521 1.960 0.828 0.170 0.038 6 0.4
G_cuneus 1818 1309 2201 1.581 0.485 0.161 0.038 29 3.1
G_front_inf-Opercular 1582 1080 4154 2.928 0.525 0.131 0.026 21 1.6
G_front_inf-Orbital 418 268 1297 3.174 0.553 0.129 0.031 6 0.5
G_front_inf-Triangul 1089 713 2814 2.930 0.597 0.120 0.026 13 1.2
G_front_middle 5283 3580 12334 2.666 0.623 0.128 0.027 66 5.7
G_front_sup 7916 5392 19184 2.865 0.569 0.130 0.029 102 9.1
G_Ins_lg_and_S_cent_ins 630 434 1438 2.986 0.689 0.136 0.038 8 0.8
G_insular_short 682 445 2341 3.721 0.678 0.113 0.028 6 0.7
G_occipital_middle 2749 1976 5741 2.300 0.511 0.146 0.028 47 3.4
G_occipital_sup 1432 979 2011 1.847 0.476 0.134 0.028 18 1.7
G_oc-temp_lat-fusifor 1719 1140 4584 2.971 0.634 0.138 0.029 23 1.9
G_oc-temp_med-Lingual 3433 2482 5360 1.880 0.685 0.156 0.035 52 4.9
G_oc-temp_med-Parahip 1274 783 3198 2.935 0.921 0.093 0.021 8 0.8
G_orbital 2414 1790 6149 2.767 0.774 0.152 0.038 41 4.0
G_pariet_inf-Angular 2767 2029 6072 2.366 0.589 0.140 0.029 46 3.1
G_pariet_inf-Supramar 3220 2192 7373 2.664 0.627 0.124 0.024 37 3.5
G_parietal_sup 2659 1836 5458 2.295 0.533 0.134 0.025 36 2.6
G_postcentral 2646 1663 4048 2.047 0.513 0.126 0.028 31 3.2
G_precentral 3375 1774 6965 2.855 0.670 0.099 0.023 28 3.1
G_precuneus 2573 1863 5526 2.393 0.544 0.141 0.031 38 3.1
G_rectus 1051 755 2380 2.499 0.648 0.142 0.030 17 1.4
G_subcallosal 839 562 1361 2.457 0.891 0.136 0.053 12 1.7
G_temp_sup-G_T_transv 545 300 866 2.435 0.453 0.086 0.016 4 0.3
G_temp_sup-Lateral 2301 1554 6699 2.994 0.784 0.127 0.027 29 2.7
G_temp_sup-Plan_polar 633 433 1618 3.213 0.691 0.087 0.024 3 0.5
G_temp_sup-Plan_tempo 1283 871 2606 2.655 0.565 0.108 0.020 12 1.0
G_temporal_inf 2969 2254 9089 2.997 0.675 0.152 0.036 50 4.6
G_temporal_middle 2839 2010 8411 3.005 0.728 0.135 0.028 41 3.2
Lat_Fis-ant-Horizont 324 218 441 2.316 0.389 0.103 0.015 2 0.2
Lat_Fis-ant-Vertical 281 204 491 2.565 0.450 0.115 0.023 2 0.2
Lat_Fis-post 1200 774 1434 2.189 0.500 0.111 0.023 8 1.1
Pole_occipital 2205 1544 3329 1.846 0.616 0.154 0.035 34 3.2
Pole_temporal 1759 1312 5561 3.111 0.855 0.150 0.049 27 3.7
S_calcarine 2046 1351 1899 1.587 0.493 0.116 0.025 16 2.1
S_central 3307 2153 3130 1.660 0.499 0.110 0.022 21 3.2
S_cingul-Marginalis 1283 839 1652 2.098 0.434 0.089 0.013 6 0.7
S_circular_insula_ant 536 367 797 2.632 0.415 0.113 0.024 2 0.6
S_circular_insula_inf 1507 1015 2201 2.614 0.505 0.085 0.020 7 1.1
S_circular_insula_sup 1793 1159 2449 2.460 0.524 0.098 0.018 8 1.4
S_collat_transv_ant 937 661 1767 2.543 0.518 0.125 0.032 10 1.1
S_collat_transv_post 702 476 706 1.778 0.392 0.136 0.024 8 0.7
S_front_inf 2439 1627 3624 2.322 0.435 0.113 0.022 17 2.3
S_front_middle 1375 980 1749 2.026 0.385 0.125 0.027 12 1.5
S_front_sup 3130 2122 4903 2.421 0.388 0.102 0.017 21 2.2
S_interm_prim-Jensen 1050 803 1352 1.999 0.408 0.140 0.028 10 1.5
S_intrapariet_and_P_trans 2915 1941 3337 1.831 0.397 0.104 0.018 21 2.2
S_oc_middle_and_Lunatus 1368 931 1389 1.771 0.292 0.128 0.026 11 1.6
S_oc_sup_and_transversal 1294 821 1396 1.873 0.334 0.096 0.016 7 0.8
S_occipital_ant 1049 684 1276 1.973 0.379 0.115 0.024 8 1.0
S_oc-temp_lat 1177 786 1780 2.563 0.465 0.108 0.021 7 1.1
S_oc-temp_med_and_Lingual 2083 1372 2838 2.311 0.559 0.106 0.018 12 1.6
S_orbital_lateral 420 296 519 1.974 0.311 0.126 0.020 3 0.4
S_orbital_med-olfact 735 485 914 2.209 0.542 0.116 0.019 6 0.6
S_orbital-H_Shaped 1454 996 2664 2.763 0.612 0.126 0.027 12 1.7
S_parieto_occipital 2278 1538 2821 1.984 0.433 0.115 0.021 20 2.0
S_pericallosal 1801 1124 1833 1.884 0.668 0.122 0.017 24 1.2
S_postcentral 3761 2463 4525 1.997 0.409 0.106 0.020 26 3.3
S_precentral-inf-part 1518 1015 2208 2.487 0.424 0.096 0.016 7 1.1
S_precentral-sup-part 1720 1128 2432 2.362 0.509 0.097 0.019 10 1.3
S_suborbital 776 532 946 2.117 0.423 0.120 0.018 7 0.6
S_subparietal 1228 841 1645 2.291 0.404 0.124 0.025 9 1.4
S_temporal_inf 2044 1409 3009 2.295 0.524 0.123 0.019 18 2.0
S_temporal_sup 7447 4933 11020 2.349 0.451 0.098 0.017 48 5.1
S_temporal_transverse 143 102 200 2.165 0.472 0.142 0.021 2 0.1
