StructName NumVert SurfArea GrayVol ThickAvg ThickStd MeanCurv GausCurv FoldInd CurvInd
G_and_S_frontomargin 1314 979 2307 2.152 0.605 0.159 0.039 22 2.4
G_and_S_occipital_inf 1917 1301 3623 2.211 0.675 0.134 0.029 22 2.5
G_and_S_paracentral 2060 1151 2688 2.063 0.499 0.104 0.026 18 2.1
G_and_S_subcentral 1627 1069 3390 2.750 0.532 0.123 0.022 17 1.5
G_and_S_transv_frontopol 1029 765 2450 2.642 0.515 0.162 0.043 22 1.7
G_and_S_cingul-Ant 2424 1673 4397 2.560 0.499 0.118 0.025 24 2.7
G_and_S_cingul-Mid-Ant 1825 1190 3126 2.468 0.421 0.108 0.019 14 1.4
G_and_S_cingul-Mid-Post 1494 1041 2653 2.448 0.528 0.118 0.027 13 1.6
G_cingul-Post-dorsal 594 414 1517 2.767 0.679 0.151 0.042 8 1.0
G_cingul-Post-ventral 326 221 568 2.007 0.811 0.151 0.038 6 0.5
G_cuneus 1958 1371 2008 1.442 0.436 0.161 0.041 29 3.7
G_front_inf-Opercular 1729 1141 4128 2.866 0.384 0.128 0.025 23 1.8
G_front_inf-Orbital 475 294 1288 3.013 0.455 0.118 0.033 8 0.5
G_front_inf-Triangul 1013 669 2424 2.798 0.462 0.122 0.026 12 1.1
G_front_middle 5218 3605 11997 2.606 0.552 0.136 0.031 73 6.4
G_front_sup 8040 5316 19044 2.896 0.563 0.126 0.029 100 9.0
G_Ins_lg_and_S_cent_ins 608 425 1422 3.022 0.695 0.133 0.037 9 0.8
G_insular_short 683 452 2365 3.608 0.706 0.125 0.035 7 0.9
G_occipital_middle 3193 2026 5974 2.333 0.566 0.131 0.029 43 3.7
G_occipital_sup 1545 1026 1993 1.780 0.528 0.135 0.033 19 2.0
G_oc-temp_lat-fusifor 1876 1251 4357 2.746 0.530 0.140 0.034 26 2.6
G_oc-temp_med-Lingual 3746 2654 4890 1.686 0.527 0.155 0.040 58 6.1
G_oc-temp_med-Parahip 1330 841 3121 2.741 0.771 0.101 0.026 10 1.2
G_orbital 2530 1884 6237 2.692 0.628 0.158 0.049 54 5.1
G_pariet_inf-Angular 3226 2190 6472 2.422 0.524 0.138 0.033 49 4.2
G_pariet_inf-Supramar 3216 2161 7164 2.683 0.536 0.124 0.026 38 3.6
G_parietal_sup 3047 1867 5942 2.442 0.553 0.120 0.028 39 3.2
G_postcentral 2789 1613 4003 2.073 0.473 0.112 0.026 28 3.0
G_precentral 3546 1812 6568 2.753 0.530 0.095 0.023 31 3.3
G_precuneus 2541 1842 5360 2.393 0.511 0.145 0.034 41 3.7
G_rectus 1045 786 2440 2.541 0.623 0.162 0.038 21 1.7
G_subcallosal 737 465 1118 2.390 1.049 0.115 0.038 8 1.0
G_temp_sup-G_T_transv 560 325 930 2.443 0.385 0.082 0.013 3 0.3
G_temp_sup-Lateral 2352 1526 6461 2.953 0.684 0.121 0.027 30 2.6
G_temp_sup-Plan_polar 692 478 1889 3.516 0.675 0.096 0.019 3 0.5
G_temp_sup-Plan_tempo 1325 836 2334 2.555 0.526 0.104 0.017 11 0.8
G_temporal_inf 3422 2430 9257 2.915 0.705 0.142 0.034 54 4.8
G_temporal_middle 2912 2070 7923 2.902 0.578 0.137 0.030 45 3.6
Lat_Fis-ant-Horizont 327 223 462 2.340 0.386 0.100 0.016 1 0.2
Lat_Fis-ant-Vertical 396 276 711 2.576 0.382 0.124 0.024 4 0.4
Lat_Fis-post 1045 690 1209 2.087 0.485 0.110 0.023 7 1.0
Pole_occipital 2471 1536 2867 1.688 0.627 0.137 0.035 28 3.6
Pole_temporal 1767 1264 5786 3.316 0.708 0.135 0.035 22 2.5
S_calcarine 2030 1359 1783 1.498 0.506 0.125 0.028 18 2.5
S_central 3085 2049 3054 1.696 0.508 0.111 0.022 19 3.0
S_cingul-Marginalis 1247 821 1559 2.108 0.410 0.095 0.015 6 0.8
S_circular_insula_ant 558 377 808 2.600 0.417 0.112 0.024 3 0.6
S_circular_insula_inf 1453 969 2136 2.669 0.524 0.083 0.016 6 1.0
S_circular_insula_sup 1530 1005 2038 2.429 0.508 0.104 0.021 7 1.4
S_collat_transv_ant 952 642 1633 2.524 0.469 0.120 0.033 10 1.1
S_collat_transv_post 683 448 624 1.755 0.396 0.130 0.025 6 0.7
S_front_inf 2429 1622 3552 2.330 0.421 0.114 0.023 18 2.4
S_front_middle 1527 1087 2015 2.154 0.405 0.124 0.028 12 1.9
S_front_sup 3113 2117 4744 2.339 0.439 0.105 0.019 21 2.4
S_interm_prim-Jensen 729 568 968 2.016 0.407 0.142 0.026 8 1.0
S_intrapariet_and_P_trans 2707 1793 2897 1.823 0.390 0.101 0.018 16 2.2
S_oc_middle_and_Lunatus 1491 992 1466 1.793 0.324 0.129 0.026 13 1.7
S_oc_sup_and_transversal 1445 933 1607 1.936 0.343 0.097 0.016 8 1.0
S_occipital_ant 1042 675 1316 2.118 0.421 0.112 0.024 8 1.0
S_oc-temp_lat 1311 875 2134 2.696 0.596 0.113 0.023 10 1.3
S_oc-temp_med_and_Lingual 2093 1399 2850 2.333 0.453 0.105 0.019 12 1.7
S_orbital_lateral 411 294 524 2.098 0.328 0.121 0.020 3 0.4
S_orbital_med-olfact 686 475 952 2.346 0.552 0.120 0.020 5 0.6
S_orbital-H_Shaped 1402 966 2436 2.702 0.552 0.130 0.027 12 1.7
S_parieto_occipital 2430 1653 3055 1.997 0.449 0.121 0.025 22 2.6
S_pericallosal 1870 1163 1907 1.860 0.701 0.120 0.020 25 1.5
S_postcentral 4070 2623 4726 1.944 0.381 0.105 0.020 27 3.5
S_precentral-inf-part 1468 961 1967 2.290 0.402 0.093 0.017 7 1.0
S_precentral-sup-part 1684 1091 2205 2.207 0.473 0.103 0.019 11 1.3
S_suborbital 835 571 1105 2.191 0.474 0.116 0.020 7 0.7
S_subparietal 1325 905 1751 2.297 0.437 0.123 0.025 9 1.6
S_temporal_inf 1691 1189 2346 2.350 0.539 0.120 0.019 12 1.6
S_temporal_sup 7872 5163 12112 2.413 0.441 0.096 0.017 50 5.4
S_temporal_transverse 128 95 197 2.486 0.289 0.148 0.021 1 0.1
