StructName NumVert SurfArea GrayVol ThickAvg ThickStd MeanCurv GausCurv FoldInd CurvInd
G_and_S_frontomargin 1318 996 2341 2.191 0.502 0.159 0.037 21 2.4
G_and_S_occipital_inf 1781 1241 3689 2.328 0.736 0.136 0.027 20 2.1
G_and_S_paracentral 1866 1127 2654 2.057 0.503 0.110 0.021 17 1.7
G_and_S_subcentral 1450 948 3175 2.826 0.575 0.123 0.021 15 1.3
G_and_S_transv_frontopol 959 740 2208 2.358 0.588 0.179 0.045 26 2.2
G_and_S_cingul-Ant 2502 1734 4527 2.519 0.557 0.120 0.024 24 2.7
G_and_S_cingul-Mid-Ant 1844 1193 3080 2.411 0.468 0.106 0.018 14 1.3
G_and_S_cingul-Mid-Post 1496 1055 2555 2.345 0.587 0.118 0.024 14 1.4
G_cingul-Post-dorsal 561 391 1621 2.999 0.630 0.145 0.036 8 0.8
G_cingul-Post-ventral 296 200 552 2.102 0.847 0.152 0.039 5 0.4
G_cuneus 1876 1358 2080 1.463 0.475 0.157 0.036 28 3.0
G_front_inf-Opercular 1625 1097 4149 2.870 0.569 0.129 0.026 21 1.7
G_front_inf-Orbital 358 239 1135 3.131 0.585 0.142 0.036 6 0.5
G_front_inf-Triangul 1009 715 2533 2.702 0.571 0.129 0.027 12 1.1
G_front_middle 4711 3366 11042 2.558 0.641 0.139 0.031 64 6.1
G_front_sup 7721 5324 18271 2.746 0.568 0.129 0.028 95 8.8
G_Ins_lg_and_S_cent_ins 582 398 1377 3.049 0.681 0.131 0.036 7 0.7
G_insular_short 651 447 2312 3.670 0.735 0.122 0.029 7 0.7
G_occipital_middle 2764 2003 5951 2.301 0.630 0.148 0.027 47 3.3
G_occipital_sup 1432 977 1937 1.803 0.565 0.137 0.030 17 1.7
G_oc-temp_lat-fusifor 1779 1197 4382 2.834 0.551 0.145 0.033 25 2.5
G_oc-temp_med-Lingual 3573 2658 4877 1.674 0.569 0.162 0.040 51 5.9
G_oc-temp_med-Parahip 1466 968 3334 2.664 0.843 0.118 0.033 15 1.9
G_orbital 2477 1843 6105 2.641 0.754 0.150 0.037 39 3.6
G_pariet_inf-Angular 2838 2109 6300 2.358 0.601 0.143 0.029 47 3.3
G_pariet_inf-Supramar 3358 2282 7601 2.651 0.644 0.120 0.024 36 3.4
G_parietal_sup 2809 2012 5824 2.269 0.559 0.135 0.026 37 3.0
G_postcentral 2558 1651 3997 2.011 0.529 0.128 0.027 28 2.9
G_precentral 3497 1931 7192 2.761 0.687 0.096 0.021 26 2.8
G_precuneus 2578 1959 5307 2.281 0.533 0.147 0.031 38 3.3
G_rectus 1012 755 2184 2.364 0.637 0.148 0.030 16 1.3
G_subcallosal 860 559 1306 2.390 0.953 0.118 0.035 8 1.1
G_temp_sup-G_T_transv 553 325 881 2.343 0.453 0.089 0.017 4 0.3
G_temp_sup-Lateral 2242 1539 6690 2.987 0.822 0.126 0.027 35 2.6
G_temp_sup-Plan_polar 700 464 1708 3.297 0.661 0.083 0.019 3 0.5
G_temp_sup-Plan_tempo 1366 941 2629 2.498 0.556 0.112 0.020 13 1.1
G_temporal_inf 3121 2263 9313 2.995 0.751 0.147 0.033 50 4.6
G_temporal_middle 2923 1997 8339 3.027 0.749 0.130 0.028 39 3.1
Lat_Fis-ant-Horizont 320 216 387 1.872 0.399 0.102 0.015 2 0.2
Lat_Fis-ant-Vertical 285 210 451 2.300 0.448 0.111 0.020 1 0.2
Lat_Fis-post 1118 717 1276 2.106 0.477 0.107 0.023 7 1.0
Pole_occipital 2338 1582 3193 1.802 0.644 0.152 0.036 33 3.4
Pole_temporal 1667 1289 5617 3.102 0.800 0.148 0.041 24 3.0
S_calcarine 2089 1386 1798 1.480 0.494 0.122 0.026 19 2.3
S_central 3071 2033 2865 1.604 0.440 0.112 0.022 20 2.9
S_cingul-Marginalis 1245 817 1546 2.030 0.431 0.087 0.013 5 0.7
S_circular_insula_ant 546 363 741 2.453 0.423 0.113 0.025 3 0.6
S_circular_insula_inf 1497 978 2175 2.677 0.582 0.078 0.013 5 0.8
S_circular_insula_sup 1708 1083 2188 2.334 0.527 0.099 0.019 8 1.4
S_collat_transv_ant 982 677 1828 2.515 0.556 0.121 0.027 9 1.0
S_collat_transv_post 710 478 716 1.823 0.430 0.135 0.025 8 0.7
S_front_inf 2551 1697 3628 2.202 0.454 0.112 0.022 19 2.3
S_front_middle 1528 1106 1951 1.973 0.450 0.126 0.030 15 1.9
S_front_sup 3220 2220 4856 2.245 0.424 0.107 0.018 23 2.6
S_interm_prim-Jensen 1005 650 1009 1.917 0.368 0.110 0.018 6 0.8
S_intrapariet_and_P_trans 2515 1680 2807 1.781 0.413 0.104 0.018 19 2.0
S_oc_middle_and_Lunatus 1367 918 1400 1.823 0.291 0.130 0.026 12 1.6
S_oc_sup_and_transversal 1315 850 1444 1.945 0.349 0.098 0.016 8 0.8
S_occipital_ant 1089 717 1392 2.031 0.391 0.113 0.023 9 1.0
S_oc-temp_lat 1451 967 2370 2.660 0.473 0.116 0.025 12 1.6
S_oc-temp_med_and_Lingual 2174 1476 3023 2.307 0.542 0.109 0.019 15 1.7
S_orbital_lateral 361 262 437 1.947 0.332 0.129 0.021 3 0.3
S_orbital_med-olfact 753 508 965 2.219 0.567 0.114 0.020 6 0.6
S_orbital-H_Shaped 1435 989 2492 2.550 0.660 0.127 0.027 12 1.8
S_parieto_occipital 2381 1621 2819 1.907 0.441 0.121 0.024 22 2.5
S_pericallosal 1781 1126 1864 1.980 0.695 0.124 0.019 25 1.4
S_postcentral 3882 2556 4442 1.893 0.384 0.108 0.020 29 3.5
S_precentral-inf-part 1469 961 1961 2.295 0.428 0.093 0.017 7 1.0
S_precentral-sup-part 1558 1025 2158 2.265 0.528 0.097 0.018 9 1.1
S_suborbital 764 518 923 2.069 0.471 0.130 0.021 8 0.7
S_subparietal 1317 903 1797 2.267 0.400 0.124 0.024 10 1.4
S_temporal_inf 1786 1232 2497 2.312 0.617 0.113 0.016 12 1.5
S_temporal_sup 7528 4952 11046 2.347 0.470 0.096 0.016 45 5.0
S_temporal_transverse 157 107 187 1.925 0.378 0.141 0.021 2 0.2
