StructName NumVert SurfArea GrayVol ThickAvg ThickStd MeanCurv GausCurv FoldInd CurvInd
G_and_S_frontomargin 1361 1018 2281 2.148 0.447 0.158 0.038 21 2.5
G_and_S_occipital_inf 1878 1296 3887 2.346 0.647 0.142 0.028 24 2.2
G_and_S_paracentral 2052 1216 2949 2.067 0.558 0.107 0.022 17 1.9
G_and_S_subcentral 1554 1014 3394 2.909 0.600 0.121 0.021 15 1.4
G_and_S_transv_frontopol 988 782 2481 2.518 0.550 0.176 0.043 20 2.0
G_and_S_cingul-Ant 2528 1719 4509 2.583 0.505 0.115 0.023 22 2.6
G_and_S_cingul-Mid-Ant 1850 1196 3201 2.541 0.443 0.103 0.019 14 1.3
G_and_S_cingul-Mid-Post 1533 1066 2652 2.444 0.603 0.121 0.026 13 1.7
G_cingul-Post-dorsal 633 420 1682 2.943 0.688 0.148 0.035 11 0.9
G_cingul-Post-ventral 246 167 457 2.041 0.791 0.164 0.041 5 0.3
G_cuneus 1945 1383 2132 1.473 0.469 0.157 0.038 29 3.1
G_front_inf-Opercular 1588 1094 4237 2.945 0.516 0.128 0.025 20 1.5
G_front_inf-Orbital 408 270 1247 3.099 0.559 0.131 0.029 6 0.4
G_front_inf-Triangul 954 662 2494 2.861 0.555 0.129 0.025 10 1.1
G_front_middle 5093 3463 11928 2.680 0.591 0.134 0.030 67 6.1
G_front_sup 8120 5410 19016 2.845 0.567 0.127 0.028 98 9.2
G_Ins_lg_and_S_cent_ins 645 444 1406 3.009 0.733 0.142 0.041 9 1.0
G_insular_short 651 434 2283 3.686 0.652 0.124 0.030 7 0.8
G_occipital_middle 2749 1915 5483 2.285 0.578 0.140 0.027 41 3.1
G_occipital_sup 1490 1001 1921 1.747 0.539 0.136 0.030 18 1.8
G_oc-temp_lat-fusifor 1812 1211 4493 2.838 0.505 0.140 0.029 25 2.1
G_oc-temp_med-Lingual 3561 2578 5013 1.729 0.601 0.160 0.040 55 5.8
G_oc-temp_med-Parahip 1299 813 3274 2.886 0.879 0.095 0.025 9 1.1
G_orbital 2713 1961 6288 2.622 0.665 0.153 0.043 46 4.5
G_pariet_inf-Angular 2853 2163 6562 2.382 0.600 0.143 0.031 49 3.6
G_pariet_inf-Supramar 3303 2216 7355 2.662 0.602 0.122 0.024 38 3.4
G_parietal_sup 2811 1915 5795 2.347 0.528 0.133 0.027 39 3.0
G_postcentral 2649 1624 4135 2.076 0.553 0.121 0.027 28 3.0
G_precentral 3515 1882 7432 2.830 0.736 0.100 0.021 30 3.0
G_precuneus 2598 1855 5365 2.389 0.546 0.144 0.030 39 3.3
G_rectus 1003 754 2316 2.474 0.587 0.150 0.035 19 1.4
G_subcallosal 876 585 1296 2.222 1.013 0.136 0.056 12 2.3
G_temp_sup-G_T_transv 591 355 925 2.280 0.488 0.089 0.018 3 0.4
G_temp_sup-Lateral 2348 1522 6828 3.036 0.807 0.118 0.027 29 2.5
G_temp_sup-Plan_polar 734 487 1809 3.354 0.626 0.085 0.020 3 0.6
G_temp_sup-Plan_tempo 1369 927 2611 2.534 0.566 0.111 0.020 12 1.1
G_temporal_inf 2966 2221 9085 3.021 0.708 0.153 0.036 53 4.6
G_temporal_middle 3023 2071 8403 2.974 0.741 0.129 0.028 41 3.4
Lat_Fis-ant-Horizont 336 227 468 2.350 0.297 0.097 0.016 2 0.2
Lat_Fis-ant-Vertical 351 256 650 2.537 0.404 0.130 0.025 3 0.4
Lat_Fis-post 1141 736 1276 2.108 0.469 0.112 0.023 8 1.1
Pole_occipital 2276 1557 3681 1.922 0.740 0.150 0.035 33 3.4
Pole_temporal 1780 1324 5665 3.120 0.826 0.145 0.043 28 3.1
S_calcarine 2090 1394 1811 1.463 0.499 0.125 0.028 18 2.4
S_central 3130 2059 2897 1.611 0.450 0.112 0.023 21 3.1
S_cingul-Marginalis 1321 854 1700 2.122 0.400 0.088 0.014 6 0.7
S_circular_insula_ant 590 398 825 2.526 0.401 0.115 0.024 3 0.7
S_circular_insula_inf 1437 953 2194 2.758 0.579 0.075 0.012 4 0.8
S_circular_insula_sup 1784 1146 2447 2.478 0.532 0.099 0.019 8 1.4
S_collat_transv_ant 975 697 1979 2.697 0.510 0.127 0.029 11 1.0
S_collat_transv_post 616 411 598 1.832 0.424 0.128 0.021 6 0.6
S_front_inf 2493 1680 3719 2.347 0.442 0.115 0.024 18 2.4
S_front_middle 1634 1163 2170 2.152 0.392 0.125 0.028 14 1.9
S_front_sup 3302 2258 5262 2.424 0.379 0.104 0.018 22 2.5
S_interm_prim-Jensen 1058 686 1084 1.930 0.355 0.110 0.019 7 0.9
S_intrapariet_and_P_trans 2790 1892 3354 1.858 0.384 0.105 0.018 21 2.1
S_oc_middle_and_Lunatus 1336 920 1377 1.773 0.313 0.133 0.027 12 1.6
S_oc_sup_and_transversal 1413 894 1479 1.859 0.332 0.099 0.017 8 1.0
S_occipital_ant 1033 681 1321 2.071 0.382 0.113 0.023 8 0.9
S_oc-temp_lat 1420 971 2540 2.744 0.556 0.116 0.023 10 1.4
S_oc-temp_med_and_Lingual 2043 1362 2782 2.304 0.471 0.110 0.021 13 1.8
S_orbital_lateral 414 290 503 2.020 0.280 0.119 0.019 3 0.4
S_orbital_med-olfact 760 516 992 2.235 0.580 0.116 0.019 6 0.6
S_orbital-H_Shaped 1622 1105 2564 2.541 0.665 0.135 0.034 15 2.4
S_parieto_occipital 2404 1618 2857 1.931 0.430 0.117 0.021 21 2.1
S_pericallosal 1802 1155 2116 2.058 0.754 0.129 0.017 25 1.4
S_postcentral 3891 2539 4787 2.040 0.392 0.109 0.021 30 3.5
S_precentral-inf-part 1524 1000 2140 2.443 0.413 0.097 0.017 8 1.1
S_precentral-sup-part 1595 1059 2302 2.330 0.533 0.101 0.019 10 1.1
S_suborbital 719 502 929 2.144 0.448 0.126 0.021 7 0.6
S_subparietal 1312 909 1783 2.354 0.378 0.125 0.022 10 1.4
S_temporal_inf 1820 1261 2526 2.266 0.578 0.113 0.017 12 1.6
S_temporal_sup 7308 4845 10751 2.352 0.460 0.099 0.017 47 5.3
S_temporal_transverse 141 95 155 1.821 0.354 0.148 0.023 2 0.2
