StructName NumVert SurfArea GrayVol ThickAvg ThickStd MeanCurv GausCurv FoldInd CurvInd
G_and_S_frontomargin 1293 962 2240 2.089 0.521 0.149 0.034 18 2.1
G_and_S_occipital_inf 1978 1288 3492 2.217 0.668 0.129 0.028 22 2.5
G_and_S_paracentral 1839 1102 2511 1.997 0.517 0.108 0.021 17 1.6
G_and_S_subcentral 1323 894 2924 2.800 0.569 0.124 0.020 14 1.1
G_and_S_transv_frontopol 939 723 2425 2.588 0.575 0.163 0.045 20 1.8
G_and_S_cingul-Ant 2560 1715 4400 2.463 0.567 0.110 0.021 23 2.4
G_and_S_cingul-Mid-Ant 1791 1130 2934 2.517 0.419 0.104 0.016 14 1.2
G_and_S_cingul-Mid-Post 1400 938 2250 2.275 0.612 0.111 0.022 12 1.2
G_cingul-Post-dorsal 645 414 1598 2.906 0.632 0.139 0.030 9 0.9
G_cingul-Post-ventral 261 173 437 2.122 0.762 0.161 0.047 4 0.4
G_cuneus 1926 1311 1885 1.397 0.423 0.142 0.033 25 2.8
G_front_inf-Opercular 1465 1024 3679 2.838 0.416 0.136 0.026 22 1.6
G_front_inf-Orbital 414 262 1163 3.008 0.495 0.121 0.026 6 0.4
G_front_inf-Triangul 985 663 2257 2.651 0.494 0.119 0.023 11 1.0
G_front_middle 4628 3308 10228 2.445 0.554 0.140 0.031 73 6.0
G_front_sup 7835 5136 17117 2.711 0.556 0.123 0.026 92 8.2
G_Ins_lg_and_S_cent_ins 626 440 1474 3.102 0.726 0.128 0.035 7 0.8
G_insular_short 599 380 2145 3.817 0.748 0.110 0.025 5 0.6
G_occipital_middle 2947 1866 5609 2.381 0.491 0.129 0.026 42 3.1
G_occipital_sup 1512 960 1834 1.766 0.536 0.125 0.030 17 1.8
G_oc-temp_lat-fusifor 1828 1182 4225 2.811 0.468 0.135 0.028 24 2.0
G_oc-temp_med-Lingual 3682 2584 4313 1.559 0.514 0.152 0.036 51 5.6
G_oc-temp_med-Parahip 1279 767 3073 2.997 0.911 0.082 0.015 6 0.7
G_orbital 2499 1764 5862 2.717 0.635 0.140 0.030 39 3.0
G_pariet_inf-Angular 2751 1944 5714 2.336 0.520 0.136 0.029 44 3.5
G_pariet_inf-Supramar 3210 2194 6793 2.537 0.523 0.125 0.025 38 3.3
G_parietal_sup 3033 1983 5602 2.274 0.515 0.125 0.025 37 3.0
G_postcentral 2557 1565 4015 2.111 0.480 0.116 0.027 28 2.8
G_precentral 3344 1762 6204 2.694 0.504 0.095 0.019 27 2.5
G_precuneus 2743 1947 4700 2.107 0.511 0.141 0.032 35 3.8
G_rectus 1135 764 2288 2.397 0.568 0.134 0.025 20 1.2
G_subcallosal 612 374 921 2.300 1.048 0.102 0.030 5 0.6
G_temp_sup-G_T_transv 530 296 847 2.438 0.399 0.083 0.017 4 0.3
G_temp_sup-Lateral 2240 1487 6276 2.990 0.694 0.121 0.023 30 2.3
G_temp_sup-Plan_polar 698 467 1805 3.450 0.663 0.075 0.012 2 0.3
G_temp_sup-Plan_tempo 1305 873 2523 2.560 0.562 0.104 0.018 12 0.9
G_temporal_inf 3366 2307 9407 3.022 0.689 0.136 0.028 55 3.9
G_temporal_middle 2897 2031 7986 2.972 0.649 0.126 0.025 38 2.9
Lat_Fis-ant-Horizont 287 197 385 2.312 0.255 0.103 0.015 2 0.2
Lat_Fis-ant-Vertical 314 233 608 2.574 0.389 0.130 0.031 3 0.4
Lat_Fis-post 1169 769 1319 2.016 0.583 0.109 0.022 8 1.1
Pole_occipital 2410 1504 2646 1.658 0.474 0.137 0.034 30 3.5
Pole_temporal 1820 1263 5741 3.370 0.687 0.129 0.030 21 2.2
S_calcarine 1979 1405 1614 1.363 0.549 0.137 0.031 25 3.0
S_central 2929 1957 2865 1.625 0.480 0.110 0.021 19 2.8
S_cingul-Marginalis 1252 831 1470 1.893 0.425 0.092 0.014 6 0.7
S_circular_insula_ant 564 395 873 2.673 0.442 0.110 0.023 3 0.6
S_circular_insula_inf 1397 935 2103 2.662 0.601 0.078 0.012 5 0.7
S_circular_insula_sup 1744 1145 2400 2.429 0.549 0.097 0.016 8 1.3
S_collat_transv_ant 1069 726 1903 2.584 0.542 0.119 0.022 10 0.9
S_collat_transv_post 660 456 667 1.778 0.466 0.132 0.023 7 0.6
S_front_inf 2352 1586 3253 2.134 0.428 0.111 0.022 18 2.1
S_front_middle 1491 1071 1894 1.910 0.451 0.123 0.029 15 1.8
S_front_sup 3012 2107 4465 2.161 0.450 0.108 0.019 23 2.5
S_interm_prim-Jensen 991 715 1129 1.887 0.413 0.127 0.019 8 0.9
S_intrapariet_and_P_trans 2646 1803 3191 1.812 0.432 0.110 0.018 23 2.1
S_oc_middle_and_Lunatus 1337 922 1318 1.695 0.309 0.134 0.027 13 1.6
S_oc_sup_and_transversal 1286 845 1399 1.886 0.431 0.100 0.017 8 0.9
S_occipital_ant 1049 715 1430 2.125 0.396 0.115 0.024 8 1.0
S_oc-temp_lat 1288 883 2139 2.736 0.519 0.114 0.021 9 1.2
S_oc-temp_med_and_Lingual 2098 1443 2833 2.253 0.554 0.112 0.021 14 1.9
S_orbital_lateral 401 287 492 1.953 0.330 0.122 0.020 3 0.4
S_orbital_med-olfact 812 549 1085 2.322 0.596 0.115 0.018 7 0.6
S_orbital-H_Shaped 1440 989 2432 2.652 0.678 0.129 0.025 13 1.7
S_parieto_occipital 2313 1578 2666 1.864 0.492 0.122 0.024 21 2.4
S_pericallosal 1656 1087 1783 1.991 0.711 0.131 0.020 26 1.4
S_postcentral 3351 2214 3851 1.897 0.400 0.105 0.018 22 2.7
S_precentral-inf-part 1451 985 2022 2.284 0.436 0.098 0.017 8 1.0
S_precentral-sup-part 1447 964 2021 2.189 0.539 0.101 0.018 10 0.9
S_suborbital 811 551 1005 2.125 0.557 0.115 0.016 7 0.5
S_subparietal 1233 844 1542 2.200 0.435 0.124 0.024 9 1.3
S_temporal_inf 1619 1116 2129 2.211 0.436 0.118 0.017 13 1.4
S_temporal_sup 7177 4803 10950 2.403 0.469 0.096 0.015 44 4.6
S_temporal_transverse 165 117 228 2.196 0.362 0.130 0.016 2 0.1
