StructName NumVert SurfArea GrayVol ThickAvg ThickStd MeanCurv GausCurv FoldInd CurvInd
G_and_S_frontomargin 1316 1004 2213 1.984 0.568 0.165 0.044 23 2.8
G_and_S_occipital_inf 1724 1199 3649 2.288 0.710 0.138 0.029 22 2.2
G_and_S_paracentral 2135 1311 2947 2.024 0.489 0.116 0.035 24 2.7
G_and_S_subcentral 1468 1005 3468 2.893 0.613 0.126 0.025 15 1.4
G_and_S_transv_frontopol 955 732 2348 2.456 0.631 0.166 0.041 17 1.8
G_and_S_cingul-Ant 2623 1825 4713 2.438 0.627 0.112 0.024 27 2.6
G_and_S_cingul-Mid-Ant 1808 1187 3229 2.515 0.506 0.104 0.021 14 1.4
G_and_S_cingul-Mid-Post 1583 1119 2751 2.373 0.552 0.113 0.024 12 1.6
G_cingul-Post-dorsal 635 452 1722 2.892 0.726 0.146 0.041 10 0.9
G_cingul-Post-ventral 284 206 541 2.130 0.784 0.175 0.047 6 0.5
G_cuneus 1967 1413 2087 1.454 0.471 0.154 0.037 29 3.3
G_front_inf-Opercular 1491 1107 4160 2.879 0.503 0.144 0.032 22 1.7
G_front_inf-Orbital 393 279 1264 3.058 0.488 0.135 0.032 12 0.4
G_front_inf-Triangul 1005 690 2514 2.694 0.622 0.124 0.028 12 1.0
G_front_middle 4963 3488 12365 2.648 0.704 0.139 0.035 72 6.6
G_front_sup 8224 5761 18990 2.666 0.661 0.136 0.036 105 11.1
G_Ins_lg_and_S_cent_ins 570 421 1592 3.336 0.838 0.134 0.044 7 0.9
G_insular_short 562 419 2300 3.794 0.714 0.133 0.036 5 0.9
G_occipital_middle 2809 1952 6216 2.389 0.689 0.135 0.029 45 3.1
G_occipital_sup 1472 1029 2151 1.862 0.536 0.139 0.032 18 1.9
G_oc-temp_lat-fusifor 1907 1328 5288 2.981 0.544 0.143 0.033 26 2.3
G_oc-temp_med-Lingual 3561 2524 5280 1.795 0.725 0.148 0.037 51 5.4
G_oc-temp_med-Parahip 1462 967 3590 2.734 0.796 0.125 0.042 16 2.3
G_orbital 2514 1913 6421 2.586 0.816 0.157 0.042 48 4.2
G_pariet_inf-Angular 2600 1883 6312 2.474 0.723 0.134 0.030 41 2.9
G_pariet_inf-Supramar 3199 2224 7891 2.705 0.687 0.128 0.031 39 4.0
G_parietal_sup 2997 2032 6049 2.284 0.612 0.122 0.026 36 2.8
G_postcentral 2583 1701 4419 2.108 0.520 0.128 0.037 31 3.4
G_precentral 3018 1913 6913 2.685 0.689 0.121 0.038 31 4.1
G_precuneus 2520 1858 4976 2.257 0.549 0.145 0.037 41 3.8
G_rectus 1092 755 2293 2.352 0.586 0.131 0.031 17 1.3
G_subcallosal 736 512 1281 2.532 0.858 0.121 0.038 8 0.8
G_temp_sup-G_T_transv 532 354 973 2.416 0.434 0.096 0.025 4 0.5
G_temp_sup-Lateral 2390 1682 6645 2.763 0.991 0.136 0.041 34 4.2
G_temp_sup-Plan_polar 703 483 1837 3.219 0.541 0.100 0.026 4 0.8
G_temp_sup-Plan_tempo 1447 1001 2539 2.340 0.575 0.121 0.034 15 1.8
G_temporal_inf 2949 2236 8733 2.846 0.810 0.152 0.041 53 4.8
G_temporal_middle 2829 2055 8247 2.967 0.731 0.132 0.033 40 3.4
Lat_Fis-ant-Horizont 303 197 393 2.177 0.364 0.097 0.017 1 0.2
Lat_Fis-ant-Vertical 337 244 608 2.382 0.469 0.128 0.027 3 0.4
Lat_Fis-post 1214 794 1505 2.205 0.511 0.108 0.024 8 1.2
Pole_occipital 2467 1611 3254 1.780 0.563 0.137 0.037 31 3.6
Pole_temporal 1705 1413 6035 2.995 0.802 0.161 0.046 27 3.5
S_calcarine 2134 1447 2231 1.721 0.511 0.108 0.024 14 2.2
S_central 3150 2076 3185 1.713 0.490 0.109 0.023 19 3.2
S_cingul-Marginalis 1286 841 1589 2.028 0.395 0.091 0.015 5 0.8
S_circular_insula_ant 511 335 711 2.519 0.514 0.108 0.023 2 0.6
S_circular_insula_inf 1512 955 2089 2.550 0.518 0.081 0.017 7 1.1
S_circular_insula_sup 1745 1124 2335 2.366 0.527 0.096 0.018 7 1.4
S_collat_transv_ant 1123 806 2177 2.493 0.599 0.124 0.028 13 1.3
S_collat_transv_post 620 420 641 1.790 0.425 0.122 0.020 5 0.5
S_front_inf 2450 1661 3644 2.194 0.474 0.115 0.025 19 2.6
S_front_middle 1641 1139 1969 1.934 0.400 0.121 0.028 14 2.0
S_front_sup 3245 2255 5476 2.337 0.515 0.105 0.019 23 2.5
S_interm_prim-Jensen 1000 659 1054 1.849 0.385 0.109 0.020 6 0.9
S_intrapariet_and_P_trans 2504 1718 3202 1.862 0.499 0.105 0.019 19 2.0
S_oc_middle_and_Lunatus 1383 927 1411 1.684 0.327 0.123 0.025 11 1.6
S_oc_sup_and_transversal 1303 845 1396 1.764 0.348 0.095 0.017 7 0.8
S_occipital_ant 1068 718 1350 1.946 0.392 0.112 0.024 8 1.0
S_oc-temp_lat 1279 845 1963 2.582 0.527 0.106 0.023 8 1.1
S_oc-temp_med_and_Lingual 2080 1407 3032 2.344 0.518 0.107 0.019 12 1.7
S_orbital_lateral 395 274 381 1.490 0.325 0.123 0.022 3 0.4
S_orbital_med-olfact 902 606 1147 2.126 0.711 0.113 0.021 7 0.7
S_orbital-H_Shaped 1469 1023 2628 2.445 0.672 0.121 0.025 11 1.7
S_parieto_occipital 2388 1590 2868 1.937 0.414 0.113 0.023 20 2.2
S_pericallosal 1945 1212 2055 1.937 0.771 0.123 0.020 25 1.5
S_postcentral 3672 2430 4482 1.951 0.426 0.104 0.020 25 3.2
S_precentral-inf-part 1570 1037 2242 2.386 0.440 0.096 0.019 7 1.3
S_precentral-sup-part 1649 1104 2378 2.253 0.534 0.103 0.020 10 1.5
S_suborbital 733 493 831 1.944 0.375 0.116 0.016 6 0.5
S_subparietal 1423 972 1873 2.230 0.420 0.119 0.024 10 1.6
S_temporal_inf 1804 1212 2375 2.142 0.498 0.117 0.021 15 1.7
S_temporal_sup 7591 5083 11734 2.308 0.530 0.100 0.019 50 6.3
S_temporal_transverse 108 86 199 2.591 0.437 0.143 0.025 1 0.1
