StructName NumVert SurfArea GrayVol ThickAvg ThickStd MeanCurv GausCurv FoldInd CurvInd
G_and_S_frontomargin 1403 1011 2843 2.385 0.622 0.141 0.033 18 1.8
G_and_S_occipital_inf 1775 1248 4424 2.776 0.599 0.137 0.027 23 2.2
G_and_S_paracentral 1916 1256 3785 2.487 0.596 0.121 0.037 20 2.5
G_and_S_subcentral 2022 1374 3756 2.477 0.629 0.138 0.041 27 3.4
G_and_S_transv_frontopol 769 609 2304 2.898 0.598 0.164 0.041 15 1.1
G_and_S_cingul-Ant 3256 2215 6404 2.731 0.527 0.109 0.026 37 3.2
G_and_S_cingul-Mid-Ant 1369 918 2569 2.643 0.457 0.093 0.018 10 1.1
G_and_S_cingul-Mid-Post 1576 1110 3015 2.691 0.440 0.118 0.027 18 1.6
G_cingul-Post-dorsal 661 457 1827 3.132 0.670 0.133 0.030 9 0.7
G_cingul-Post-ventral 306 202 766 3.071 0.731 0.094 0.026 2 0.2
G_cuneus 2279 1523 3302 1.857 0.606 0.147 0.042 39 3.7
G_front_inf-Opercular 1367 1006 4022 2.960 0.412 0.130 0.033 22 1.6
G_front_inf-Orbital 560 326 1399 2.905 0.485 0.121 0.030 9 0.7
G_front_inf-Triangul 1599 1086 3867 2.699 0.514 0.124 0.028 22 1.5
G_front_middle 5502 3872 14796 2.794 0.712 0.128 0.030 88 5.9
G_front_sup 10885 7305 24957 2.757 0.647 0.125 0.035 138 14.0
G_Ins_lg_and_S_cent_ins 698 499 1712 3.217 0.770 0.136 0.044 12 1.1
G_insular_short 738 616 2979 3.761 0.713 0.167 0.054 14 1.6
G_occipital_middle 2249 1520 5260 2.620 0.522 0.141 0.033 42 2.7
G_occipital_sup 1308 873 2305 2.195 0.603 0.126 0.030 17 1.4
G_oc-temp_lat-fusifor 1911 1393 5336 2.891 0.527 0.138 0.033 36 2.5
G_oc-temp_med-Lingual 3342 2393 5263 1.970 0.714 0.156 0.043 57 6.1
G_oc-temp_med-Parahip 1580 1075 4597 3.188 0.768 0.110 0.032 15 1.9
G_orbital 2805 2018 6946 2.672 0.849 0.145 0.046 128 4.2
G_pariet_inf-Angular 3088 2135 8180 2.851 0.593 0.132 0.030 50 3.3
G_pariet_inf-Supramar 3636 2473 8756 2.779 0.685 0.124 0.028 48 4.0
G_parietal_sup 3675 2587 8273 2.471 0.594 0.121 0.025 49 3.6
G_postcentral 2992 1955 6465 2.499 0.599 0.129 0.034 44 3.6
G_precentral 3243 2067 9105 3.140 0.584 0.116 0.026 30 3.4
G_precuneus 3464 2415 7754 2.551 0.553 0.125 0.031 52 3.9
G_rectus 1172 862 2963 2.615 0.572 0.133 0.039 23 1.4
G_subcallosal 684 411 1009 2.380 0.876 0.092 0.039 6 0.8
G_temp_sup-G_T_transv 844 578 2108 2.762 0.371 0.122 0.032 14 0.9
G_temp_sup-Lateral 3476 2393 8232 2.672 0.887 0.153 0.044 59 6.4
G_temp_sup-Plan_polar 1114 764 3006 3.292 0.612 0.085 0.019 4 0.9
G_temp_sup-Plan_tempo 1572 1024 3082 2.738 0.494 0.090 0.019 10 1.3
G_temporal_inf 3080 2225 8759 2.975 0.835 0.148 0.043 58 5.2
G_temporal_middle 2937 1994 7103 2.760 0.767 0.138 0.039 55 4.8
Lat_Fis-ant-Horizont 488 308 608 2.210 0.375 0.073 0.010 1 0.2
Lat_Fis-ant-Vertical 332 231 526 2.548 0.368 0.107 0.019 2 0.3
Lat_Fis-post 1398 907 1942 2.637 0.421 0.100 0.020 9 1.2
Pole_occipital 2389 1749 4550 2.164 0.625 0.159 0.047 42 4.1
Pole_temporal 1914 1597 7327 3.116 0.787 0.145 0.042 35 2.7
S_calcarine 2447 1665 2966 1.982 0.504 0.112 0.023 19 2.5
S_central 3790 2486 4650 2.133 0.538 0.107 0.022 25 3.6
S_cingul-Marginalis 1266 819 1851 2.453 0.435 0.092 0.017 6 0.9
S_circular_insula_ant 538 357 901 3.015 0.481 0.095 0.017 2 0.4
S_circular_insula_inf 1641 1054 2609 3.013 0.485 0.091 0.017 7 1.3
S_circular_insula_sup 2065 1349 2921 2.586 0.417 0.094 0.018 8 1.6
S_collat_transv_ant 1239 846 2258 2.852 0.560 0.111 0.025 9 1.5
S_collat_transv_post 565 357 634 2.293 0.326 0.108 0.020 3 0.5
S_front_inf 2299 1561 3491 2.318 0.442 0.100 0.020 16 1.9
S_front_middle 1498 1086 2563 2.277 0.443 0.127 0.028 17 1.9
S_front_sup 3858 2594 6756 2.634 0.481 0.102 0.022 30 3.2
S_interm_prim-Jensen 581 385 761 2.385 0.400 0.104 0.016 3 0.5
S_intrapariet_and_P_trans 3641 2368 4865 2.219 0.406 0.100 0.016 24 2.5
S_oc_middle_and_Lunatus 1202 816 1607 2.193 0.371 0.133 0.031 14 1.3
S_oc_sup_and_transversal 1105 741 1380 2.087 0.335 0.109 0.017 9 0.8
S_occipital_ant 592 405 822 2.262 0.300 0.124 0.024 5 0.6
S_oc-temp_lat 1027 712 1529 2.580 0.432 0.118 0.022 8 1.1
S_oc-temp_med_and_Lingual 2477 1690 3901 2.482 0.618 0.103 0.019 18 2.0
S_orbital_lateral 385 259 478 2.085 0.414 0.111 0.022 2 0.4
S_orbital_med-olfact 938 616 1183 2.224 0.539 0.098 0.018 5 0.7
S_orbital-H_Shaped 1802 1287 3768 2.945 0.607 0.130 0.028 19 2.2
S_parieto_occipital 2292 1543 3457 2.429 0.467 0.118 0.021 19 2.3
S_pericallosal 1359 824 1307 1.876 0.577 0.114 0.021 17 1.1
S_postcentral 3472 2360 5009 2.268 0.425 0.105 0.020 23 3.1
S_precentral-inf-part 1828 1232 2906 2.498 0.462 0.105 0.020 15 1.4
S_precentral-sup-part 1454 938 2166 2.682 0.452 0.090 0.016 5 1.0
S_suborbital 798 558 1273 2.473 0.600 0.136 0.026 8 1.0
S_subparietal 1135 752 1558 2.331 0.385 0.101 0.018 6 0.9
S_temporal_inf 1540 1045 2219 2.540 0.427 0.116 0.023 10 1.6
S_temporal_sup 7637 5137 12840 2.525 0.519 0.106 0.021 55 6.6
S_temporal_transverse 834 529 1049 2.439 0.283 0.095 0.019 4 0.7
