StructName NumVert SurfArea GrayVol ThickAvg ThickStd MeanCurv GausCurv FoldInd CurvInd
G_and_S_frontomargin 1302 920 2297 2.260 0.561 0.142 0.034 19 1.8
G_and_S_occipital_inf 1856 1300 4326 2.699 0.569 0.137 0.031 24 2.2
G_and_S_paracentral 1894 1064 3468 2.666 0.523 0.095 0.018 15 1.4
G_and_S_subcentral 1827 1269 4015 2.872 0.423 0.125 0.026 18 2.0
G_and_S_transv_frontopol 823 690 2507 2.780 0.717 0.185 0.053 21 1.7
G_and_S_cingul-Ant 2235 1535 4563 2.667 0.704 0.101 0.018 16 1.9
G_and_S_cingul-Mid-Ant 1267 840 2271 2.619 0.446 0.084 0.012 7 0.7
G_and_S_cingul-Mid-Post 1532 1047 2979 2.826 0.463 0.106 0.020 14 1.3
G_cingul-Post-dorsal 635 431 1799 3.123 0.651 0.128 0.022 8 0.7
G_cingul-Post-ventral 291 177 607 2.919 0.819 0.077 0.017 2 0.1
G_cuneus 2395 1551 3065 1.790 0.523 0.147 0.037 32 4.3
G_front_inf-Opercular 1257 908 3519 2.918 0.407 0.126 0.027 17 1.3
G_front_inf-Orbital 506 314 1189 2.663 0.364 0.123 0.021 7 0.5
G_front_inf-Triangul 1456 1004 3601 2.716 0.540 0.126 0.024 19 1.4
G_front_middle 4892 3612 12203 2.598 0.564 0.135 0.028 74 5.7
G_front_sup 9828 6725 22897 2.759 0.621 0.119 0.022 105 9.1
G_Ins_lg_and_S_cent_ins 738 486 1758 3.506 0.533 0.119 0.029 9 0.9
G_insular_short 798 579 2982 3.885 0.678 0.136 0.032 12 1.0
G_occipital_middle 2336 1611 4861 2.493 0.433 0.148 0.033 37 3.2
G_occipital_sup 1343 868 1894 2.005 0.500 0.124 0.028 15 1.5
G_oc-temp_lat-fusifor 1884 1345 5095 3.022 0.593 0.139 0.033 31 2.4
G_oc-temp_med-Lingual 3370 2347 4955 1.890 0.657 0.151 0.038 51 5.1
G_oc-temp_med-Parahip 1667 1031 4609 3.259 0.846 0.090 0.018 11 1.1
G_orbital 2386 1758 6025 2.719 0.656 0.131 0.029 37 2.7
G_pariet_inf-Angular 2736 1929 6826 2.791 0.487 0.139 0.031 39 3.3
G_pariet_inf-Supramar 3338 2295 7809 2.730 0.576 0.123 0.024 41 3.2
G_parietal_sup 3827 2556 7995 2.467 0.603 0.121 0.024 48 3.7
G_postcentral 2622 1732 5002 2.310 0.536 0.126 0.027 33 2.8
G_precentral 3205 1898 7585 2.986 0.431 0.104 0.018 26 2.4
G_precuneus 3124 2173 6929 2.595 0.493 0.125 0.026 41 3.3
G_rectus 1001 713 2577 2.658 0.547 0.128 0.038 30 1.4
G_subcallosal 542 328 669 2.103 0.747 0.087 0.035 4 0.6
G_temp_sup-G_T_transv 721 475 1605 2.669 0.354 0.105 0.019 8 0.6
G_temp_sup-Lateral 2306 1599 6491 3.035 0.562 0.131 0.025 35 2.4
G_temp_sup-Plan_polar 934 604 2492 3.572 0.595 0.062 0.010 2 0.3
G_temp_sup-Plan_tempo 1208 825 2531 2.803 0.520 0.083 0.015 6 0.7
G_temporal_inf 3036 2173 8750 3.158 0.672 0.135 0.026 52 3.4
G_temporal_middle 2752 2013 8047 2.952 0.601 0.132 0.028 44 3.2
Lat_Fis-ant-Horizont 426 278 526 2.185 0.333 0.075 0.007 1 0.1
Lat_Fis-ant-Vertical 275 204 438 2.506 0.413 0.123 0.017 2 0.2
Lat_Fis-post 1343 896 1878 2.649 0.551 0.100 0.019 8 1.0
Pole_occipital 2278 1483 3424 1.978 0.648 0.144 0.039 30 3.7
Pole_temporal 1920 1487 7163 3.321 0.755 0.133 0.031 25 2.4
S_calcarine 2453 1630 2471 1.716 0.601 0.120 0.025 23 2.6
S_central 3756 2452 4284 2.009 0.565 0.105 0.018 25 2.9
S_cingul-Marginalis 1224 821 1840 2.513 0.442 0.093 0.012 6 0.6
S_circular_insula_ant 531 360 893 3.053 0.512 0.094 0.015 2 0.4
S_circular_insula_inf 1555 1003 2543 3.199 0.604 0.078 0.010 5 0.6
S_circular_insula_sup 1887 1247 2640 2.620 0.412 0.091 0.014 7 1.2
S_collat_transv_ant 1130 748 2005 3.048 0.515 0.096 0.015 6 0.8
S_collat_transv_post 588 393 693 2.238 0.457 0.110 0.022 4 0.5
S_front_inf 2175 1488 3112 2.253 0.411 0.099 0.016 15 1.4
S_front_middle 1413 1043 2334 2.213 0.561 0.134 0.026 20 1.8
S_front_sup 2963 1990 4590 2.520 0.432 0.093 0.015 17 2.0
S_interm_prim-Jensen 551 373 700 2.428 0.480 0.105 0.016 3 0.5
S_intrapariet_and_P_trans 3477 2288 4825 2.372 0.400 0.100 0.014 22 2.2
S_oc_middle_and_Lunatus 1107 744 1400 2.145 0.366 0.127 0.028 10 1.2
S_oc_sup_and_transversal 1113 757 1379 2.101 0.450 0.113 0.017 10 0.8
S_occipital_ant 533 378 760 2.296 0.339 0.130 0.034 6 0.7
S_oc-temp_lat 885 606 1297 2.680 0.488 0.115 0.019 6 0.7
S_oc-temp_med_and_Lingual 2418 1637 3731 2.592 0.637 0.098 0.016 15 1.6
S_orbital_lateral 342 230 405 2.121 0.484 0.111 0.019 2 0.3
S_orbital_med-olfact 773 518 1010 2.252 0.669 0.108 0.020 6 0.6
S_orbital-H_Shaped 1513 1087 3099 2.899 0.681 0.134 0.028 17 1.9
S_parieto_occipital 2332 1578 3464 2.439 0.495 0.117 0.020 18 2.2
S_pericallosal 1393 858 1290 1.874 0.539 0.112 0.016 17 1.0
S_postcentral 3349 2266 4822 2.320 0.445 0.103 0.017 21 2.5
S_precentral-inf-part 1745 1182 2732 2.575 0.406 0.102 0.016 12 1.1
S_precentral-sup-part 1512 994 2301 2.699 0.448 0.086 0.012 6 0.7
S_suborbital 979 707 1767 2.761 0.716 0.138 0.022 10 1.1
S_subparietal 1187 810 1700 2.443 0.421 0.107 0.018 7 0.9
S_temporal_inf 2106 1438 3216 2.731 0.569 0.119 0.020 14 2.2
S_temporal_sup 6525 4469 11219 2.601 0.464 0.108 0.019 49 5.2
S_temporal_transverse 634 421 850 2.487 0.338 0.086 0.010 3 0.3
