StructName NumVert SurfArea GrayVol ThickAvg ThickStd MeanCurv GausCurv FoldInd CurvInd
G_and_S_frontomargin 1252 955 2632 2.489 0.625 0.151 0.037 18 2.0
G_and_S_occipital_inf 1827 1277 4315 2.711 0.558 0.140 0.028 25 2.2
G_and_S_paracentral 1851 1084 3527 2.673 0.533 0.099 0.019 15 1.5
G_and_S_subcentral 1821 1257 3883 2.781 0.401 0.125 0.026 18 2.0
G_and_S_transv_frontopol 755 642 2396 2.909 0.715 0.182 0.045 19 1.3
G_and_S_cingul-Ant 2386 1639 4857 2.703 0.625 0.106 0.019 19 2.0
G_and_S_cingul-Mid-Ant 1341 881 2476 2.652 0.458 0.088 0.015 8 0.8
G_and_S_cingul-Mid-Post 1532 1079 2920 2.707 0.428 0.113 0.025 17 1.6
G_cingul-Post-dorsal 680 467 1828 2.989 0.599 0.133 0.026 10 0.8
G_cingul-Post-ventral 306 196 694 2.934 0.760 0.084 0.016 1 0.2
G_cuneus 2298 1539 3054 1.789 0.473 0.149 0.036 33 3.5
G_front_inf-Opercular 1309 928 3757 2.966 0.475 0.128 0.030 20 1.5
G_front_inf-Orbital 441 277 1165 2.839 0.390 0.134 0.027 6 0.6
G_front_inf-Triangul 1480 1056 3774 2.695 0.532 0.135 0.028 22 1.6
G_front_middle 5068 3795 13106 2.661 0.601 0.138 0.030 79 6.0
G_front_sup 10000 6829 23813 2.826 0.597 0.122 0.024 110 9.9
G_Ins_lg_and_S_cent_ins 817 540 1782 3.210 0.733 0.123 0.041 9 1.2
G_insular_short 725 524 2730 3.754 0.707 0.143 0.035 11 1.1
G_occipital_middle 2251 1499 4920 2.609 0.451 0.140 0.032 34 2.8
G_occipital_sup 1295 837 2001 2.113 0.530 0.122 0.027 14 1.4
G_oc-temp_lat-fusifor 1828 1312 4852 2.951 0.452 0.143 0.034 31 2.6
G_oc-temp_med-Lingual 3354 2348 5274 1.967 0.674 0.153 0.036 51 5.2
G_oc-temp_med-Parahip 1595 1007 4281 3.179 0.825 0.095 0.022 12 1.4
G_orbital 2495 1783 6423 2.831 0.726 0.129 0.029 36 2.9
G_pariet_inf-Angular 2786 1902 6952 2.839 0.494 0.135 0.029 41 3.0
G_pariet_inf-Supramar 3420 2352 8044 2.774 0.580 0.124 0.024 42 3.3
G_parietal_sup 3853 2599 8379 2.529 0.617 0.118 0.023 47 3.5
G_postcentral 3154 2060 5972 2.376 0.536 0.125 0.026 37 3.3
G_precentral 3304 2004 8195 3.060 0.479 0.106 0.020 27 2.6
G_precuneus 3178 2149 7327 2.685 0.525 0.122 0.024 41 3.1
G_rectus 1182 891 2977 2.591 0.521 0.140 0.033 21 1.7
G_subcallosal 571 390 832 2.147 0.748 0.124 0.051 7 0.9
G_temp_sup-G_T_transv 778 495 1701 2.662 0.317 0.110 0.022 9 0.8
G_temp_sup-Lateral 2794 1942 7183 2.924 0.583 0.130 0.026 39 3.0
G_temp_sup-Plan_polar 917 603 2455 3.451 0.524 0.070 0.012 3 0.5
G_temp_sup-Plan_tempo 1222 842 2591 2.785 0.524 0.091 0.014 7 0.8
G_temporal_inf 2909 2185 8673 3.117 0.677 0.148 0.034 58 4.0
G_temporal_middle 2778 2078 8102 2.865 0.608 0.133 0.027 44 3.4
Lat_Fis-ant-Horizont 466 301 596 2.238 0.405 0.077 0.009 1 0.2
Lat_Fis-ant-Vertical 288 206 444 2.403 0.346 0.110 0.017 1 0.2
Lat_Fis-post 1544 1028 2284 2.635 0.439 0.105 0.020 10 1.3
Pole_occipital 2370 1555 3756 2.091 0.551 0.147 0.036 35 3.6
Pole_temporal 2057 1544 7324 3.301 0.764 0.134 0.033 27 2.4
S_calcarine 2484 1683 2557 1.756 0.535 0.124 0.026 24 2.8
S_central 3726 2431 4264 2.026 0.554 0.107 0.020 26 3.2
S_cingul-Marginalis 1291 849 1964 2.575 0.396 0.096 0.013 7 0.8
S_circular_insula_ant 561 374 942 3.020 0.464 0.099 0.018 2 0.5
S_circular_insula_inf 1612 1045 2572 3.085 0.530 0.085 0.014 6 1.1
S_circular_insula_sup 2015 1327 2863 2.598 0.446 0.094 0.016 8 1.4
S_collat_transv_ant 1311 867 2381 2.954 0.496 0.099 0.017 8 1.0
S_collat_transv_post 607 402 685 2.231 0.443 0.113 0.020 4 0.5
S_front_inf 2184 1497 3141 2.228 0.427 0.100 0.016 15 1.5
S_front_middle 1380 1033 2432 2.366 0.494 0.137 0.030 19 1.8
S_front_sup 3197 2147 5105 2.541 0.462 0.098 0.017 20 2.5
S_interm_prim-Jensen 515 358 677 2.387 0.423 0.110 0.015 3 0.4
S_intrapariet_and_P_trans 3501 2304 4974 2.441 0.354 0.102 0.014 23 2.1
S_oc_middle_and_Lunatus 1050 707 1358 2.216 0.352 0.129 0.028 10 1.2
S_oc_sup_and_transversal 1160 789 1529 2.222 0.425 0.110 0.015 9 0.8
S_occipital_ant 551 389 766 2.249 0.243 0.130 0.024 5 0.5
S_oc-temp_lat 962 678 1487 2.559 0.410 0.126 0.022 9 0.9
S_oc-temp_med_and_Lingual 2460 1669 3804 2.518 0.577 0.102 0.018 17 1.8
S_orbital_lateral 365 254 460 2.082 0.461 0.114 0.019 2 0.3
S_orbital_med-olfact 772 522 977 2.244 0.573 0.109 0.016 5 0.5
S_orbital-H_Shaped 1644 1165 3275 2.905 0.587 0.135 0.031 17 2.4
S_parieto_occipital 2340 1587 3389 2.405 0.501 0.124 0.022 21 2.4
S_pericallosal 1351 824 1215 1.819 0.483 0.112 0.018 17 1.0
S_postcentral 3117 2062 4433 2.348 0.400 0.101 0.018 21 2.4
S_precentral-inf-part 1829 1221 2756 2.488 0.356 0.104 0.017 13 1.3
S_precentral-sup-part 1465 959 2209 2.656 0.429 0.091 0.014 6 0.9
S_suborbital 832 604 1474 2.703 0.611 0.138 0.023 10 0.9
S_subparietal 1195 811 1700 2.431 0.386 0.106 0.018 7 0.9
S_temporal_inf 2021 1360 2901 2.599 0.544 0.120 0.021 14 2.1
S_temporal_sup 6167 4276 10855 2.526 0.436 0.111 0.019 50 5.0
S_temporal_transverse 678 438 866 2.402 0.288 0.088 0.012 3 0.3
