StructName NumVert SurfArea GrayVol ThickAvg ThickStd MeanCurv GausCurv FoldInd CurvInd
G_and_S_frontomargin 1277 951 2533 2.334 0.641 0.143 0.033 15 1.6
G_and_S_occipital_inf 1719 1292 4080 2.640 0.516 0.157 0.032 27 2.6
G_and_S_paracentral 1826 1063 3557 2.704 0.524 0.096 0.018 14 1.3
G_and_S_subcentral 1825 1249 3911 2.809 0.433 0.117 0.025 16 1.9
G_and_S_transv_frontopol 715 606 2310 2.861 0.770 0.184 0.048 15 1.6
G_and_S_cingul-Ant 2468 1677 5231 2.950 0.576 0.103 0.017 21 1.8
G_and_S_cingul-Mid-Ant 1396 921 2558 2.728 0.455 0.090 0.013 7 0.8
G_and_S_cingul-Mid-Post 1475 1045 2966 2.767 0.475 0.118 0.024 16 1.7
G_cingul-Post-dorsal 579 391 1675 3.161 0.643 0.134 0.027 7 0.7
G_cingul-Post-ventral 301 182 674 2.992 0.867 0.067 0.015 1 0.1
G_cuneus 2083 1476 3248 1.864 0.540 0.148 0.032 28 2.9
G_front_inf-Opercular 1338 914 4047 3.159 0.520 0.123 0.028 20 1.5
G_front_inf-Orbital 453 288 1138 2.730 0.465 0.133 0.024 6 0.5
G_front_inf-Triangul 1466 1033 4004 2.864 0.561 0.130 0.028 20 1.5
G_front_middle 4982 3623 12756 2.703 0.621 0.134 0.029 76 6.2
G_front_sup 9505 6418 23523 2.913 0.635 0.118 0.024 101 8.9
G_Ins_lg_and_S_cent_ins 742 511 1757 3.390 0.635 0.128 0.041 8 1.2
G_insular_short 826 587 2873 3.581 0.657 0.132 0.033 12 1.0
G_occipital_middle 2040 1478 4835 2.559 0.502 0.153 0.031 33 2.6
G_occipital_sup 1174 813 1918 2.070 0.511 0.129 0.026 13 1.2
G_oc-temp_lat-fusifor 1933 1390 5210 2.924 0.558 0.147 0.037 36 3.0
G_oc-temp_med-Lingual 3076 2155 5208 2.090 0.690 0.152 0.034 47 4.3
G_oc-temp_med-Parahip 1734 1111 4798 3.264 0.832 0.100 0.023 13 1.7
G_orbital 2425 1761 6281 2.783 0.732 0.131 0.031 35 3.1
G_pariet_inf-Angular 2740 1923 7006 2.826 0.571 0.138 0.029 40 3.2
G_pariet_inf-Supramar 3546 2440 8598 2.777 0.643 0.126 0.024 45 3.5
G_parietal_sup 3693 2600 7974 2.398 0.671 0.122 0.024 46 3.6
G_postcentral 2777 1814 5177 2.298 0.556 0.123 0.027 31 3.0
G_precentral 3327 1926 8329 3.169 0.484 0.102 0.018 27 2.4
G_precuneus 3097 2187 7487 2.624 0.641 0.132 0.028 45 3.8
G_rectus 1131 854 3112 2.715 0.642 0.135 0.036 20 1.7
G_subcallosal 704 440 938 2.177 0.749 0.104 0.044 10 0.9
G_temp_sup-G_T_transv 788 520 1636 2.590 0.478 0.106 0.025 6 0.8
G_temp_sup-Lateral 2500 1638 6960 3.097 0.651 0.129 0.027 34 2.8
G_temp_sup-Plan_polar 929 606 2579 3.614 0.550 0.062 0.010 2 0.4
G_temp_sup-Plan_tempo 1260 856 2603 2.817 0.504 0.081 0.013 6 0.7
G_temporal_inf 2761 2144 8687 3.125 0.738 0.153 0.036 52 4.3
G_temporal_middle 2802 1985 8582 3.009 0.726 0.129 0.028 41 3.4
Lat_Fis-ant-Horizont 470 296 583 2.167 0.389 0.071 0.006 1 0.1
Lat_Fis-ant-Vertical 293 211 476 2.464 0.339 0.108 0.014 1 0.2
Lat_Fis-post 1360 886 1863 2.675 0.515 0.098 0.017 8 1.0
Pole_occipital 2066 1585 4053 2.204 0.590 0.167 0.040 33 3.5
Pole_temporal 1845 1513 7525 3.324 0.794 0.146 0.036 28 2.6
S_calcarine 2375 1594 2429 1.731 0.486 0.122 0.024 24 2.3
S_central 3738 2474 4401 2.093 0.588 0.108 0.019 26 3.1
S_cingul-Marginalis 1234 818 1826 2.520 0.438 0.093 0.012 6 0.6
S_circular_insula_ant 567 382 980 3.108 0.455 0.095 0.015 2 0.4
S_circular_insula_inf 1581 1031 2660 3.312 0.578 0.084 0.013 6 0.9
S_circular_insula_sup 1991 1308 2783 2.651 0.452 0.093 0.014 7 1.3
S_collat_transv_ant 1136 749 2169 3.062 0.575 0.096 0.016 5 0.8
S_collat_transv_post 584 384 676 2.257 0.400 0.111 0.020 4 0.5
S_front_inf 2145 1456 3141 2.274 0.484 0.098 0.015 13 1.3
S_front_middle 1344 990 2409 2.373 0.488 0.130 0.026 16 1.5
S_front_sup 3455 2338 6027 2.676 0.441 0.099 0.017 22 2.6
S_interm_prim-Jensen 543 371 740 2.491 0.463 0.100 0.015 3 0.4
S_intrapariet_and_P_trans 3325 2169 4586 2.377 0.411 0.099 0.013 21 2.0
S_oc_middle_and_Lunatus 998 677 1277 2.229 0.361 0.125 0.027 9 1.1
S_oc_sup_and_transversal 1133 751 1447 2.180 0.392 0.107 0.014 9 0.7
S_occipital_ant 506 369 732 2.223 0.338 0.137 0.027 5 0.6
S_oc-temp_lat 903 624 1335 2.646 0.449 0.119 0.021 7 0.8
S_oc-temp_med_and_Lingual 2431 1617 3664 2.503 0.632 0.099 0.016 15 1.6
S_orbital_lateral 365 251 471 2.188 0.465 0.111 0.020 2 0.3
S_orbital_med-olfact 730 491 889 2.170 0.447 0.110 0.016 5 0.5
S_orbital-H_Shaped 1560 1111 3244 2.938 0.688 0.132 0.026 16 1.9
S_parieto_occipital 2287 1541 3427 2.455 0.567 0.117 0.019 19 2.0
S_pericallosal 1242 744 1282 2.160 0.556 0.117 0.016 16 0.9
S_postcentral 3432 2284 4842 2.337 0.440 0.101 0.017 21 2.6
S_precentral-inf-part 1812 1229 2953 2.657 0.418 0.103 0.017 13 1.2
S_precentral-sup-part 1508 982 2384 2.830 0.451 0.087 0.013 5 0.8
S_suborbital 959 675 1809 2.834 0.690 0.130 0.022 9 1.1
S_subparietal 1182 790 1625 2.311 0.419 0.103 0.017 6 0.8
S_temporal_inf 1920 1310 2911 2.729 0.487 0.124 0.023 14 2.0
S_temporal_sup 6472 4403 10896 2.556 0.493 0.108 0.019 46 5.1
S_temporal_transverse 653 421 842 2.493 0.344 0.086 0.012 2 0.3
