StructName NumVert SurfArea GrayVol ThickAvg ThickStd MeanCurv GausCurv FoldInd CurvInd
G_and_S_frontomargin 1291 961 2686 2.322 0.676 0.145 0.034 16 1.9
G_and_S_occipital_inf 1861 1328 4437 2.732 0.556 0.145 0.029 24 2.6
G_and_S_paracentral 1831 1137 3860 2.705 0.585 0.104 0.020 16 1.5
G_and_S_subcentral 1890 1271 4074 2.856 0.462 0.123 0.026 18 2.1
G_and_S_transv_frontopol 770 638 2401 2.864 0.773 0.181 0.045 16 1.7
G_and_S_cingul-Ant 2396 1646 5095 2.820 0.628 0.103 0.018 17 1.8
G_and_S_cingul-Mid-Ant 1279 849 2432 2.772 0.475 0.087 0.014 7 0.8
G_and_S_cingul-Mid-Post 1552 1077 2899 2.668 0.456 0.113 0.023 16 1.6
G_cingul-Post-dorsal 646 434 1808 3.109 0.587 0.133 0.027 9 0.8
G_cingul-Post-ventral 300 197 666 2.853 0.764 0.087 0.019 1 0.2
G_cuneus 2387 1643 3508 1.824 0.538 0.150 0.034 34 3.4
G_front_inf-Opercular 1296 908 3852 3.063 0.507 0.126 0.026 19 1.3
G_front_inf-Orbital 461 312 1205 2.701 0.428 0.146 0.025 7 0.6
G_front_inf-Triangul 1476 1051 3848 2.724 0.621 0.132 0.026 21 1.4
G_front_middle 4925 3683 12478 2.579 0.659 0.139 0.031 75 6.5
G_front_sup 9566 6681 23833 2.818 0.675 0.124 0.025 106 10.0
G_Ins_lg_and_S_cent_ins 765 508 1766 3.379 0.734 0.125 0.036 10 1.0
G_insular_short 789 556 2906 3.811 0.730 0.138 0.038 12 1.1
G_occipital_middle 2058 1432 4946 2.655 0.497 0.148 0.033 33 2.7
G_occipital_sup 1229 828 2030 2.142 0.578 0.126 0.029 14 1.4
G_oc-temp_lat-fusifor 1897 1356 5117 2.921 0.510 0.147 0.035 35 2.6
G_oc-temp_med-Lingual 3401 2343 5309 1.983 0.677 0.148 0.035 51 4.9
G_oc-temp_med-Parahip 1726 1106 4555 3.018 0.898 0.107 0.029 13 1.8
G_orbital 2416 1738 6514 2.845 0.759 0.133 0.031 39 3.0
G_pariet_inf-Angular 2872 2036 7546 2.883 0.555 0.137 0.029 43 3.1
G_pariet_inf-Supramar 3341 2261 8208 2.828 0.628 0.123 0.025 40 3.3
G_parietal_sup 3724 2578 8431 2.505 0.675 0.124 0.023 49 3.4
G_postcentral 2631 1749 5177 2.346 0.534 0.127 0.027 34 2.8
G_precentral 3145 1900 8316 3.153 0.519 0.107 0.020 27 2.5
G_precuneus 3195 2167 7557 2.670 0.575 0.126 0.027 48 3.5
G_rectus 1007 725 2644 2.679 0.618 0.131 0.035 17 1.4
G_subcallosal 607 359 768 2.266 0.766 0.114 0.051 10 0.8
G_temp_sup-G_T_transv 661 436 1472 2.649 0.422 0.116 0.023 8 0.6
G_temp_sup-Lateral 2300 1535 6811 3.149 0.605 0.129 0.025 33 2.4
G_temp_sup-Plan_polar 917 597 2336 3.401 0.577 0.072 0.012 3 0.4
G_temp_sup-Plan_tempo 1284 859 2700 2.848 0.523 0.086 0.015 7 0.8
G_temporal_inf 3133 2283 9309 3.123 0.662 0.140 0.033 52 4.3
G_temporal_middle 2868 2049 8858 3.041 0.694 0.128 0.025 41 2.9
Lat_Fis-ant-Horizont 474 308 597 2.164 0.381 0.075 0.008 2 0.1
Lat_Fis-ant-Vertical 290 206 446 2.481 0.366 0.115 0.015 2 0.2
Lat_Fis-post 1363 900 1936 2.652 0.423 0.101 0.018 8 1.0
Pole_occipital 2224 1552 3706 2.072 0.594 0.159 0.041 34 4.0
Pole_temporal 1736 1400 5919 2.902 0.878 0.153 0.046 30 3.1
S_calcarine 2481 1663 2466 1.712 0.532 0.128 0.025 26 2.7
S_central 3801 2498 4503 2.074 0.590 0.107 0.020 26 3.2
S_cingul-Marginalis 1238 806 1844 2.581 0.376 0.091 0.013 6 0.7
S_circular_insula_ant 506 349 882 3.073 0.468 0.103 0.020 2 0.5
S_circular_insula_inf 1590 1013 2602 3.240 0.575 0.081 0.015 6 0.9
S_circular_insula_sup 2119 1398 3091 2.680 0.510 0.094 0.015 8 1.5
S_collat_transv_ant 1080 717 1974 2.997 0.486 0.095 0.016 5 0.8
S_collat_transv_post 591 382 682 2.319 0.414 0.106 0.021 4 0.5
S_front_inf 2182 1509 3182 2.184 0.477 0.101 0.017 14 1.5
S_front_middle 1395 1014 2409 2.341 0.555 0.130 0.027 15 1.6
S_front_sup 3439 2318 5804 2.569 0.488 0.100 0.018 21 2.7
S_interm_prim-Jensen 554 377 756 2.490 0.503 0.107 0.017 3 0.5
S_intrapariet_and_P_trans 3565 2323 4973 2.381 0.404 0.100 0.013 23 2.1
S_oc_middle_and_Lunatus 1108 745 1459 2.277 0.354 0.130 0.027 11 1.3
S_oc_sup_and_transversal 1167 779 1514 2.212 0.407 0.110 0.014 10 0.8
S_occipital_ant 599 422 859 2.246 0.314 0.137 0.027 7 0.6
S_oc-temp_lat 976 677 1476 2.582 0.415 0.120 0.021 8 0.9
S_oc-temp_med_and_Lingual 2481 1671 3716 2.463 0.581 0.100 0.016 17 1.6
S_orbital_lateral 371 253 458 2.024 0.544 0.110 0.019 2 0.3
S_orbital_med-olfact 711 479 936 2.235 0.555 0.111 0.017 5 0.5
S_orbital-H_Shaped 1575 1122 3252 2.967 0.720 0.134 0.029 15 2.0
S_parieto_occipital 2376 1582 3474 2.458 0.483 0.117 0.020 19 2.3
S_pericallosal 1280 786 1270 1.997 0.527 0.120 0.017 18 0.9
S_postcentral 3493 2327 5043 2.338 0.439 0.105 0.019 25 2.9
S_precentral-inf-part 1831 1231 2948 2.602 0.418 0.104 0.017 14 1.3
S_precentral-sup-part 1495 971 2262 2.726 0.460 0.090 0.015 6 0.9
S_suborbital 914 640 1629 2.838 0.711 0.130 0.023 8 1.0
S_subparietal 1200 811 1670 2.394 0.401 0.107 0.018 7 0.9
S_temporal_inf 1959 1318 2812 2.694 0.487 0.121 0.023 13 2.2
S_temporal_sup 6702 4552 11504 2.605 0.465 0.110 0.021 52 6.0
S_temporal_transverse 676 433 869 2.437 0.316 0.085 0.011 3 0.3
