StructName NumVert SurfArea GrayVol ThickAvg ThickStd MeanCurv GausCurv FoldInd CurvInd
G_and_S_frontomargin 1238 921 2370 2.195 0.678 0.143 0.033 15 1.7
G_and_S_occipital_inf 1838 1354 3980 2.464 0.522 0.156 0.033 28 2.8
G_and_S_paracentral 1811 1089 3454 2.611 0.554 0.102 0.020 14 1.5
G_and_S_subcentral 1797 1236 3966 2.825 0.451 0.121 0.026 18 1.9
G_and_S_transv_frontopol 824 676 2328 2.727 0.732 0.177 0.043 19 1.6
G_and_S_cingul-Ant 2326 1593 4805 2.835 0.573 0.103 0.017 18 1.7
G_and_S_cingul-Mid-Ant 1285 850 2388 2.741 0.484 0.084 0.014 6 0.8
G_and_S_cingul-Mid-Post 1525 1060 2998 2.819 0.505 0.113 0.026 14 1.9
G_cingul-Post-dorsal 682 472 1989 3.173 0.626 0.136 0.028 10 0.9
G_cingul-Post-ventral 308 187 656 2.938 0.800 0.077 0.018 2 0.2
G_cuneus 2187 1555 3249 1.810 0.516 0.151 0.035 30 3.4
G_front_inf-Opercular 1401 951 3872 2.970 0.489 0.123 0.027 18 1.5
G_front_inf-Orbital 421 266 1023 2.686 0.448 0.132 0.024 6 0.5
G_front_inf-Triangul 1566 1059 3770 2.675 0.577 0.125 0.023 20 1.4
G_front_middle 5164 3690 12960 2.670 0.623 0.133 0.027 77 5.7
G_front_sup 10029 6821 24079 2.832 0.639 0.122 0.025 108 10.4
G_Ins_lg_and_S_cent_ins 780 512 1777 3.404 0.545 0.122 0.032 9 1.1
G_insular_short 827 593 2855 3.688 0.693 0.137 0.038 12 1.2
G_occipital_middle 2002 1473 4626 2.460 0.506 0.152 0.032 32 2.6
G_occipital_sup 1218 820 1912 2.039 0.523 0.129 0.029 14 1.3
G_oc-temp_lat-fusifor 1879 1322 5009 2.958 0.548 0.141 0.032 31 2.5
G_oc-temp_med-Lingual 3160 2230 5163 2.027 0.673 0.152 0.037 48 4.8
G_oc-temp_med-Parahip 1710 1084 4871 3.166 0.847 0.106 0.031 15 2.1
G_orbital 2454 1762 6043 2.654 0.690 0.134 0.035 36 3.3
G_pariet_inf-Angular 2684 1909 6930 2.827 0.631 0.141 0.032 40 3.2
G_pariet_inf-Supramar 3521 2383 8070 2.731 0.625 0.124 0.024 40 3.4
G_parietal_sup 3749 2623 7688 2.323 0.699 0.121 0.023 44 3.4
G_postcentral 2626 1721 4867 2.274 0.532 0.127 0.027 31 3.0
G_precentral 3387 1968 8220 3.077 0.511 0.100 0.020 25 2.6
G_precuneus 3148 2193 7285 2.583 0.613 0.124 0.024 41 3.1
G_rectus 1033 788 2771 2.630 0.604 0.132 0.036 19 1.7
G_subcallosal 654 443 1065 2.554 0.634 0.111 0.040 9 0.8
G_temp_sup-G_T_transv 712 482 1401 2.470 0.560 0.112 0.024 6 0.7
G_temp_sup-Lateral 2373 1567 6743 3.090 0.658 0.128 0.026 33 2.5
G_temp_sup-Plan_polar 917 598 2223 3.334 0.572 0.071 0.013 3 0.4
G_temp_sup-Plan_tempo 1341 886 2755 2.817 0.556 0.082 0.013 7 0.7
G_temporal_inf 2875 2148 8806 3.173 0.701 0.143 0.029 49 3.6
G_temporal_middle 2813 1939 8280 2.990 0.705 0.127 0.026 43 3.1
Lat_Fis-ant-Horizont 471 303 606 2.242 0.418 0.076 0.007 2 0.1
Lat_Fis-ant-Vertical 325 225 495 2.551 0.390 0.108 0.014 2 0.2
Lat_Fis-post 1390 908 1873 2.581 0.440 0.099 0.018 8 1.0
Pole_occipital 2078 1576 3908 2.168 0.540 0.164 0.039 34 3.5
Pole_temporal 1919 1536 7104 3.132 0.857 0.148 0.041 31 2.9
S_calcarine 2353 1586 2392 1.726 0.474 0.123 0.024 25 2.5
S_central 3926 2565 4445 2.013 0.528 0.107 0.022 28 3.6
S_cingul-Marginalis 1241 799 1802 2.529 0.410 0.091 0.013 6 0.7
S_circular_insula_ant 579 385 911 2.919 0.472 0.095 0.015 2 0.4
S_circular_insula_inf 1645 1063 2680 3.236 0.552 0.090 0.018 7 1.5
S_circular_insula_sup 1958 1288 2700 2.596 0.426 0.093 0.015 7 1.3
S_collat_transv_ant 1161 783 2190 3.030 0.541 0.099 0.017 6 0.9
S_collat_transv_post 563 357 605 2.184 0.376 0.111 0.020 4 0.5
S_front_inf 2272 1546 3193 2.187 0.471 0.102 0.018 15 1.6
S_front_middle 1432 1058 2440 2.277 0.502 0.134 0.029 21 1.9
S_front_sup 3276 2185 5254 2.588 0.434 0.095 0.017 18 2.4
S_interm_prim-Jensen 584 401 768 2.364 0.516 0.105 0.016 3 0.5
S_intrapariet_and_P_trans 3443 2204 4493 2.274 0.427 0.101 0.015 22 2.3
S_oc_middle_and_Lunatus 992 674 1192 2.008 0.408 0.130 0.030 9 1.1
S_oc_sup_and_transversal 1136 758 1438 2.140 0.411 0.107 0.016 9 0.8
S_occipital_ant 528 397 786 2.053 0.344 0.140 0.030 6 0.6
S_oc-temp_lat 898 620 1337 2.531 0.435 0.121 0.023 8 0.8
S_oc-temp_med_and_Lingual 2506 1668 3735 2.470 0.666 0.100 0.017 17 1.7
S_orbital_lateral 396 275 510 2.081 0.536 0.113 0.022 2 0.4
S_orbital_med-olfact 732 495 976 2.299 0.575 0.107 0.017 5 0.5
S_orbital-H_Shaped 1620 1126 3190 2.897 0.671 0.132 0.029 15 2.1
S_parieto_occipital 2304 1533 3309 2.384 0.501 0.116 0.020 18 2.2
S_pericallosal 1235 761 1278 2.142 0.512 0.122 0.019 19 0.9
S_postcentral 3451 2289 4780 2.282 0.459 0.103 0.017 22 2.5
S_precentral-inf-part 1874 1247 2936 2.597 0.369 0.104 0.017 13 1.2
S_precentral-sup-part 1496 968 2279 2.767 0.454 0.089 0.014 6 0.9
S_suborbital 883 623 1404 2.529 0.670 0.136 0.022 9 1.0
S_subparietal 1158 771 1555 2.287 0.417 0.104 0.018 6 0.9
S_temporal_inf 2126 1433 3129 2.664 0.518 0.122 0.022 15 2.4
S_temporal_sup 6842 4631 11475 2.534 0.491 0.109 0.019 51 5.6
S_temporal_transverse 609 394 768 2.401 0.313 0.087 0.012 2 0.3
