StructName NumVert SurfArea GrayVol ThickAvg ThickStd MeanCurv GausCurv FoldInd CurvInd
G_and_S_frontomargin 1452 1080 2743 2.332 0.572 0.141 0.031 19 2.0
G_and_S_occipital_inf 1862 1282 4266 2.568 0.762 0.129 0.026 22 2.0
G_and_S_paracentral 1783 987 2989 2.449 0.620 0.095 0.018 14 1.3
G_and_S_subcentral 1446 982 3143 2.718 0.468 0.132 0.026 18 1.5
G_and_S_transv_frontopol 910 744 2469 2.678 0.533 0.178 0.051 21 2.2
G_and_S_cingul-Ant 2621 1912 5530 2.729 0.583 0.120 0.023 34 2.8
G_and_S_cingul-Mid-Ant 1931 1280 3552 2.738 0.402 0.105 0.015 15 1.3
G_and_S_cingul-Mid-Post 1762 1170 3230 2.671 0.471 0.116 0.020 20 1.5
G_cingul-Post-dorsal 901 636 2350 2.999 0.710 0.152 0.031 15 1.3
G_cingul-Post-ventral 431 288 1024 2.734 0.807 0.132 0.028 6 0.4
G_cuneus 1885 1237 2452 1.789 0.515 0.143 0.031 25 2.4
G_front_inf-Opercular 1313 929 3702 2.941 0.445 0.137 0.027 21 1.5
G_front_inf-Orbital 411 284 959 2.465 0.547 0.146 0.034 8 0.7
G_front_inf-Triangul 1414 1079 3860 2.807 0.583 0.143 0.030 22 1.8
G_front_middle 5197 3931 12351 2.492 0.508 0.144 0.028 88 5.8
G_front_sup 8879 6154 21442 2.804 0.547 0.122 0.024 105 8.8
G_Ins_lg_and_S_cent_ins 865 597 1871 2.896 0.787 0.127 0.033 11 1.0
G_insular_short 849 602 2894 3.541 0.765 0.125 0.028 12 1.0
G_occipital_middle 2534 1641 5333 2.575 0.440 0.130 0.028 35 2.7
G_occipital_sup 1464 894 2545 2.350 0.545 0.113 0.023 15 1.3
G_oc-temp_lat-fusifor 2199 1513 5738 3.044 0.497 0.119 0.024 27 2.3
G_oc-temp_med-Lingual 2915 2111 3697 1.642 0.603 0.160 0.040 43 5.1
G_oc-temp_med-Parahip 1658 1071 4558 3.142 0.747 0.109 0.023 16 1.5
G_orbital 2350 1780 6236 2.740 0.629 0.133 0.031 37 2.9
G_pariet_inf-Angular 2933 2054 6844 2.608 0.533 0.129 0.023 43 3.0
G_pariet_inf-Supramar 3782 2735 9274 2.741 0.565 0.131 0.028 52 4.3
G_parietal_sup 2531 1709 5249 2.446 0.498 0.118 0.021 30 2.2
G_postcentral 2787 1699 4888 2.289 0.566 0.111 0.022 28 2.5
G_precentral 3142 1786 6730 2.897 0.514 0.097 0.017 25 2.2
G_precuneus 3107 2142 7292 2.646 0.533 0.138 0.028 48 3.8
G_rectus 1016 738 2429 2.503 0.590 0.130 0.029 16 1.3
G_subcallosal 789 522 1361 2.493 0.812 0.110 0.031 8 0.8
G_temp_sup-G_T_transv 639 390 1216 2.433 0.378 0.097 0.019 5 0.5
G_temp_sup-Lateral 2353 1580 7905 3.423 0.580 0.114 0.020 30 2.1
G_temp_sup-Plan_polar 837 564 2244 3.648 0.761 0.066 0.009 2 0.3
G_temp_sup-Plan_tempo 1242 805 2630 2.875 0.597 0.081 0.013 6 0.7
G_temporal_inf 2702 1948 7894 2.970 0.731 0.128 0.028 43 3.0
G_temporal_middle 2760 2011 8661 3.133 0.543 0.131 0.027 45 3.0
Lat_Fis-ant-Horizont 372 251 553 2.318 0.571 0.120 0.019 4 0.3
Lat_Fis-ant-Vertical 357 251 582 2.693 0.431 0.084 0.017 1 0.2
Lat_Fis-post 1169 804 1619 2.630 0.478 0.123 0.023 9 1.2
Pole_occipital 2546 1511 2918 1.823 0.494 0.130 0.031 31 3.5
Pole_temporal 1770 1277 6466 3.507 0.671 0.125 0.027 21 1.8
S_calcarine 2552 1725 2638 1.818 0.677 0.118 0.023 22 2.5
S_central 3510 2368 3800 1.869 0.620 0.109 0.019 23 2.8
S_cingul-Marginalis 1214 795 1674 2.323 0.432 0.084 0.011 5 0.5
S_circular_insula_ant 593 407 955 2.972 0.388 0.096 0.015 2 0.4
S_circular_insula_inf 1604 1063 2408 2.714 0.500 0.074 0.010 5 0.7
S_circular_insula_sup 1993 1305 3148 2.924 0.422 0.098 0.016 9 1.4
S_collat_transv_ant 1073 745 2153 3.032 0.669 0.123 0.027 13 1.4
S_collat_transv_post 652 439 675 1.918 0.360 0.119 0.021 5 0.6
S_front_inf 2807 1904 3893 2.234 0.438 0.106 0.020 18 2.4
S_front_middle 1531 1095 2051 1.952 0.446 0.124 0.022 14 1.5
S_front_sup 4069 2726 6293 2.396 0.481 0.099 0.016 26 2.7
S_interm_prim-Jensen 719 483 1002 2.267 0.419 0.104 0.014 5 0.5
S_intrapariet_and_P_trans 2976 1993 3818 2.084 0.391 0.097 0.015 18 2.0
S_oc_middle_and_Lunatus 1322 885 1728 2.135 0.387 0.126 0.024 11 1.4
S_oc_sup_and_transversal 1531 1005 1736 1.966 0.395 0.097 0.013 8 0.9
S_occipital_ant 818 556 1099 2.389 0.348 0.113 0.017 6 0.6
S_oc-temp_lat 1068 714 1598 2.599 0.445 0.108 0.021 7 0.9
S_oc-temp_med_and_Lingual 2210 1540 3586 2.605 0.518 0.115 0.021 17 1.9
S_orbital_lateral 424 296 466 1.970 0.442 0.116 0.017 3 0.4
S_orbital_med-olfact 782 527 998 2.356 0.638 0.107 0.014 5 0.5
S_orbital-H_Shaped 1591 1142 2989 2.708 0.574 0.121 0.024 17 1.6
S_parieto_occipital 1804 1252 2361 2.207 0.461 0.121 0.020 16 1.6
S_pericallosal 1789 1131 1612 1.644 0.546 0.118 0.016 26 1.2
S_postcentral 3452 2280 4548 2.222 0.416 0.102 0.017 22 2.5
S_precentral-inf-part 1612 1046 2211 2.478 0.442 0.093 0.014 9 1.0
S_precentral-sup-part 1353 889 1821 2.460 0.327 0.091 0.013 6 0.8
S_suborbital 765 517 1071 2.352 0.322 0.095 0.011 6 0.3
S_subparietal 1461 999 2105 2.479 0.439 0.106 0.020 9 1.2
S_temporal_inf 1981 1345 3019 2.567 0.576 0.102 0.016 12 1.4
S_temporal_sup 7704 5097 12303 2.545 0.438 0.091 0.015 43 4.9
S_temporal_transverse 445 326 565 2.249 0.373 0.120 0.013 4 0.3
