StructName NumVert SurfArea GrayVol ThickAvg ThickStd MeanCurv GausCurv FoldInd CurvInd
G_and_S_frontomargin 1571 1110 2886 2.474 0.552 0.142 0.031 21 2.1
G_and_S_occipital_inf 1836 1249 4383 2.618 0.718 0.135 0.025 23 2.0
G_and_S_paracentral 1845 1026 3277 2.566 0.633 0.097 0.022 15 1.5
G_and_S_subcentral 1542 1010 3188 2.672 0.515 0.124 0.025 16 1.5
G_and_S_transv_frontopol 861 671 2150 2.616 0.497 0.172 0.044 17 1.6
G_and_S_cingul-Ant 2761 1943 5725 2.731 0.568 0.122 0.025 36 3.0
G_and_S_cingul-Mid-Ant 1971 1290 3589 2.737 0.464 0.107 0.017 14 1.4
G_and_S_cingul-Mid-Post 1780 1211 3334 2.652 0.551 0.118 0.021 17 1.7
G_cingul-Post-dorsal 982 671 2512 2.975 0.742 0.149 0.034 16 1.4
G_cingul-Post-ventral 506 331 1152 2.554 0.941 0.146 0.035 10 0.7
G_cuneus 1864 1257 2555 1.816 0.524 0.147 0.030 24 2.4
G_front_inf-Opercular 1592 1042 4042 2.907 0.416 0.123 0.024 22 1.6
G_front_inf-Orbital 421 299 954 2.401 0.642 0.145 0.029 8 0.5
G_front_inf-Triangul 1744 1188 4081 2.680 0.523 0.134 0.028 25 1.9
G_front_middle 5962 4102 13745 2.595 0.515 0.133 0.027 87 6.3
G_front_sup 9135 6123 22271 2.934 0.573 0.120 0.025 97 9.2
G_Ins_lg_and_S_cent_ins 846 571 1732 2.775 0.780 0.132 0.035 12 1.1
G_insular_short 934 638 2876 3.398 0.787 0.132 0.031 13 1.1
G_occipital_middle 2604 1692 5704 2.607 0.511 0.130 0.028 35 2.9
G_occipital_sup 1462 936 2725 2.349 0.612 0.120 0.023 14 1.4
G_oc-temp_lat-fusifor 2195 1476 5537 2.995 0.559 0.119 0.028 25 2.3
G_oc-temp_med-Lingual 2882 2065 4271 1.810 0.739 0.158 0.041 45 4.8
G_oc-temp_med-Parahip 1648 1074 4387 3.015 0.843 0.123 0.034 19 1.9
G_orbital 2664 1859 6579 2.720 0.711 0.127 0.031 38 3.3
G_pariet_inf-Angular 2985 2062 7090 2.627 0.618 0.128 0.024 40 3.0
G_pariet_inf-Supramar 4196 2886 10015 2.749 0.592 0.125 0.026 54 4.4
G_parietal_sup 2546 1722 5477 2.506 0.550 0.117 0.020 29 2.0
G_postcentral 2919 1750 4994 2.267 0.594 0.109 0.024 27 2.7
G_precentral 3450 1847 7434 3.013 0.562 0.094 0.020 27 2.6
G_precuneus 3185 2196 7645 2.644 0.600 0.138 0.029 45 3.7
G_rectus 1108 734 2298 2.349 0.640 0.113 0.024 15 1.2
G_subcallosal 884 568 1443 2.498 0.862 0.121 0.051 16 1.2
G_temp_sup-G_T_transv 717 390 1293 2.531 0.375 0.095 0.019 7 0.5
G_temp_sup-Lateral 2489 1578 8292 3.493 0.654 0.104 0.021 27 2.0
G_temp_sup-Plan_polar 725 487 1969 3.620 0.729 0.080 0.018 3 0.4
G_temp_sup-Plan_tempo 1253 800 2592 2.853 0.633 0.086 0.013 7 0.7
G_temporal_inf 2885 2087 8094 2.872 0.838 0.135 0.033 51 3.9
G_temporal_middle 2901 2032 9024 3.188 0.616 0.129 0.027 41 3.1
Lat_Fis-ant-Horizont 331 218 438 2.155 0.465 0.111 0.016 3 0.2
Lat_Fis-ant-Vertical 369 255 612 2.741 0.382 0.086 0.016 1 0.2
Lat_Fis-post 1215 821 1614 2.543 0.427 0.125 0.022 10 1.2
Pole_occipital 2527 1571 3298 1.940 0.534 0.136 0.029 32 3.2
Pole_temporal 1642 1272 6091 3.290 0.791 0.154 0.046 33 2.9
S_calcarine 2628 1756 2599 1.754 0.614 0.120 0.023 22 2.7
S_central 3671 2448 3962 1.901 0.611 0.111 0.019 24 3.0
S_cingul-Marginalis 1211 796 1640 2.280 0.414 0.084 0.011 5 0.6
S_circular_insula_ant 564 387 885 2.840 0.427 0.099 0.016 2 0.4
S_circular_insula_inf 1739 1161 2591 2.653 0.515 0.080 0.012 6 0.9
S_circular_insula_sup 2016 1343 2997 2.741 0.468 0.109 0.021 11 1.9
S_collat_transv_ant 1115 765 2176 2.896 0.748 0.117 0.023 10 1.2
S_collat_transv_post 654 425 675 1.990 0.337 0.114 0.021 4 0.6
S_front_inf 3072 2029 4258 2.249 0.402 0.107 0.019 20 2.5
S_front_middle 1648 1156 2272 2.150 0.346 0.119 0.021 13 1.5
S_front_sup 4278 2868 6935 2.539 0.372 0.099 0.017 26 3.1
S_interm_prim-Jensen 641 416 737 2.197 0.325 0.098 0.013 3 0.4
S_intrapariet_and_P_trans 2938 1937 3701 2.083 0.383 0.098 0.016 18 2.1
S_oc_middle_and_Lunatus 1276 838 1622 2.103 0.350 0.124 0.024 11 1.3
S_oc_sup_and_transversal 1484 982 1748 2.014 0.377 0.100 0.014 8 0.9
S_occipital_ant 943 637 1284 2.336 0.397 0.117 0.021 7 0.8
S_oc-temp_lat 1163 776 1648 2.521 0.490 0.113 0.023 8 1.2
S_oc-temp_med_and_Lingual 2227 1519 3742 2.547 0.531 0.113 0.021 19 2.0
S_orbital_lateral 473 319 486 1.911 0.310 0.113 0.015 3 0.4
S_orbital_med-olfact 903 594 1101 2.223 0.587 0.107 0.019 6 0.7
S_orbital-H_Shaped 1720 1213 3108 2.591 0.562 0.119 0.023 16 1.7
S_parieto_occipital 1825 1246 2304 2.169 0.448 0.119 0.021 15 1.6
S_pericallosal 1876 1153 1781 1.733 0.616 0.111 0.016 24 1.3
S_postcentral 3595 2358 4829 2.304 0.372 0.101 0.017 23 2.6
S_precentral-inf-part 1667 1094 2355 2.534 0.392 0.095 0.016 9 1.1
S_precentral-sup-part 1443 949 2053 2.549 0.312 0.095 0.015 7 0.9
S_suborbital 856 608 1179 2.203 0.394 0.099 0.012 5 0.5
S_subparietal 1497 1000 2047 2.352 0.426 0.106 0.020 9 1.2
S_temporal_inf 1830 1227 2509 2.395 0.598 0.102 0.016 10 1.4
S_temporal_sup 7724 5075 12014 2.502 0.476 0.092 0.015 43 4.8
S_temporal_transverse 535 380 720 2.429 0.388 0.109 0.013 4 0.3
