StructName NumVert SurfArea GrayVol ThickAvg ThickStd MeanCurv GausCurv FoldInd CurvInd
G_and_S_frontomargin 1514 1112 2731 2.197 0.540 0.141 0.030 19 2.1
G_and_S_occipital_inf 1757 1197 3895 2.533 0.654 0.130 0.026 22 1.8
G_and_S_paracentral 1789 1011 3030 2.428 0.520 0.095 0.020 13 1.4
G_and_S_subcentral 1470 1003 3132 2.680 0.454 0.131 0.026 17 1.6
G_and_S_transv_frontopol 883 716 2244 2.566 0.462 0.177 0.044 21 1.8
G_and_S_cingul-Ant 2651 1952 5517 2.655 0.592 0.125 0.025 32 2.9
G_and_S_cingul-Mid-Ant 1909 1281 3502 2.716 0.425 0.106 0.018 14 1.5
G_and_S_cingul-Mid-Post 1723 1138 3175 2.635 0.466 0.113 0.021 17 1.5
G_cingul-Post-dorsal 948 679 2358 2.823 0.696 0.150 0.034 15 1.5
G_cingul-Post-ventral 479 326 1097 2.535 0.886 0.146 0.038 9 0.8
G_cuneus 1936 1279 2526 1.787 0.476 0.142 0.032 25 2.5
G_front_inf-Opercular 1500 1051 4136 2.936 0.402 0.126 0.023 21 1.5
G_front_inf-Orbital 414 299 896 2.250 0.598 0.140 0.029 7 0.5
G_front_inf-Triangul 1699 1223 4144 2.664 0.509 0.134 0.028 25 1.9
G_front_middle 5601 4101 13121 2.501 0.499 0.138 0.029 93 6.2
G_front_sup 9169 6385 22228 2.828 0.515 0.123 0.026 107 9.4
G_Ins_lg_and_S_cent_ins 893 610 1957 2.823 0.811 0.139 0.046 16 1.4
G_insular_short 892 654 3005 3.480 0.757 0.132 0.033 13 1.1
G_occipital_middle 2610 1779 5619 2.500 0.410 0.134 0.028 38 2.8
G_occipital_sup 1374 872 2470 2.327 0.434 0.115 0.024 14 1.2
G_oc-temp_lat-fusifor 2219 1556 5511 2.888 0.531 0.119 0.026 27 2.2
G_oc-temp_med-Lingual 2897 2067 3956 1.745 0.609 0.155 0.040 45 4.7
G_oc-temp_med-Parahip 1715 1153 4451 2.999 0.739 0.116 0.029 21 1.8
G_orbital 2656 1926 6567 2.617 0.683 0.135 0.034 46 3.7
G_pariet_inf-Angular 2976 2078 6869 2.581 0.538 0.130 0.023 46 2.8
G_pariet_inf-Supramar 4208 2969 9941 2.675 0.526 0.127 0.026 58 4.3
G_parietal_sup 2533 1698 5323 2.494 0.496 0.118 0.022 30 2.2
G_postcentral 2886 1759 4976 2.246 0.546 0.111 0.024 28 2.7
G_precentral 3333 1880 7146 2.915 0.507 0.097 0.019 28 2.5
G_precuneus 3097 2173 7299 2.612 0.510 0.139 0.030 47 3.8
G_rectus 990 728 2269 2.404 0.556 0.122 0.032 14 1.3
G_subcallosal 915 627 1617 2.447 0.759 0.134 0.069 18 1.6
G_temp_sup-G_T_transv 635 392 1317 2.573 0.347 0.099 0.017 6 0.4
G_temp_sup-Lateral 2399 1610 7794 3.326 0.577 0.117 0.022 29 2.1
G_temp_sup-Plan_polar 789 529 2077 3.622 0.683 0.083 0.016 3 0.5
G_temp_sup-Plan_tempo 1287 836 2593 2.782 0.537 0.089 0.013 7 0.8
G_temporal_inf 2700 2001 7341 2.768 0.668 0.133 0.029 46 3.2
G_temporal_middle 2837 2087 8769 3.061 0.550 0.130 0.029 43 3.1
Lat_Fis-ant-Horizont 322 211 394 1.926 0.435 0.103 0.015 2 0.2
Lat_Fis-ant-Vertical 272 190 467 2.723 0.350 0.093 0.020 1 0.2
Lat_Fis-post 1108 744 1487 2.559 0.414 0.119 0.021 8 1.1
Pole_occipital 2364 1446 2980 1.887 0.447 0.126 0.030 29 2.7
Pole_temporal 1732 1295 6134 3.385 0.678 0.134 0.030 23 2.1
S_calcarine 2544 1733 2689 1.823 0.627 0.117 0.024 20 2.7
S_central 3523 2376 3953 1.959 0.640 0.108 0.019 22 3.0
S_cingul-Marginalis 1212 779 1585 2.288 0.400 0.085 0.012 5 0.6
S_circular_insula_ant 632 415 939 2.732 0.380 0.098 0.018 3 0.5
S_circular_insula_inf 1707 1110 2532 2.693 0.525 0.078 0.012 6 0.9
S_circular_insula_sup 1912 1255 2786 2.663 0.430 0.107 0.019 10 1.7
S_collat_transv_ant 1080 756 2147 2.950 0.627 0.114 0.021 10 0.9
S_collat_transv_post 659 432 684 1.946 0.335 0.119 0.024 4 0.7
S_front_inf 2996 2008 4101 2.172 0.408 0.109 0.019 22 2.6
S_front_middle 1652 1164 2217 2.011 0.399 0.119 0.021 14 1.5
S_front_sup 4065 2701 6047 2.410 0.381 0.097 0.017 22 2.9
S_interm_prim-Jensen 590 395 732 2.384 0.340 0.100 0.013 3 0.4
S_intrapariet_and_P_trans 2907 1937 3695 2.088 0.376 0.098 0.015 18 2.0
S_oc_middle_and_Lunatus 1315 865 1645 2.027 0.354 0.127 0.026 12 1.6
S_oc_sup_and_transversal 1562 1019 1806 2.003 0.384 0.100 0.015 9 1.0
S_occipital_ant 873 593 1176 2.356 0.334 0.114 0.018 6 0.7
S_oc-temp_lat 1213 823 1763 2.455 0.487 0.111 0.023 9 1.1
S_oc-temp_med_and_Lingual 2178 1484 3533 2.543 0.467 0.111 0.019 16 1.7
S_orbital_lateral 409 279 444 1.895 0.351 0.115 0.013 3 0.3
S_orbital_med-olfact 863 589 1038 2.138 0.591 0.109 0.016 5 0.6
S_orbital-H_Shaped 1690 1176 2859 2.469 0.548 0.117 0.024 19 1.7
S_parieto_occipital 1880 1292 2476 2.221 0.427 0.121 0.023 17 1.7
S_pericallosal 1875 1151 1651 1.625 0.554 0.111 0.018 24 1.4
S_postcentral 3672 2390 4825 2.248 0.391 0.101 0.017 24 2.7
S_precentral-inf-part 1616 1063 2231 2.468 0.401 0.096 0.015 9 1.0
S_precentral-sup-part 1359 890 1839 2.502 0.322 0.092 0.014 6 0.8
S_suborbital 848 573 1133 2.157 0.381 0.097 0.014 6 0.5
S_subparietal 1518 1022 2076 2.378 0.398 0.105 0.020 9 1.3
S_temporal_inf 1877 1256 2581 2.380 0.483 0.103 0.015 11 1.3
S_temporal_sup 7596 5002 11755 2.517 0.423 0.092 0.015 42 4.8
S_temporal_transverse 522 376 696 2.348 0.351 0.111 0.012 3 0.3
