StructName NumVert SurfArea GrayVol ThickAvg ThickStd MeanCurv GausCurv FoldInd CurvInd
G_and_S_frontomargin 1474 1067 2713 2.303 0.554 0.140 0.029 19 1.8
G_and_S_occipital_inf 1712 1210 4287 2.627 0.698 0.138 0.026 23 1.9
G_and_S_paracentral 1743 1027 3177 2.514 0.572 0.101 0.021 15 1.4
G_and_S_subcentral 1564 1026 3394 2.831 0.509 0.128 0.026 18 1.7
G_and_S_transv_frontopol 857 707 2329 2.603 0.557 0.176 0.048 16 1.8
G_and_S_cingul-Ant 2726 1940 5684 2.739 0.638 0.119 0.022 37 2.5
G_and_S_cingul-Mid-Ant 1924 1272 3647 2.779 0.491 0.105 0.016 14 1.2
G_and_S_cingul-Mid-Post 1663 1095 3091 2.688 0.531 0.113 0.019 15 1.4
G_cingul-Post-dorsal 981 677 2645 3.012 0.735 0.145 0.033 14 1.4
G_cingul-Post-ventral 463 304 1111 2.714 0.910 0.144 0.035 9 0.6
G_cuneus 1790 1235 2577 1.869 0.483 0.150 0.033 24 2.5
G_front_inf-Opercular 1613 1033 4264 3.029 0.437 0.119 0.023 22 1.5
G_front_inf-Orbital 385 270 891 2.420 0.596 0.146 0.030 8 0.5
G_front_inf-Triangul 1724 1192 4251 2.779 0.538 0.134 0.028 25 1.9
G_front_middle 5593 3833 13305 2.644 0.554 0.132 0.026 83 6.0
G_front_sup 9278 6177 23034 2.948 0.615 0.119 0.025 100 9.2
G_Ins_lg_and_S_cent_ins 860 554 1886 2.953 0.786 0.118 0.035 10 1.0
G_insular_short 942 660 2937 3.368 0.872 0.136 0.033 13 1.3
G_occipital_middle 2414 1638 5527 2.608 0.502 0.134 0.028 35 2.5
G_occipital_sup 1449 929 2754 2.367 0.603 0.117 0.022 14 1.3
G_oc-temp_lat-fusifor 2208 1501 5861 3.055 0.547 0.120 0.027 25 2.5
G_oc-temp_med-Lingual 2768 1984 4407 1.973 0.713 0.158 0.039 44 4.6
G_oc-temp_med-Parahip 1644 1084 4659 3.090 0.831 0.119 0.031 23 1.7
G_orbital 2645 1862 6651 2.690 0.713 0.126 0.028 35 2.9
G_pariet_inf-Angular 2938 2060 7139 2.651 0.637 0.129 0.024 40 2.9
G_pariet_inf-Supramar 4278 2952 10335 2.767 0.633 0.125 0.025 53 4.3
G_parietal_sup 2508 1735 5569 2.497 0.526 0.118 0.020 29 2.2
G_postcentral 2980 1784 5126 2.289 0.601 0.111 0.024 28 3.0
G_precentral 3331 1874 7558 3.025 0.571 0.098 0.020 26 2.7
G_precuneus 3022 2080 7412 2.657 0.644 0.137 0.029 45 3.6
G_rectus 1097 745 2315 2.361 0.615 0.121 0.025 17 1.3
G_subcallosal 872 576 1580 2.713 0.785 0.116 0.043 13 1.1
G_temp_sup-G_T_transv 690 423 1342 2.495 0.348 0.099 0.018 6 0.5
G_temp_sup-Lateral 2492 1608 8537 3.543 0.650 0.106 0.020 26 2.1
G_temp_sup-Plan_polar 821 542 2109 3.568 0.815 0.077 0.016 3 0.6
G_temp_sup-Plan_tempo 1277 820 2597 2.845 0.619 0.086 0.014 9 0.8
G_temporal_inf 2797 2010 8095 2.863 0.806 0.132 0.037 52 3.4
G_temporal_middle 2903 1924 9064 3.260 0.604 0.123 0.027 40 3.1
Lat_Fis-ant-Horizont 321 211 421 2.078 0.485 0.117 0.017 3 0.2
Lat_Fis-ant-Vertical 393 282 725 2.867 0.400 0.089 0.018 1 0.2
Lat_Fis-post 1145 781 1591 2.666 0.448 0.122 0.022 9 1.1
Pole_occipital 2376 1510 3326 1.984 0.566 0.138 0.030 30 3.1
Pole_temporal 1653 1316 6526 3.457 0.739 0.142 0.036 29 2.3
S_calcarine 2561 1726 2666 1.841 0.615 0.117 0.022 20 2.5
S_central 3603 2386 3799 1.883 0.596 0.110 0.019 23 2.9
S_cingul-Marginalis 1227 794 1658 2.290 0.403 0.083 0.012 5 0.6
S_circular_insula_ant 616 417 941 2.869 0.441 0.100 0.017 3 0.5
S_circular_insula_inf 1649 1090 2430 2.679 0.505 0.079 0.013 6 1.0
S_circular_insula_sup 1872 1229 2824 2.836 0.493 0.107 0.019 10 1.6
S_collat_transv_ant 1017 709 1974 2.986 0.574 0.115 0.022 8 0.9
S_collat_transv_post 673 432 712 2.047 0.350 0.115 0.020 4 0.6
S_front_inf 3058 2028 4383 2.320 0.413 0.105 0.018 19 2.4
S_front_middle 1759 1230 2550 2.195 0.360 0.120 0.022 18 1.6
S_front_sup 4294 2875 7089 2.560 0.399 0.100 0.017 26 3.0
S_interm_prim-Jensen 555 387 723 2.325 0.316 0.103 0.014 3 0.4
S_intrapariet_and_P_trans 2886 1911 3646 2.122 0.367 0.098 0.015 18 1.9
S_oc_middle_and_Lunatus 1270 837 1636 2.046 0.382 0.124 0.026 11 1.4
S_oc_sup_and_transversal 1507 979 1714 1.988 0.355 0.099 0.013 9 0.9
S_occipital_ant 858 573 1056 2.244 0.382 0.114 0.018 6 0.7
S_oc-temp_lat 1156 771 1635 2.503 0.547 0.110 0.021 7 1.0
S_oc-temp_med_and_Lingual 2166 1454 3681 2.648 0.510 0.109 0.019 16 1.7
S_orbital_lateral 460 319 518 1.975 0.308 0.114 0.014 3 0.3
S_orbital_med-olfact 866 567 1065 2.259 0.638 0.105 0.016 5 0.6
S_orbital-H_Shaped 1748 1226 3219 2.622 0.623 0.119 0.023 16 1.8
S_parieto_occipital 1895 1271 2466 2.198 0.432 0.117 0.020 17 1.6
S_pericallosal 1940 1189 1855 1.788 0.661 0.113 0.016 24 1.3
S_postcentral 3640 2380 4899 2.314 0.377 0.101 0.016 23 2.6
S_precentral-inf-part 1665 1086 2419 2.644 0.434 0.093 0.014 9 1.0
S_precentral-sup-part 1383 901 1938 2.579 0.364 0.092 0.015 6 0.9
S_suborbital 765 533 1043 2.191 0.404 0.099 0.012 5 0.4
S_subparietal 1511 997 2123 2.400 0.471 0.104 0.019 9 1.2
S_temporal_inf 1887 1262 2657 2.452 0.591 0.096 0.014 10 1.2
S_temporal_sup 7994 5255 12768 2.533 0.468 0.093 0.016 46 5.2
S_temporal_transverse 518 371 696 2.454 0.378 0.118 0.012 4 0.3
