StructName NumVert SurfArea GrayVol ThickAvg ThickStd MeanCurv GausCurv FoldInd CurvInd
G_and_S_frontomargin 1537 1112 2940 2.303 0.606 0.142 0.030 21 2.0
G_and_S_occipital_inf 1932 1355 4661 2.642 0.678 0.132 0.029 25 2.2
G_and_S_paracentral 1893 1148 3222 2.379 0.640 0.123 0.042 21 3.3
G_and_S_subcentral 1581 1086 3407 2.558 0.583 0.130 0.036 20 2.0
G_and_S_transv_frontopol 894 681 2235 2.659 0.519 0.160 0.040 18 1.4
G_and_S_cingul-Ant 2808 1988 5911 2.720 0.606 0.116 0.023 34 2.6
G_and_S_cingul-Mid-Ant 2013 1368 4039 2.685 0.518 0.106 0.020 16 1.7
G_and_S_cingul-Mid-Post 1750 1183 3313 2.650 0.549 0.111 0.024 16 1.5
G_cingul-Post-dorsal 899 649 2466 3.048 0.797 0.147 0.038 14 1.3
G_cingul-Post-ventral 494 333 1193 2.664 0.937 0.141 0.039 8 0.7
G_cuneus 1829 1267 2822 1.955 0.550 0.146 0.036 28 2.6
G_front_inf-Opercular 1637 1151 4412 2.896 0.429 0.133 0.029 25 2.0
G_front_inf-Orbital 402 274 973 2.565 0.603 0.150 0.036 9 0.5
G_front_inf-Triangul 1605 1163 4184 2.741 0.543 0.142 0.034 28 2.1
G_front_middle 5956 4133 15450 2.725 0.624 0.133 0.032 99 6.4
G_front_sup 9419 6464 24444 2.932 0.649 0.122 0.030 107 10.8
G_Ins_lg_and_S_cent_ins 782 599 1988 3.082 0.861 0.143 0.045 11 1.4
G_insular_short 911 726 3300 3.521 0.773 0.147 0.043 16 1.4
G_occipital_middle 2911 1929 6720 2.620 0.525 0.129 0.031 47 3.1
G_occipital_sup 1388 923 2814 2.368 0.557 0.124 0.031 20 1.5
G_oc-temp_lat-fusifor 2306 1588 5887 2.952 0.567 0.122 0.028 30 2.4
G_oc-temp_med-Lingual 2909 2124 4378 1.855 0.725 0.158 0.039 49 4.7
G_oc-temp_med-Parahip 1636 1141 4345 2.923 0.754 0.130 0.034 21 2.1
G_orbital 2962 2114 6896 2.454 0.862 0.139 0.041 49 4.6
G_pariet_inf-Angular 3015 2073 7520 2.698 0.687 0.125 0.026 44 3.0
G_pariet_inf-Supramar 4477 3128 11247 2.733 0.667 0.128 0.031 62 5.2
G_parietal_sup 2737 1863 5999 2.457 0.668 0.116 0.026 36 2.4
G_postcentral 3212 1953 5248 2.183 0.646 0.119 0.040 43 4.4
G_precentral 3397 2009 7861 2.914 0.630 0.110 0.037 34 4.3
G_precuneus 3149 2230 7823 2.627 0.618 0.138 0.032 50 3.8
G_rectus 1285 856 2534 2.233 0.684 0.126 0.044 25 2.2
G_subcallosal 997 658 1866 2.805 0.813 0.137 0.052 15 2.0
G_temp_sup-G_T_transv 623 399 1367 2.550 0.344 0.111 0.029 7 0.5
G_temp_sup-Lateral 2603 1714 8072 3.213 0.780 0.118 0.038 38 3.4
G_temp_sup-Plan_polar 810 540 2111 3.466 0.753 0.087 0.021 4 0.6
G_temp_sup-Plan_tempo 1354 880 2816 2.880 0.593 0.085 0.014 6 0.8
G_temporal_inf 3176 2260 8435 2.770 0.927 0.136 0.040 60 5.1
G_temporal_middle 3174 2169 9773 3.179 0.654 0.124 0.033 47 3.7
Lat_Fis-ant-Horizont 372 243 470 2.059 0.446 0.105 0.017 3 0.3
Lat_Fis-ant-Vertical 369 251 562 2.556 0.478 0.089 0.019 1 0.3
Lat_Fis-post 1145 766 1586 2.628 0.476 0.118 0.024 8 1.1
Pole_occipital 2481 1521 3338 1.952 0.581 0.127 0.034 32 3.1
Pole_temporal 1740 1357 5870 3.111 0.740 0.143 0.040 27 2.5
S_calcarine 2704 1805 3079 1.988 0.564 0.109 0.022 17 2.7
S_central 3807 2487 4362 2.012 0.602 0.102 0.021 20 3.4
S_cingul-Marginalis 1251 810 1719 2.286 0.422 0.085 0.013 5 0.7
S_circular_insula_ant 561 369 845 2.837 0.457 0.095 0.017 2 0.4
S_circular_insula_inf 1729 1117 2516 2.693 0.501 0.081 0.015 6 1.1
S_circular_insula_sup 1865 1215 2703 2.651 0.497 0.104 0.021 9 1.8
S_collat_transv_ant 1108 773 2094 2.689 0.651 0.115 0.027 9 1.1
S_collat_transv_post 700 450 747 1.926 0.368 0.111 0.020 4 0.6
S_front_inf 2990 2005 4398 2.267 0.439 0.105 0.020 18 2.6
S_front_middle 1912 1321 2818 2.155 0.388 0.120 0.024 17 1.9
S_front_sup 4380 2922 7008 2.479 0.374 0.099 0.019 25 3.5
S_interm_prim-Jensen 653 424 773 2.221 0.334 0.094 0.016 3 0.5
S_intrapariet_and_P_trans 2910 1930 3737 2.053 0.367 0.102 0.017 20 2.2
S_oc_middle_and_Lunatus 1211 804 1519 2.031 0.349 0.121 0.025 9 1.3
S_oc_sup_and_transversal 1576 1026 1910 2.014 0.305 0.096 0.015 8 1.0
S_occipital_ant 917 608 1229 2.352 0.341 0.114 0.019 7 0.8
S_oc-temp_lat 1209 787 1722 2.612 0.397 0.104 0.023 8 1.0
S_oc-temp_med_and_Lingual 2191 1482 3872 2.655 0.485 0.107 0.019 16 1.8
S_orbital_lateral 498 335 536 1.879 0.344 0.108 0.015 3 0.4
S_orbital_med-olfact 1078 703 1317 2.147 0.589 0.099 0.017 6 0.7
S_orbital-H_Shaped 1891 1325 3507 2.558 0.702 0.116 0.025 20 2.0
S_parieto_occipital 1844 1262 2506 2.159 0.392 0.115 0.021 15 1.7
S_pericallosal 2009 1233 1831 1.606 0.626 0.107 0.017 24 1.4
S_postcentral 3536 2322 4642 2.166 0.428 0.100 0.018 22 2.7
S_precentral-inf-part 1722 1113 2440 2.524 0.411 0.094 0.017 10 1.2
S_precentral-sup-part 1476 962 1971 2.415 0.399 0.094 0.017 7 1.1
S_suborbital 833 549 1140 2.290 0.542 0.094 0.014 5 0.5
S_subparietal 1472 982 2058 2.364 0.466 0.103 0.020 9 1.2
S_temporal_inf 2038 1324 2842 2.366 0.539 0.094 0.014 10 1.4
S_temporal_sup 8146 5350 12923 2.519 0.440 0.091 0.016 43 5.3
S_temporal_transverse 552 372 679 2.270 0.309 0.102 0.012 3 0.3
