StructName NumVert SurfArea GrayVol ThickAvg ThickStd MeanCurv GausCurv FoldInd CurvInd
G_and_S_frontomargin 1472 1086 2716 2.260 0.565 0.143 0.030 18 2.1
G_and_S_occipital_inf 1825 1220 4476 2.716 0.759 0.134 0.026 24 2.0
G_and_S_paracentral 1712 1017 3082 2.461 0.650 0.102 0.019 14 1.3
G_and_S_subcentral 1531 1024 3215 2.693 0.499 0.128 0.026 16 1.6
G_and_S_transv_frontopol 851 692 2119 2.476 0.527 0.181 0.046 19 1.9
G_and_S_cingul-Ant 2687 1935 5571 2.699 0.653 0.118 0.023 27 2.7
G_and_S_cingul-Mid-Ant 1970 1277 3606 2.726 0.468 0.106 0.017 15 1.4
G_and_S_cingul-Mid-Post 1639 1111 3126 2.684 0.512 0.118 0.021 17 1.5
G_cingul-Post-dorsal 980 675 2554 2.974 0.714 0.152 0.036 16 1.6
G_cingul-Post-ventral 447 294 1072 2.778 0.803 0.144 0.036 7 0.7
G_cuneus 1850 1265 2493 1.772 0.512 0.146 0.030 23 2.4
G_front_inf-Opercular 1520 1013 3983 2.933 0.434 0.121 0.023 21 1.4
G_front_inf-Orbital 423 303 920 2.267 0.628 0.151 0.030 8 0.6
G_front_inf-Triangul 1600 1134 3947 2.698 0.539 0.140 0.031 25 1.9
G_front_middle 5466 3872 12649 2.521 0.568 0.137 0.028 85 6.2
G_front_sup 8896 6141 21334 2.788 0.582 0.123 0.025 100 9.0
G_Ins_lg_and_S_cent_ins 838 550 1701 2.845 0.795 0.125 0.039 11 1.1
G_insular_short 882 617 2901 3.460 0.790 0.124 0.030 12 1.0
G_occipital_middle 2639 1725 5815 2.631 0.516 0.131 0.028 35 2.9
G_occipital_sup 1420 930 2786 2.352 0.650 0.121 0.023 14 1.3
G_oc-temp_lat-fusifor 2193 1483 5479 2.974 0.568 0.122 0.028 25 2.4
G_oc-temp_med-Lingual 2770 1997 3885 1.743 0.656 0.161 0.041 42 5.0
G_oc-temp_med-Parahip 1610 1039 4464 3.146 0.800 0.113 0.025 14 1.4
G_orbital 2516 1791 6199 2.581 0.684 0.130 0.033 40 3.2
G_pariet_inf-Angular 3167 2214 7626 2.624 0.614 0.129 0.024 43 3.2
G_pariet_inf-Supramar 3852 2691 9276 2.727 0.618 0.129 0.026 49 4.1
G_parietal_sup 2562 1743 5224 2.392 0.562 0.120 0.021 29 2.2
G_postcentral 2831 1755 4897 2.261 0.577 0.114 0.025 27 3.0
G_precentral 3234 1814 7166 2.946 0.539 0.095 0.017 25 2.3
G_precuneus 3142 2129 7445 2.634 0.635 0.137 0.028 42 3.6
G_rectus 1004 692 2119 2.295 0.609 0.131 0.034 16 1.6
G_subcallosal 822 548 1454 2.541 0.850 0.137 0.051 15 1.7
G_temp_sup-G_T_transv 674 412 1276 2.420 0.335 0.101 0.020 6 0.5
G_temp_sup-Lateral 2437 1562 7936 3.403 0.623 0.109 0.022 27 2.3
G_temp_sup-Plan_polar 725 483 1968 3.618 0.791 0.075 0.014 2 0.5
G_temp_sup-Plan_tempo 1246 801 2498 2.806 0.610 0.081 0.012 6 0.7
G_temporal_inf 2822 2042 8144 2.944 0.775 0.134 0.030 47 3.8
G_temporal_middle 2890 1958 8881 3.200 0.603 0.124 0.026 40 3.0
Lat_Fis-ant-Horizont 368 239 447 1.910 0.490 0.113 0.016 3 0.2
Lat_Fis-ant-Vertical 329 229 547 2.788 0.453 0.091 0.017 1 0.2
Lat_Fis-post 1158 780 1511 2.544 0.480 0.124 0.023 9 1.2
Pole_occipital 2507 1531 3033 1.873 0.506 0.135 0.028 31 3.2
Pole_temporal 1679 1271 5893 3.325 0.678 0.136 0.035 23 2.4
S_calcarine 2590 1722 2521 1.763 0.653 0.118 0.023 20 2.6
S_central 3533 2349 3716 1.866 0.611 0.109 0.019 23 2.9
S_cingul-Marginalis 1195 782 1603 2.271 0.403 0.087 0.012 5 0.6
S_circular_insula_ant 603 402 909 2.763 0.475 0.099 0.017 3 0.5
S_circular_insula_inf 1707 1124 2563 2.703 0.549 0.078 0.011 6 0.8
S_circular_insula_sup 1940 1273 2829 2.723 0.444 0.106 0.020 11 1.7
S_collat_transv_ant 1071 726 2127 3.074 0.582 0.114 0.022 9 1.0
S_collat_transv_post 649 429 682 2.088 0.358 0.119 0.021 5 0.6
S_front_inf 3032 2012 4121 2.181 0.435 0.106 0.019 20 2.6
S_front_middle 1625 1146 2221 2.093 0.381 0.123 0.022 15 1.6
S_front_sup 4154 2797 6700 2.492 0.425 0.100 0.017 25 3.1
S_interm_prim-Jensen 490 320 560 2.293 0.302 0.099 0.014 3 0.3
S_intrapariet_and_P_trans 2979 1970 3763 2.101 0.365 0.099 0.015 19 2.0
S_oc_middle_and_Lunatus 1273 859 1646 2.102 0.367 0.126 0.026 11 1.4
S_oc_sup_and_transversal 1490 979 1689 1.975 0.375 0.101 0.014 9 0.9
S_occipital_ant 869 604 1158 2.236 0.375 0.118 0.019 6 0.7
S_oc-temp_lat 1064 722 1600 2.565 0.497 0.110 0.021 7 1.0
S_oc-temp_med_and_Lingual 2411 1649 3915 2.513 0.505 0.117 0.022 19 2.2
S_orbital_lateral 455 324 516 1.885 0.373 0.117 0.014 3 0.3
S_orbital_med-olfact 770 527 902 2.096 0.595 0.113 0.019 5 0.6
S_orbital-H_Shaped 1680 1157 2831 2.432 0.654 0.120 0.025 15 1.9
S_parieto_occipital 1837 1264 2338 2.166 0.450 0.124 0.021 18 1.7
S_pericallosal 1973 1229 1843 1.789 0.638 0.112 0.018 24 1.5
S_postcentral 3544 2334 4779 2.301 0.384 0.103 0.017 23 2.5
S_precentral-inf-part 1632 1065 2239 2.473 0.398 0.097 0.016 9 1.1
S_precentral-sup-part 1355 886 1866 2.491 0.358 0.093 0.014 6 0.8
S_suborbital 844 569 1150 2.119 0.377 0.108 0.016 9 0.6
S_subparietal 1511 1012 2076 2.374 0.463 0.108 0.020 10 1.3
S_temporal_inf 1991 1336 2896 2.459 0.613 0.103 0.016 12 1.4
S_temporal_sup 7690 5062 12159 2.531 0.466 0.094 0.015 44 4.8
S_temporal_transverse 529 379 689 2.367 0.316 0.115 0.011 4 0.3
