StructName NumVert SurfArea GrayVol ThickAvg ThickStd MeanCurv GausCurv FoldInd CurvInd
G_and_S_frontomargin 825 644 1800 2.402 0.700 0.150 0.039 11 1.1
G_and_S_occipital_inf 2129 1426 4327 2.532 0.721 0.127 0.025 24 2.2
G_and_S_paracentral 1735 927 2789 2.504 0.583 0.092 0.024 12 1.6
G_and_S_subcentral 1360 912 2574 2.515 0.524 0.124 0.026 14 1.5
G_and_S_transv_frontopol 796 575 1615 2.359 0.519 0.165 0.044 15 1.4
G_and_S_cingul-Ant 2090 1470 4702 2.920 0.687 0.123 0.028 22 2.5
G_and_S_cingul-Mid-Ant 1100 735 2078 2.816 0.511 0.106 0.023 8 1.0
G_and_S_cingul-Mid-Post 1226 831 2141 2.454 0.592 0.104 0.020 10 1.0
G_cingul-Post-dorsal 611 434 1481 2.644 0.488 0.149 0.032 9 0.8
G_cingul-Post-ventral 300 197 613 2.469 0.831 0.132 0.040 5 0.3
G_cuneus 2283 1451 3188 1.851 0.659 0.133 0.029 26 2.8
G_front_inf-Opercular 1265 886 3123 2.805 0.451 0.147 0.036 20 1.9
G_front_inf-Orbital 361 241 875 2.701 0.558 0.153 0.044 6 0.6
G_front_inf-Triangul 1231 820 2762 2.557 0.653 0.123 0.032 17 1.5
G_front_middle 3849 2681 9969 2.782 0.593 0.136 0.032 53 4.7
G_front_sup 6373 4312 15315 2.913 0.588 0.130 0.032 75 8.0
G_Ins_lg_and_S_cent_ins 661 452 1617 3.413 0.753 0.138 0.043 10 0.9
G_insular_short 666 503 2609 3.612 0.679 0.153 0.051 12 1.4
G_occipital_middle 2787 1764 5897 2.541 0.592 0.133 0.026 40 3.0
G_occipital_sup 1283 808 1645 1.814 0.486 0.121 0.026 12 1.4
G_oc-temp_lat-fusifor 2125 1462 5246 2.814 0.632 0.140 0.032 35 2.6
G_oc-temp_med-Lingual 3884 2628 6071 1.966 0.746 0.140 0.033 49 5.4
G_oc-temp_med-Parahip 1424 954 3105 2.545 0.858 0.126 0.038 20 2.0
G_orbital 2207 1633 5380 2.682 0.618 0.158 0.044 45 4.0
G_pariet_inf-Angular 2424 1682 5455 2.532 0.579 0.128 0.028 34 2.8
G_pariet_inf-Supramar 3057 2104 6816 2.711 0.552 0.131 0.029 38 3.5
G_parietal_sup 3190 2162 6348 2.362 0.467 0.122 0.028 42 3.3
G_postcentral 2493 1504 3951 2.135 0.559 0.115 0.027 26 2.8
G_precentral 2834 1609 6204 2.883 0.579 0.113 0.034 29 3.8
G_precuneus 3160 2150 6348 2.435 0.561 0.122 0.029 42 3.5
G_rectus 1055 730 2362 2.501 0.604 0.135 0.035 18 1.5
G_subcallosal 774 494 1413 2.831 0.786 0.119 0.046 10 1.1
G_temp_sup-G_T_transv 584 340 884 2.103 0.395 0.098 0.025 5 0.6
G_temp_sup-Lateral 2075 1301 5538 2.982 0.707 0.122 0.028 28 2.3
G_temp_sup-Plan_polar 672 448 1718 3.345 0.914 0.076 0.020 3 0.4
G_temp_sup-Plan_tempo 1327 846 2374 2.586 0.549 0.083 0.014 7 0.7
G_temporal_inf 2125 1679 6201 2.848 0.692 0.151 0.034 44 3.3
G_temporal_middle 2592 1785 8230 3.253 0.620 0.132 0.029 39 3.0
Lat_Fis-ant-Horizont 273 177 301 2.088 0.366 0.107 0.019 2 0.2
Lat_Fis-ant-Vertical 341 244 517 2.540 0.474 0.111 0.024 2 0.3
Lat_Fis-post 1277 868 1752 2.508 0.510 0.124 0.027 10 1.5
Pole_occipital 2407 1489 2924 1.818 0.549 0.135 0.031 31 3.1
Pole_temporal 1361 1098 5331 3.311 0.734 0.157 0.046 24 2.5
S_calcarine 2982 2050 3108 1.790 0.562 0.123 0.025 27 3.3
S_central 3281 2242 3632 1.875 0.681 0.116 0.027 22 3.7
S_cingul-Marginalis 1090 704 1393 2.132 0.457 0.081 0.011 4 0.5
S_circular_insula_ant 563 383 851 2.715 0.418 0.114 0.024 3 0.6
S_circular_insula_inf 1389 896 2025 2.928 0.677 0.084 0.015 6 0.9
S_circular_insula_sup 1867 1233 2600 2.400 0.618 0.103 0.026 13 2.0
S_collat_transv_ant 1073 695 1455 2.280 0.491 0.094 0.016 5 0.8
S_collat_transv_post 609 408 692 2.065 0.369 0.130 0.028 5 0.8
S_front_inf 2085 1414 3091 2.378 0.382 0.109 0.022 15 2.0
S_front_middle 1214 798 1506 2.196 0.424 0.107 0.020 7 1.1
S_front_sup 3012 2059 5309 2.621 0.424 0.109 0.024 22 2.9
S_interm_prim-Jensen 216 155 370 2.527 0.759 0.125 0.022 2 0.2
S_intrapariet_and_P_trans 2793 1836 3685 2.221 0.393 0.116 0.020 23 2.5
S_oc_middle_and_Lunatus 1279 867 1398 1.847 0.365 0.122 0.022 10 1.2
S_oc_sup_and_transversal 1251 804 1342 1.881 0.392 0.104 0.017 8 0.9
S_occipital_ant 753 522 1014 2.395 0.485 0.113 0.019 5 0.7
S_oc-temp_lat 793 537 1120 2.420 0.393 0.100 0.021 4 0.6
S_oc-temp_med_and_Lingual 2099 1402 2860 2.257 0.515 0.107 0.022 13 1.8
S_orbital_lateral 364 274 546 2.373 0.482 0.137 0.024 3 0.5
S_orbital_med-olfact 752 504 898 2.225 0.566 0.111 0.016 5 0.5
S_orbital-H_Shaped 1448 1039 2723 2.595 0.512 0.141 0.035 20 2.3
S_parieto_occipital 2238 1480 2898 2.109 0.459 0.113 0.021 16 2.1
S_pericallosal 1082 710 1114 1.905 0.587 0.139 0.028 22 1.3
S_postcentral 2729 1825 3920 2.281 0.468 0.116 0.022 22 2.6
S_precentral-inf-part 1511 999 2265 2.440 0.488 0.106 0.021 9 1.4
S_precentral-sup-part 1332 894 1790 2.447 0.423 0.113 0.023 8 1.3
S_suborbital 930 650 1336 2.209 0.742 0.126 0.026 11 1.0
S_subparietal 956 656 1297 2.196 0.436 0.118 0.025 7 1.0
S_temporal_inf 1886 1306 2631 2.330 0.422 0.125 0.020 18 1.8
S_temporal_sup 5841 3891 8669 2.401 0.457 0.103 0.019 39 4.5
S_temporal_transverse 554 363 559 1.939 0.299 0.111 0.017 4 0.4
