StructName NumVert SurfArea GrayVol ThickAvg ThickStd MeanCurv GausCurv FoldInd CurvInd
G_and_S_frontomargin 1128 845 2260 2.340 0.659 0.152 0.036 18 1.6
G_and_S_occipital_inf 2179 1469 4154 2.437 0.664 0.126 0.025 24 2.3
G_and_S_paracentral 1586 864 2810 2.632 0.617 0.086 0.019 10 1.1
G_and_S_subcentral 1414 948 2814 2.591 0.548 0.129 0.026 16 1.5
G_and_S_transv_frontopol 669 487 1554 2.437 0.541 0.151 0.035 11 1.0
G_and_S_cingul-Ant 2140 1524 4919 2.911 0.679 0.121 0.025 21 2.3
G_and_S_cingul-Mid-Ant 1004 663 1883 2.886 0.528 0.104 0.019 7 0.7
G_and_S_cingul-Mid-Post 1198 807 2052 2.434 0.549 0.105 0.019 9 0.9
G_cingul-Post-dorsal 555 385 1351 2.745 0.475 0.140 0.030 7 0.7
G_cingul-Post-ventral 302 183 593 2.532 0.852 0.124 0.037 5 0.3
G_cuneus 2416 1519 3162 1.784 0.526 0.136 0.030 29 3.0
G_front_inf-Opercular 1219 842 3019 2.781 0.441 0.146 0.032 20 1.7
G_front_inf-Orbital 339 239 921 2.806 0.553 0.143 0.034 6 0.4
G_front_inf-Triangul 1119 776 2406 2.449 0.595 0.133 0.031 16 1.4
G_front_middle 3567 2511 9330 2.767 0.541 0.140 0.032 53 4.6
G_front_sup 6169 4287 15509 2.944 0.611 0.131 0.032 75 7.9
G_Ins_lg_and_S_cent_ins 737 487 1679 3.202 0.751 0.143 0.052 12 1.6
G_insular_short 761 518 2688 3.641 0.739 0.136 0.041 12 1.1
G_occipital_middle 2343 1641 5187 2.443 0.549 0.147 0.028 38 3.0
G_occipital_sup 1210 779 1533 1.793 0.435 0.121 0.026 12 1.2
G_oc-temp_lat-fusifor 2023 1376 5185 2.901 0.585 0.134 0.032 29 2.4
G_oc-temp_med-Lingual 3728 2523 5811 2.004 0.758 0.143 0.033 48 5.1
G_oc-temp_med-Parahip 1207 745 2912 2.836 0.857 0.102 0.027 12 1.3
G_orbital 2321 1702 5535 2.620 0.689 0.157 0.042 44 4.0
G_pariet_inf-Angular 2455 1758 5695 2.505 0.610 0.130 0.028 34 2.8
G_pariet_inf-Supramar 3088 2138 6960 2.683 0.543 0.132 0.029 41 3.6
G_parietal_sup 2855 2065 6341 2.378 0.490 0.133 0.031 116 3.5
G_postcentral 2388 1463 4209 2.258 0.591 0.117 0.025 25 2.5
G_precentral 2647 1555 6191 2.934 0.570 0.112 0.026 27 2.9
G_precuneus 3322 2261 6628 2.409 0.579 0.128 0.029 46 3.8
G_rectus 976 674 2106 2.367 0.621 0.133 0.042 19 1.9
G_subcallosal 789 504 1355 2.606 0.867 0.129 0.054 30 1.5
G_temp_sup-G_T_transv 573 329 925 2.227 0.415 0.102 0.028 5 0.6
G_temp_sup-Lateral 2007 1301 5685 3.034 0.696 0.126 0.032 34 2.6
G_temp_sup-Plan_polar 726 484 1755 3.230 0.848 0.087 0.025 4 0.7
G_temp_sup-Plan_tempo 1252 809 2102 2.505 0.538 0.073 0.013 5 0.6
G_temporal_inf 2065 1646 6082 2.860 0.706 0.156 0.040 43 3.9
G_temporal_middle 2690 1848 8503 3.288 0.662 0.131 0.029 40 3.1
Lat_Fis-ant-Horizont 353 232 395 1.887 0.384 0.094 0.015 2 0.2
Lat_Fis-ant-Vertical 323 228 449 2.470 0.381 0.113 0.025 2 0.3
Lat_Fis-post 1302 867 1795 2.545 0.543 0.119 0.024 10 1.3
Pole_occipital 2089 1383 2919 1.892 0.506 0.144 0.033 30 2.8
Pole_temporal 1575 1224 5633 3.345 0.717 0.152 0.046 23 2.9
S_calcarine 2933 2047 3014 1.721 0.510 0.126 0.027 26 3.4
S_central 3193 2143 3424 1.866 0.637 0.110 0.023 20 3.1
S_cingul-Marginalis 1075 689 1330 2.089 0.457 0.079 0.010 4 0.4
S_circular_insula_ant 558 379 888 2.791 0.476 0.107 0.022 3 0.6
S_circular_insula_inf 1318 868 1910 2.931 0.684 0.085 0.016 5 0.8
S_circular_insula_sup 1870 1243 2593 2.405 0.593 0.104 0.023 11 1.8
S_collat_transv_ant 1142 749 1686 2.322 0.481 0.096 0.019 6 0.9
S_collat_transv_post 645 436 782 2.076 0.353 0.131 0.027 6 0.8
S_front_inf 2117 1438 3063 2.297 0.404 0.110 0.020 16 1.9
S_front_middle 1371 907 1743 2.170 0.427 0.109 0.019 9 1.1
S_front_sup 2867 1977 4923 2.571 0.457 0.105 0.021 19 2.5
S_interm_prim-Jensen 126 98 219 2.368 0.785 0.142 0.026 1 0.1
S_intrapariet_and_P_trans 2881 1921 3728 2.172 0.444 0.116 0.021 22 2.8
S_oc_middle_and_Lunatus 1309 891 1457 1.875 0.390 0.124 0.023 11 1.3
S_oc_sup_and_transversal 1172 751 1258 1.894 0.426 0.099 0.016 7 0.8
S_occipital_ant 806 549 1067 2.327 0.462 0.119 0.022 7 0.7
S_oc-temp_lat 815 550 1119 2.351 0.329 0.100 0.021 4 0.6
S_oc-temp_med_and_Lingual 2006 1335 2650 2.195 0.552 0.109 0.021 11 1.8
S_orbital_lateral 400 279 524 2.192 0.448 0.130 0.026 3 0.5
S_orbital_med-olfact 817 530 973 2.217 0.629 0.107 0.021 5 0.7
S_orbital-H_Shaped 1403 986 2606 2.633 0.572 0.133 0.033 16 1.9
S_parieto_occipital 2078 1373 2579 2.029 0.474 0.112 0.022 15 1.9
S_pericallosal 952 603 932 1.897 0.577 0.143 0.036 25 1.5
S_postcentral 2580 1734 3657 2.259 0.492 0.116 0.021 21 2.3
S_precentral-inf-part 1430 946 2081 2.449 0.443 0.106 0.018 9 1.1
S_precentral-sup-part 1304 867 1769 2.480 0.408 0.105 0.018 7 1.1
S_suborbital 1036 705 1525 2.275 0.770 0.125 0.023 13 1.0
S_subparietal 925 637 1283 2.344 0.496 0.117 0.023 6 0.9
S_temporal_inf 1966 1340 2733 2.303 0.432 0.120 0.021 17 1.9
S_temporal_sup 5722 3807 8609 2.435 0.461 0.102 0.018 36 4.5
S_temporal_transverse 514 350 570 2.051 0.274 0.118 0.016 4 0.4
