StructName NumVert SurfArea GrayVol ThickAvg ThickStd MeanCurv GausCurv FoldInd CurvInd
G_and_S_frontomargin 1058 803 2103 2.309 0.574 0.158 0.040 17 1.6
G_and_S_occipital_inf 2112 1404 4303 2.609 0.628 0.124 0.023 24 2.1
G_and_S_paracentral 1663 871 2743 2.594 0.528 0.091 0.023 12 1.4
G_and_S_subcentral 1406 976 2903 2.623 0.482 0.130 0.025 16 1.4
G_and_S_transv_frontopol 674 525 1762 2.530 0.493 0.168 0.040 14 1.1
G_and_S_cingul-Ant 2115 1542 4571 2.701 0.641 0.127 0.029 24 2.8
G_and_S_cingul-Mid-Ant 1041 721 2010 2.800 0.428 0.114 0.025 9 1.0
G_and_S_cingul-Mid-Post 1191 822 2057 2.409 0.519 0.110 0.024 10 1.2
G_cingul-Post-dorsal 596 429 1447 2.621 0.480 0.149 0.033 9 0.8
G_cingul-Post-ventral 331 202 629 2.537 0.805 0.116 0.038 4 0.3
G_cuneus 2349 1513 2987 1.738 0.552 0.137 0.031 29 2.9
G_front_inf-Opercular 1187 873 3055 2.779 0.405 0.153 0.036 21 1.9
G_front_inf-Orbital 399 292 1080 2.764 0.531 0.150 0.035 9 0.6
G_front_inf-Triangul 1053 739 2302 2.454 0.474 0.134 0.029 16 1.2
G_front_middle 3560 2618 9199 2.676 0.508 0.145 0.035 56 5.1
G_front_sup 6280 4425 15525 2.871 0.552 0.135 0.033 88 8.6
G_Ins_lg_and_S_cent_ins 654 471 1429 2.970 0.888 0.155 0.057 13 1.7
G_insular_short 707 510 2647 3.630 0.897 0.146 0.050 12 1.3
G_occipital_middle 2711 1807 5928 2.537 0.512 0.141 0.028 43 3.2
G_occipital_sup 1249 771 1774 1.958 0.524 0.115 0.028 13 1.3
G_oc-temp_lat-fusifor 2111 1414 5514 3.015 0.557 0.135 0.029 32 2.4
G_oc-temp_med-Lingual 3850 2600 6004 2.005 0.771 0.145 0.034 51 5.6
G_oc-temp_med-Parahip 1206 756 2687 2.723 0.819 0.103 0.028 12 1.1
G_orbital 2246 1650 5488 2.657 0.607 0.156 0.042 42 3.9
G_pariet_inf-Angular 2468 1705 5682 2.593 0.527 0.132 0.028 38 2.9
G_pariet_inf-Supramar 2764 1975 6400 2.678 0.456 0.139 0.030 39 3.5
G_parietal_sup 3360 2198 6419 2.347 0.476 0.124 0.035 48 4.7
G_postcentral 2433 1465 4300 2.305 0.552 0.114 0.026 26 2.5
G_precentral 2627 1639 5968 2.794 0.533 0.120 0.032 29 3.6
G_precuneus 3227 2210 6317 2.433 0.488 0.124 0.029 43 3.6
G_rectus 1024 707 2296 2.472 0.564 0.140 0.046 24 2.0
G_subcallosal 703 462 1252 2.550 0.877 0.126 0.056 11 1.1
G_temp_sup-G_T_transv 548 340 935 2.191 0.359 0.104 0.032 5 0.5
G_temp_sup-Lateral 1815 1324 5449 2.989 0.633 0.141 0.031 35 2.4
G_temp_sup-Plan_polar 716 490 1849 3.445 0.956 0.070 0.013 2 0.4
G_temp_sup-Plan_tempo 1278 861 2329 2.597 0.444 0.083 0.014 7 0.8
G_temporal_inf 2163 1713 6598 2.922 0.722 0.152 0.037 47 3.9
G_temporal_middle 2518 1958 8253 3.064 0.678 0.152 0.032 50 3.7
Lat_Fis-ant-Horizont 301 191 333 1.989 0.357 0.090 0.016 2 0.2
Lat_Fis-ant-Vertical 351 242 500 2.427 0.338 0.104 0.022 2 0.3
Lat_Fis-post 1294 887 1742 2.405 0.436 0.130 0.031 12 1.7
Pole_occipital 2311 1472 3089 1.924 0.600 0.142 0.033 33 3.2
Pole_temporal 1532 1145 5146 3.257 0.792 0.141 0.041 22 2.4
S_calcarine 2865 2053 3219 1.874 0.585 0.132 0.030 26 3.7
S_central 3239 2190 3647 1.942 0.666 0.114 0.026 21 3.7
S_cingul-Marginalis 1067 702 1425 2.199 0.412 0.085 0.011 4 0.5
S_circular_insula_ant 554 371 851 2.737 0.552 0.106 0.023 3 0.6
S_circular_insula_inf 1394 909 2128 2.990 0.743 0.085 0.015 7 0.8
S_circular_insula_sup 1823 1191 2500 2.408 0.533 0.102 0.021 10 1.6
S_collat_transv_ant 1144 792 1868 2.431 0.471 0.106 0.017 9 1.0
S_collat_transv_post 567 383 685 2.149 0.359 0.132 0.028 5 0.7
S_front_inf 2078 1406 2961 2.244 0.401 0.109 0.021 14 2.0
S_front_middle 1315 869 1729 2.244 0.388 0.109 0.021 8 1.2
S_front_sup 2929 2052 5075 2.510 0.399 0.112 0.024 24 2.9
S_interm_prim-Jensen 249 191 428 2.560 0.674 0.130 0.022 2 0.3
S_intrapariet_and_P_trans 2849 1916 3977 2.327 0.401 0.117 0.021 24 2.6
S_oc_middle_and_Lunatus 1220 831 1420 1.970 0.369 0.123 0.022 10 1.2
S_oc_sup_and_transversal 1233 811 1487 2.068 0.401 0.100 0.016 8 0.8
S_occipital_ant 760 521 1041 2.541 0.436 0.118 0.021 6 0.7
S_oc-temp_lat 775 527 1063 2.358 0.362 0.104 0.021 4 0.6
S_oc-temp_med_and_Lingual 1908 1316 2822 2.379 0.572 0.111 0.021 12 1.7
S_orbital_lateral 349 240 454 2.183 0.447 0.133 0.028 3 0.5
S_orbital_med-olfact 763 515 903 2.173 0.492 0.113 0.020 5 0.7
S_orbital-H_Shaped 1380 979 2494 2.586 0.509 0.135 0.033 16 1.9
S_parieto_occipital 2190 1465 2824 2.102 0.459 0.117 0.024 17 2.2
S_pericallosal 1050 661 1027 1.901 0.596 0.132 0.033 20 1.3
S_postcentral 2568 1760 3835 2.340 0.442 0.118 0.021 21 2.3
S_precentral-inf-part 1452 963 2146 2.441 0.431 0.106 0.021 9 1.3
S_precentral-sup-part 1265 836 1709 2.407 0.469 0.104 0.018 6 1.0
S_suborbital 964 674 1326 2.148 0.610 0.129 0.022 13 1.0
S_subparietal 948 669 1375 2.302 0.456 0.126 0.026 7 1.1
S_temporal_inf 1713 1190 2432 2.464 0.432 0.125 0.020 15 1.8
S_temporal_sup 5566 3761 8494 2.432 0.433 0.105 0.020 40 4.6
S_temporal_transverse 518 344 551 2.044 0.344 0.111 0.015 3 0.4
