StructName NumVert SurfArea GrayVol ThickAvg ThickStd MeanCurv GausCurv FoldInd CurvInd
G_and_S_frontomargin 1006 786 2100 2.366 0.561 0.160 0.040 18 1.6
G_and_S_occipital_inf 2014 1350 3892 2.472 0.660 0.126 0.025 23 2.0
G_and_S_paracentral 1630 893 2855 2.624 0.590 0.091 0.020 12 1.1
G_and_S_subcentral 1420 966 2851 2.557 0.541 0.129 0.025 15 1.4
G_and_S_transv_frontopol 648 495 1564 2.433 0.556 0.157 0.030 11 0.9
G_and_S_cingul-Ant 2095 1460 4764 2.903 0.681 0.117 0.023 20 2.1
G_and_S_cingul-Mid-Ant 1015 666 1935 2.823 0.526 0.100 0.020 7 0.8
G_and_S_cingul-Mid-Post 1169 794 2010 2.432 0.584 0.103 0.020 8 0.9
G_cingul-Post-dorsal 578 410 1475 2.694 0.511 0.148 0.035 8 0.9
G_cingul-Post-ventral 296 199 585 2.368 0.803 0.129 0.040 5 0.2
G_cuneus 2249 1463 3152 1.836 0.673 0.139 0.031 28 2.9
G_front_inf-Opercular 1231 885 3178 2.828 0.438 0.145 0.034 19 1.8
G_front_inf-Orbital 416 277 1086 2.805 0.573 0.124 0.030 7 0.4
G_front_inf-Triangul 1107 752 2395 2.458 0.585 0.134 0.029 15 1.3
G_front_middle 3692 2625 9511 2.748 0.560 0.143 0.034 57 5.4
G_front_sup 6113 4231 15649 2.935 0.626 0.132 0.030 79 7.8
G_Ins_lg_and_S_cent_ins 649 436 1553 3.409 0.760 0.131 0.045 9 1.1
G_insular_short 672 467 2582 3.746 0.789 0.139 0.036 11 1.0
G_occipital_middle 2585 1748 5612 2.450 0.546 0.139 0.028 42 2.9
G_occipital_sup 1163 747 1595 1.863 0.479 0.125 0.029 14 1.3
G_oc-temp_lat-fusifor 2056 1382 5254 2.934 0.638 0.132 0.028 28 2.3
G_oc-temp_med-Lingual 3762 2606 5796 1.956 0.684 0.148 0.033 52 5.2
G_oc-temp_med-Parahip 1212 771 2991 2.851 0.916 0.109 0.030 11 1.4
G_orbital 2203 1625 5340 2.644 0.585 0.152 0.038 42 3.5
G_pariet_inf-Angular 2239 1658 5319 2.515 0.511 0.134 0.028 33 2.5
G_pariet_inf-Supramar 3053 2151 6919 2.652 0.515 0.135 0.030 40 3.7
G_parietal_sup 2980 2087 5968 2.295 0.484 0.127 0.030 42 3.5
G_postcentral 2477 1492 4114 2.216 0.568 0.113 0.023 24 2.4
G_precentral 2574 1501 6002 2.922 0.545 0.111 0.026 26 2.8
G_precuneus 3279 2242 6458 2.369 0.575 0.122 0.025 38 3.5
G_rectus 1116 797 2469 2.442 0.584 0.145 0.037 23 1.6
G_subcallosal 695 434 1301 2.976 0.760 0.113 0.046 9 1.2
G_temp_sup-G_T_transv 581 337 907 2.148 0.379 0.099 0.023 5 0.5
G_temp_sup-Lateral 1999 1339 5680 2.992 0.703 0.127 0.031 28 2.4
G_temp_sup-Plan_polar 610 398 1513 3.405 0.811 0.081 0.019 3 0.6
G_temp_sup-Plan_tempo 1256 830 2127 2.515 0.487 0.078 0.012 6 0.6
G_temporal_inf 1956 1594 6176 2.946 0.702 0.150 0.035 38 3.1
G_temporal_middle 2661 1907 8539 3.241 0.650 0.137 0.029 42 3.1
Lat_Fis-ant-Horizont 317 201 328 1.931 0.382 0.095 0.015 2 0.2
Lat_Fis-ant-Vertical 308 218 461 2.568 0.385 0.107 0.023 2 0.3
Lat_Fis-post 1284 870 1717 2.440 0.488 0.125 0.028 11 1.5
Pole_occipital 2156 1444 3015 1.900 0.523 0.145 0.032 29 2.9
Pole_temporal 1528 1207 5403 3.144 0.871 0.165 0.051 27 3.0
S_calcarine 2896 2034 2967 1.719 0.528 0.127 0.028 27 3.7
S_central 3241 2174 3532 1.880 0.653 0.110 0.024 21 3.2
S_cingul-Marginalis 1033 660 1292 2.138 0.449 0.077 0.009 4 0.4
S_circular_insula_ant 527 350 821 2.849 0.557 0.105 0.017 3 0.4
S_circular_insula_inf 1400 913 2092 2.940 0.706 0.083 0.013 6 0.8
S_circular_insula_sup 1762 1167 2405 2.422 0.578 0.104 0.023 11 1.7
S_collat_transv_ant 1099 730 1665 2.301 0.540 0.102 0.023 8 1.1
S_collat_transv_post 635 427 735 1.992 0.407 0.136 0.028 6 0.9
S_front_inf 2094 1409 3002 2.335 0.393 0.110 0.021 15 1.9
S_front_middle 1237 809 1577 2.290 0.406 0.107 0.017 7 1.1
S_front_sup 2905 1992 4940 2.536 0.423 0.108 0.022 21 2.6
S_interm_prim-Jensen 193 150 380 2.555 0.761 0.150 0.031 2 0.3
S_intrapariet_and_P_trans 2797 1865 3738 2.239 0.423 0.118 0.021 23 2.6
S_oc_middle_and_Lunatus 1172 805 1312 1.857 0.347 0.121 0.020 9 1.1
S_oc_sup_and_transversal 1190 764 1316 1.945 0.412 0.100 0.016 7 0.8
S_occipital_ant 826 565 1138 2.400 0.430 0.118 0.020 7 0.7
S_oc-temp_lat 758 519 1038 2.345 0.368 0.102 0.021 4 0.6
S_oc-temp_med_and_Lingual 1905 1288 2575 2.277 0.550 0.110 0.021 11 1.8
S_orbital_lateral 377 265 501 2.282 0.443 0.130 0.023 3 0.5
S_orbital_med-olfact 760 504 914 2.256 0.621 0.111 0.017 5 0.5
S_orbital-H_Shaped 1352 979 2419 2.481 0.510 0.142 0.033 17 2.0
S_parieto_occipital 2025 1361 2517 2.018 0.471 0.114 0.023 15 1.9
S_pericallosal 1079 682 1156 2.028 0.650 0.130 0.025 21 1.1
S_postcentral 2645 1788 3852 2.283 0.481 0.117 0.021 21 2.4
S_precentral-inf-part 1503 990 2249 2.500 0.447 0.104 0.019 9 1.2
S_precentral-sup-part 1354 910 1867 2.486 0.380 0.107 0.019 7 1.2
S_suborbital 843 595 1281 2.309 0.869 0.115 0.022 8 0.8
S_subparietal 913 631 1236 2.231 0.534 0.117 0.023 6 0.8
S_temporal_inf 1983 1326 2743 2.361 0.412 0.120 0.020 18 1.9
S_temporal_sup 5630 3765 8371 2.435 0.454 0.102 0.018 37 4.3
S_temporal_transverse 545 363 572 1.916 0.268 0.110 0.016 4 0.4
