StructName NumVert SurfArea GrayVol ThickAvg ThickStd MeanCurv GausCurv FoldInd CurvInd
G_and_S_frontomargin 1008 767 2139 2.411 0.657 0.146 0.035 13 1.2
G_and_S_occipital_inf 2226 1496 4374 2.517 0.653 0.127 0.024 24 2.3
G_and_S_paracentral 1643 886 2824 2.625 0.583 0.089 0.019 10 1.2
G_and_S_subcentral 1294 880 2580 2.549 0.546 0.131 0.027 14 1.5
G_and_S_transv_frontopol 745 524 1597 2.385 0.489 0.157 0.038 14 1.2
G_and_S_cingul-Ant 2175 1536 4870 2.879 0.658 0.121 0.024 22 2.3
G_and_S_cingul-Mid-Ant 1045 700 1941 2.758 0.474 0.103 0.021 7 0.9
G_and_S_cingul-Mid-Post 1186 794 1965 2.352 0.568 0.102 0.019 9 0.9
G_cingul-Post-dorsal 637 460 1496 2.552 0.537 0.148 0.034 8 1.0
G_cingul-Post-ventral 327 219 635 2.349 0.866 0.125 0.033 5 0.3
G_cuneus 2365 1514 3151 1.801 0.708 0.134 0.029 28 2.8
G_front_inf-Opercular 1275 863 3017 2.754 0.409 0.141 0.033 19 1.7
G_front_inf-Orbital 355 234 861 2.682 0.542 0.137 0.026 7 0.3
G_front_inf-Triangul 1182 779 2458 2.453 0.585 0.131 0.028 17 1.3
G_front_middle 3723 2543 9363 2.771 0.572 0.138 0.031 51 4.7
G_front_sup 6254 4278 14908 2.865 0.587 0.129 0.030 75 7.7
G_Ins_lg_and_S_cent_ins 691 464 1471 3.129 0.995 0.133 0.033 9 1.0
G_insular_short 755 531 2648 3.615 0.719 0.141 0.042 12 1.2
G_occipital_middle 2435 1669 5405 2.484 0.563 0.143 0.026 38 2.8
G_occipital_sup 1279 794 1609 1.826 0.471 0.120 0.027 13 1.4
G_oc-temp_lat-fusifor 2141 1402 5500 2.935 0.636 0.128 0.028 30 2.3
G_oc-temp_med-Lingual 3866 2601 5910 1.953 0.752 0.142 0.032 49 5.2
G_oc-temp_med-Parahip 1258 810 2969 2.739 0.968 0.121 0.034 14 1.8
G_orbital 2285 1626 5157 2.563 0.682 0.149 0.042 40 3.9
G_pariet_inf-Angular 2458 1731 5877 2.607 0.626 0.129 0.028 34 2.7
G_pariet_inf-Supramar 3078 2091 6595 2.676 0.522 0.132 0.029 39 3.8
G_parietal_sup 3165 2188 6228 2.313 0.451 0.127 0.026 38 3.4
G_postcentral 2522 1541 3934 2.086 0.583 0.110 0.023 23 2.5
G_precentral 2614 1503 5817 2.889 0.576 0.107 0.025 24 2.8
G_precuneus 3398 2343 6577 2.357 0.546 0.126 0.027 42 3.8
G_rectus 1017 741 2277 2.387 0.634 0.145 0.041 19 1.6
G_subcallosal 704 474 1359 2.886 0.824 0.123 0.046 8 1.0
G_temp_sup-G_T_transv 614 365 881 2.033 0.367 0.097 0.028 5 0.7
G_temp_sup-Lateral 2074 1353 5708 2.932 0.723 0.128 0.030 29 2.5
G_temp_sup-Plan_polar 685 471 1731 3.383 0.824 0.077 0.018 3 0.4
G_temp_sup-Plan_tempo 1306 853 2138 2.461 0.476 0.082 0.014 7 0.8
G_temporal_inf 1970 1540 6026 2.952 0.703 0.142 0.030 35 2.8
G_temporal_middle 2667 1879 8419 3.265 0.643 0.133 0.028 40 3.1
Lat_Fis-ant-Horizont 411 268 450 1.872 0.330 0.092 0.015 2 0.3
Lat_Fis-ant-Vertical 326 222 426 2.410 0.400 0.111 0.027 2 0.3
Lat_Fis-post 1333 889 1752 2.449 0.526 0.121 0.026 10 1.4
Pole_occipital 2210 1378 2882 1.897 0.548 0.138 0.031 30 2.8
Pole_temporal 1569 1254 5426 3.080 0.911 0.162 0.055 31 3.4
S_calcarine 2911 2054 3039 1.722 0.534 0.129 0.029 27 3.6
S_central 3272 2168 3408 1.823 0.679 0.108 0.022 21 3.1
S_cingul-Marginalis 1077 693 1308 2.071 0.468 0.080 0.010 4 0.5
S_circular_insula_ant 575 401 907 2.772 0.516 0.112 0.022 3 0.6
S_circular_insula_inf 1422 940 2104 2.861 0.745 0.086 0.014 7 0.8
S_circular_insula_sup 1847 1211 2496 2.410 0.600 0.103 0.021 9 1.6
S_collat_transv_ant 983 665 1444 2.461 0.472 0.097 0.018 5 0.8
S_collat_transv_post 547 366 618 1.984 0.388 0.132 0.030 4 0.8
S_front_inf 2109 1431 2996 2.295 0.377 0.110 0.022 15 1.9
S_front_middle 1336 895 1727 2.256 0.414 0.108 0.019 8 1.2
S_front_sup 3011 2078 5231 2.621 0.438 0.107 0.021 20 2.7
S_interm_prim-Jensen 195 152 350 2.364 0.850 0.134 0.020 2 0.2
S_intrapariet_and_P_trans 2706 1804 3507 2.186 0.397 0.116 0.020 22 2.4
S_oc_middle_and_Lunatus 1332 908 1426 1.780 0.365 0.126 0.023 11 1.3
S_oc_sup_and_transversal 1203 775 1321 1.940 0.405 0.098 0.016 7 0.7
S_occipital_ant 804 546 1059 2.341 0.464 0.118 0.019 7 0.8
S_oc-temp_lat 828 556 1149 2.306 0.386 0.106 0.022 5 0.7
S_oc-temp_med_and_Lingual 2003 1351 2746 2.260 0.586 0.109 0.021 12 1.8
S_orbital_lateral 355 254 487 2.251 0.381 0.135 0.024 3 0.4
S_orbital_med-olfact 774 518 930 2.250 0.631 0.107 0.017 5 0.5
S_orbital-H_Shaped 1433 1028 2593 2.518 0.562 0.135 0.032 15 1.9
S_parieto_occipital 1991 1332 2382 1.973 0.487 0.114 0.021 15 1.9
S_pericallosal 1019 656 967 1.825 0.571 0.136 0.032 21 1.5
S_postcentral 2624 1758 3616 2.176 0.482 0.115 0.021 21 2.3
S_precentral-inf-part 1436 947 2106 2.490 0.453 0.102 0.018 8 1.1
S_precentral-sup-part 1324 863 1760 2.460 0.447 0.102 0.017 7 1.0
S_suborbital 907 627 1274 2.170 0.714 0.123 0.022 10 0.9
S_subparietal 927 654 1270 2.228 0.479 0.121 0.024 6 0.9
S_temporal_inf 1867 1283 2733 2.468 0.420 0.123 0.021 16 1.8
S_temporal_sup 5763 3843 8651 2.447 0.455 0.102 0.018 37 4.4
S_temporal_transverse 458 316 484 1.905 0.242 0.125 0.018 5 0.4
