StructName NumVert SurfArea GrayVol ThickAvg ThickStd MeanCurv GausCurv FoldInd CurvInd
G_and_S_frontomargin 958 749 1795 2.231 0.618 0.156 0.037 13 1.4
G_and_S_occipital_inf 2218 1514 4389 2.468 0.584 0.128 0.024 25 2.1
G_and_S_paracentral 1633 906 2819 2.562 0.571 0.090 0.020 11 1.2
G_and_S_subcentral 1389 943 2859 2.637 0.544 0.130 0.025 16 1.5
G_and_S_transv_frontopol 764 568 1865 2.449 0.549 0.161 0.037 15 1.2
G_and_S_cingul-Ant 2035 1445 4784 2.986 0.694 0.119 0.024 19 2.1
G_and_S_cingul-Mid-Ant 982 637 1864 2.908 0.523 0.098 0.018 6 0.7
G_and_S_cingul-Mid-Post 1167 781 2102 2.529 0.608 0.104 0.020 8 1.0
G_cingul-Post-dorsal 606 431 1576 2.732 0.522 0.146 0.032 8 0.8
G_cingul-Post-ventral 362 233 703 2.399 0.868 0.131 0.038 6 0.4
G_cuneus 2332 1536 3171 1.801 0.687 0.140 0.029 28 2.9
G_front_inf-Opercular 1197 830 2967 2.790 0.392 0.147 0.034 20 1.7
G_front_inf-Orbital 366 251 950 2.730 0.598 0.144 0.041 7 0.5
G_front_inf-Triangul 1106 747 2433 2.481 0.587 0.135 0.030 16 1.4
G_front_middle 3512 2515 9257 2.772 0.530 0.142 0.032 55 4.7
G_front_sup 6128 4240 15532 2.960 0.625 0.127 0.029 70 7.4
G_Ins_lg_and_S_cent_ins 707 479 1667 3.317 0.741 0.147 0.055 13 1.8
G_insular_short 701 499 2616 3.691 0.727 0.145 0.043 12 1.1
G_occipital_middle 2460 1729 5412 2.412 0.550 0.145 0.028 39 3.0
G_occipital_sup 1217 784 1492 1.742 0.458 0.122 0.026 12 1.3
G_oc-temp_lat-fusifor 2036 1383 5010 2.819 0.619 0.130 0.029 26 2.4
G_oc-temp_med-Lingual 3788 2606 5688 1.903 0.692 0.145 0.033 49 5.3
G_oc-temp_med-Parahip 1188 736 2762 2.690 0.923 0.109 0.031 11 1.3
G_orbital 2319 1714 5737 2.697 0.629 0.153 0.038 41 3.7
G_pariet_inf-Angular 2469 1762 5834 2.554 0.577 0.131 0.027 36 2.6
G_pariet_inf-Supramar 2882 1984 6587 2.753 0.535 0.129 0.027 37 3.0
G_parietal_sup 2959 2116 6221 2.329 0.478 0.126 0.028 40 3.4
G_postcentral 2383 1468 4169 2.235 0.583 0.115 0.025 24 2.5
G_precentral 2595 1561 6017 2.883 0.576 0.114 0.028 27 3.1
G_precuneus 3049 2098 6185 2.431 0.594 0.125 0.026 38 3.2
G_rectus 1042 755 2383 2.481 0.620 0.142 0.030 18 1.3
G_subcallosal 721 493 1268 2.737 0.769 0.130 0.057 12 1.0
G_temp_sup-G_T_transv 567 347 860 2.065 0.385 0.100 0.024 4 0.5
G_temp_sup-Lateral 1958 1326 5444 2.941 0.684 0.124 0.027 26 2.2
G_temp_sup-Plan_polar 668 461 1712 3.212 0.909 0.077 0.020 2 0.6
G_temp_sup-Plan_tempo 1356 889 2216 2.439 0.483 0.084 0.014 8 0.8
G_temporal_inf 2206 1670 6522 2.917 0.680 0.143 0.034 43 3.0
G_temporal_middle 2554 1782 8163 3.286 0.664 0.131 0.028 37 3.0
Lat_Fis-ant-Horizont 371 242 423 2.045 0.341 0.094 0.013 2 0.2
Lat_Fis-ant-Vertical 320 223 452 2.591 0.477 0.107 0.023 2 0.3
Lat_Fis-post 1322 884 1803 2.535 0.543 0.125 0.028 11 1.5
Pole_occipital 2062 1383 2903 1.906 0.488 0.145 0.031 28 2.6
Pole_temporal 1439 1189 6348 3.501 0.889 0.162 0.047 26 2.9
S_calcarine 2955 2052 2900 1.679 0.519 0.128 0.028 27 3.6
S_central 3246 2139 3492 1.879 0.676 0.106 0.021 21 2.9
S_cingul-Marginalis 1100 695 1371 2.133 0.464 0.077 0.009 4 0.5
S_circular_insula_ant 545 393 921 2.848 0.475 0.115 0.021 3 0.5
S_circular_insula_inf 1275 828 1813 2.827 0.680 0.089 0.017 6 0.9
S_circular_insula_sup 1829 1198 2526 2.462 0.563 0.100 0.019 8 1.5
S_collat_transv_ant 1040 679 1516 2.352 0.538 0.095 0.016 6 0.7
S_collat_transv_post 566 398 658 2.054 0.390 0.136 0.029 5 0.8
S_front_inf 2159 1462 3103 2.289 0.368 0.108 0.021 15 1.9
S_front_middle 1306 871 1711 2.301 0.402 0.106 0.018 7 1.1
S_front_sup 2890 1991 5117 2.644 0.434 0.104 0.021 21 2.4
S_interm_prim-Jensen 183 135 310 2.418 0.776 0.127 0.023 1 0.2
S_intrapariet_and_P_trans 2760 1847 3649 2.192 0.401 0.119 0.021 23 2.6
S_oc_middle_and_Lunatus 1224 848 1330 1.802 0.358 0.127 0.022 10 1.2
S_oc_sup_and_transversal 1172 763 1284 1.902 0.472 0.100 0.017 7 0.8
S_occipital_ant 758 523 998 2.400 0.408 0.119 0.019 6 0.7
S_oc-temp_lat 869 588 1207 2.422 0.414 0.103 0.023 6 0.7
S_oc-temp_med_and_Lingual 1978 1338 2690 2.258 0.571 0.109 0.022 11 1.8
S_orbital_lateral 375 255 493 2.234 0.449 0.129 0.023 3 0.5
S_orbital_med-olfact 857 564 1075 2.265 0.638 0.105 0.016 6 0.6
S_orbital-H_Shaped 1320 935 2442 2.635 0.507 0.132 0.031 14 1.7
S_parieto_occipital 2141 1399 2644 2.028 0.484 0.110 0.021 15 1.9
S_pericallosal 979 623 936 1.872 0.619 0.132 0.035 19 1.6
S_postcentral 2600 1756 3736 2.264 0.484 0.116 0.021 21 2.3
S_precentral-inf-part 1447 957 2147 2.445 0.479 0.104 0.019 9 1.2
S_precentral-sup-part 1238 827 1670 2.464 0.396 0.105 0.018 6 0.9
S_suborbital 858 599 1216 2.154 0.790 0.121 0.020 9 0.8
S_subparietal 898 624 1282 2.343 0.521 0.120 0.023 6 0.8
S_temporal_inf 1841 1252 2540 2.369 0.413 0.119 0.021 16 1.8
S_temporal_sup 5623 3747 8393 2.435 0.460 0.102 0.018 38 4.3
S_temporal_transverse 499 336 514 1.905 0.336 0.120 0.017 4 0.4
