StructName NumVert SurfArea GrayVol ThickAvg ThickStd MeanCurv GausCurv FoldInd CurvInd
G_and_S_frontomargin 840 716 2054 2.388 0.654 0.171 0.042 15 1.5
G_and_S_occipital_inf 2079 1438 4499 2.529 0.663 0.126 0.025 25 2.0
G_and_S_paracentral 1762 1047 2687 2.280 0.657 0.132 0.052 28 3.3
G_and_S_subcentral 1391 993 2990 2.601 0.526 0.129 0.033 17 1.5
G_and_S_transv_frontopol 693 540 1729 2.446 0.590 0.157 0.042 13 1.1
G_and_S_cingul-Ant 1956 1408 4297 2.817 0.675 0.124 0.029 24 2.2
G_and_S_cingul-Mid-Ant 1080 726 2156 2.871 0.560 0.114 0.026 8 1.0
G_and_S_cingul-Mid-Post 1297 866 2157 2.380 0.468 0.108 0.029 16 1.5
G_cingul-Post-dorsal 614 451 1603 2.734 0.490 0.143 0.033 8 0.9
G_cingul-Post-ventral 316 210 727 2.735 0.832 0.118 0.033 4 0.3
G_cuneus 2180 1488 3134 1.859 0.518 0.145 0.038 33 3.4
G_front_inf-Opercular 1204 942 3269 2.773 0.419 0.149 0.039 20 1.7
G_front_inf-Orbital 394 286 1075 2.712 0.686 0.144 0.040 8 0.4
G_front_inf-Triangul 1045 756 2597 2.611 0.592 0.134 0.032 17 1.2
G_front_middle 3622 2670 10450 2.853 0.638 0.143 0.037 61 4.7
G_front_sup 6451 4710 15992 2.782 0.649 0.142 0.043 108 10.8
G_Ins_lg_and_S_cent_ins 635 503 1886 3.555 1.070 0.174 0.066 12 1.4
G_insular_short 703 549 2711 3.745 0.673 0.174 0.059 17 1.7
G_occipital_middle 2672 1799 6118 2.535 0.572 0.136 0.030 44 3.0
G_occipital_sup 1256 804 1869 2.003 0.383 0.119 0.025 14 1.2
G_oc-temp_lat-fusifor 1898 1420 5455 2.926 0.572 0.152 0.042 35 2.7
G_oc-temp_med-Lingual 3424 2531 6442 2.147 0.799 0.148 0.036 50 4.8
G_oc-temp_med-Parahip 1085 745 2455 2.522 0.823 0.128 0.048 15 1.4
G_orbital 2184 1751 5775 2.578 0.786 0.171 0.057 64 5.0
G_pariet_inf-Angular 2366 1721 5712 2.516 0.598 0.131 0.030 36 2.7
G_pariet_inf-Supramar 2904 2151 7592 2.763 0.611 0.142 0.033 46 3.6
G_parietal_sup 3092 2148 6755 2.411 0.535 0.128 0.032 45 3.7
G_postcentral 2519 1607 4687 2.283 0.578 0.118 0.037 28 3.0
G_precentral 2559 1688 6422 2.820 0.623 0.135 0.040 36 3.9
G_precuneus 3008 2182 6197 2.353 0.627 0.130 0.035 47 3.9
G_rectus 989 711 2459 2.517 0.676 0.142 0.049 22 1.9
G_subcallosal 693 434 1280 2.761 1.044 0.134 0.075 19 1.3
G_temp_sup-G_T_transv 423 319 919 2.295 0.389 0.136 0.051 6 0.6
G_temp_sup-Lateral 2097 1467 5575 2.796 0.742 0.147 0.048 39 3.4
G_temp_sup-Plan_polar 782 551 2075 3.182 0.899 0.097 0.025 4 0.8
G_temp_sup-Plan_tempo 1245 838 2221 2.506 0.486 0.087 0.017 7 0.9
G_temporal_inf 2013 1618 6414 2.884 0.750 0.148 0.037 37 2.9
G_temporal_middle 2777 2087 8470 2.983 0.777 0.155 0.047 60 5.0
Lat_Fis-ant-Horizont 293 192 315 1.968 0.445 0.109 0.020 2 0.3
Lat_Fis-ant-Vertical 285 200 432 2.675 0.459 0.110 0.026 1 0.3
Lat_Fis-post 1263 864 1798 2.471 0.421 0.116 0.026 9 1.4
Pole_occipital 2283 1412 3256 2.018 0.608 0.137 0.036 33 3.3
Pole_temporal 1415 1184 5744 3.230 0.841 0.159 0.047 25 2.5
S_calcarine 2701 1972 3395 1.962 0.477 0.124 0.029 24 3.7
S_central 3319 2188 3887 2.044 0.626 0.110 0.027 21 3.7
S_cingul-Marginalis 1112 709 1386 2.110 0.351 0.082 0.013 4 0.7
S_circular_insula_ant 516 353 913 2.874 0.541 0.106 0.024 2 0.5
S_circular_insula_inf 1205 792 1818 2.842 0.807 0.088 0.019 5 1.0
S_circular_insula_sup 1701 1125 2372 2.541 0.416 0.111 0.025 12 1.9
S_collat_transv_ant 1081 742 1780 2.403 0.500 0.103 0.022 6 1.1
S_collat_transv_post 576 391 673 1.982 0.381 0.127 0.027 4 0.7
S_front_inf 2054 1432 3179 2.320 0.423 0.112 0.023 15 2.2
S_front_middle 1216 796 1526 2.251 0.396 0.107 0.020 7 1.1
S_front_sup 2992 2095 5304 2.467 0.420 0.114 0.027 23 3.4
S_interm_prim-Jensen 171 134 316 2.546 0.813 0.132 0.024 1 0.2
S_intrapariet_and_P_trans 2812 1904 3807 2.131 0.400 0.116 0.023 24 2.8
S_oc_middle_and_Lunatus 1290 874 1454 1.852 0.360 0.113 0.020 8 1.1
S_oc_sup_and_transversal 1213 797 1473 2.034 0.313 0.103 0.017 7 0.9
S_occipital_ant 717 494 987 2.368 0.380 0.117 0.023 5 0.9
S_oc-temp_lat 769 515 1035 2.252 0.427 0.097 0.025 4 0.6
S_oc-temp_med_and_Lingual 1870 1336 2881 2.293 0.518 0.110 0.022 10 1.8
S_orbital_lateral 371 260 497 2.054 0.590 0.128 0.021 3 0.5
S_orbital_med-olfact 780 532 1045 2.262 0.671 0.113 0.022 6 0.7
S_orbital-H_Shaped 1271 929 2403 2.481 0.630 0.127 0.031 12 1.5
S_parieto_occipital 2169 1496 3131 2.165 0.426 0.117 0.023 17 2.1
S_pericallosal 874 527 756 1.759 0.586 0.123 0.029 14 1.0
S_postcentral 2547 1734 3742 2.218 0.488 0.115 0.024 21 2.5
S_precentral-inf-part 1519 1025 2420 2.561 0.412 0.109 0.023 10 1.5
S_precentral-sup-part 1285 839 1695 2.417 0.440 0.101 0.021 6 1.2
S_suborbital 962 683 1564 2.375 0.789 0.126 0.026 13 1.0
S_subparietal 927 653 1414 2.371 0.461 0.119 0.026 6 1.0
S_temporal_inf 1846 1269 2636 2.298 0.427 0.125 0.023 17 2.1
S_temporal_sup 5802 3880 8957 2.411 0.511 0.105 0.022 41 5.5
S_temporal_transverse 555 381 678 2.152 0.358 0.107 0.022 3 0.5
