StructName NumVert SurfArea GrayVol ThickAvg ThickStd MeanCurv GausCurv FoldInd CurvInd
G_and_S_frontomargin 1001 778 2075 2.369 0.620 0.157 0.038 15 1.4
G_and_S_occipital_inf 2160 1444 4236 2.532 0.658 0.124 0.024 23 2.1
G_and_S_paracentral 1647 913 2884 2.608 0.595 0.091 0.021 11 1.4
G_and_S_subcentral 1437 982 2822 2.528 0.532 0.130 0.025 16 1.5
G_and_S_transv_frontopol 673 489 1595 2.497 0.570 0.152 0.038 12 1.1
G_and_S_cingul-Ant 2058 1460 4608 2.809 0.714 0.120 0.025 21 2.1
G_and_S_cingul-Mid-Ant 974 634 1754 2.724 0.510 0.097 0.018 6 0.7
G_and_S_cingul-Mid-Post 1141 784 2013 2.413 0.620 0.110 0.022 9 1.1
G_cingul-Post-dorsal 629 443 1503 2.635 0.513 0.149 0.032 9 0.9
G_cingul-Post-ventral 322 208 672 2.515 0.823 0.121 0.032 5 0.3
G_cuneus 2328 1480 3239 1.835 0.715 0.136 0.028 27 2.9
G_front_inf-Opercular 1284 891 3191 2.825 0.481 0.143 0.032 20 1.7
G_front_inf-Orbital 382 251 950 2.766 0.515 0.132 0.032 7 0.5
G_front_inf-Triangul 1132 753 2460 2.511 0.539 0.126 0.026 15 1.2
G_front_middle 3535 2478 8799 2.670 0.552 0.138 0.031 51 4.4
G_front_sup 6093 4277 15298 2.874 0.616 0.131 0.030 74 7.7
G_Ins_lg_and_S_cent_ins 675 448 1546 3.426 0.802 0.135 0.044 11 1.3
G_insular_short 705 479 2647 3.730 0.688 0.139 0.042 12 1.2
G_occipital_middle 2667 1742 5616 2.489 0.556 0.135 0.027 38 3.1
G_occipital_sup 1306 821 1636 1.778 0.541 0.124 0.027 12 1.5
G_oc-temp_lat-fusifor 2096 1414 5229 2.898 0.626 0.132 0.029 27 2.5
G_oc-temp_med-Lingual 3801 2590 5815 1.944 0.740 0.143 0.033 49 5.3
G_oc-temp_med-Parahip 1255 777 2925 2.841 0.892 0.108 0.032 11 1.6
G_orbital 2212 1610 5423 2.644 0.633 0.152 0.037 41 3.3
G_pariet_inf-Angular 2345 1658 5374 2.532 0.574 0.128 0.026 32 2.5
G_pariet_inf-Supramar 3122 2165 7026 2.695 0.544 0.132 0.029 40 3.8
G_parietal_sup 2971 2011 5902 2.325 0.506 0.124 0.029 36 3.3
G_postcentral 2428 1455 3918 2.167 0.524 0.113 0.023 25 2.4
G_precentral 2542 1522 6027 2.907 0.562 0.114 0.027 25 2.8
G_precuneus 3245 2226 6303 2.364 0.557 0.122 0.027 41 3.6
G_rectus 1045 721 2329 2.485 0.581 0.140 0.036 19 1.6
G_subcallosal 658 425 1249 2.842 0.780 0.114 0.051 9 1.1
G_temp_sup-G_T_transv 582 348 887 2.089 0.368 0.102 0.026 5 0.6
G_temp_sup-Lateral 1990 1301 5388 2.963 0.701 0.125 0.027 26 2.4
G_temp_sup-Plan_polar 664 451 1729 3.437 0.973 0.075 0.016 2 0.4
G_temp_sup-Plan_tempo 1264 827 2098 2.474 0.505 0.080 0.013 7 0.7
G_temporal_inf 2076 1661 6161 2.848 0.745 0.153 0.037 45 3.4
G_temporal_middle 2744 1895 8411 3.260 0.646 0.132 0.029 39 3.3
Lat_Fis-ant-Horizont 282 183 298 1.946 0.330 0.096 0.016 2 0.2
Lat_Fis-ant-Vertical 300 208 419 2.432 0.464 0.103 0.022 1 0.2
Lat_Fis-post 1314 879 1748 2.473 0.498 0.123 0.027 11 1.5
Pole_occipital 2259 1397 2730 1.825 0.527 0.136 0.031 29 2.9
Pole_temporal 1419 1090 5633 3.566 0.711 0.148 0.042 25 2.3
S_calcarine 2907 2022 2947 1.717 0.549 0.124 0.026 26 3.2
S_central 3179 2114 3520 1.944 0.691 0.104 0.021 19 2.9
S_cingul-Marginalis 1086 688 1334 2.107 0.452 0.076 0.009 4 0.4
S_circular_insula_ant 546 370 850 2.649 0.478 0.105 0.019 3 0.5
S_circular_insula_inf 1329 882 1960 2.878 0.753 0.086 0.014 6 0.7
S_circular_insula_sup 1764 1169 2385 2.354 0.534 0.106 0.021 9 1.7
S_collat_transv_ant 1040 698 1560 2.264 0.498 0.101 0.019 7 0.9
S_collat_transv_post 621 423 757 2.078 0.364 0.132 0.028 5 0.9
S_front_inf 2015 1391 2832 2.230 0.425 0.111 0.021 15 1.9
S_front_middle 1281 847 1610 2.177 0.440 0.107 0.020 8 1.1
S_front_sup 2892 1981 4879 2.509 0.435 0.106 0.021 20 2.6
S_interm_prim-Jensen 98 76 197 2.755 0.620 0.145 0.023 1 0.1
S_intrapariet_and_P_trans 2951 1974 3846 2.177 0.430 0.117 0.020 24 2.7
S_oc_middle_and_Lunatus 1309 882 1432 1.859 0.394 0.122 0.021 10 1.2
S_oc_sup_and_transversal 1228 786 1368 1.985 0.433 0.104 0.016 8 0.9
S_occipital_ant 771 526 1015 2.455 0.425 0.117 0.018 6 0.6
S_oc-temp_lat 733 504 1041 2.421 0.347 0.105 0.021 4 0.6
S_oc-temp_med_and_Lingual 1973 1336 2711 2.234 0.560 0.110 0.021 12 1.7
S_orbital_lateral 364 263 491 2.142 0.480 0.135 0.027 3 0.5
S_orbital_med-olfact 801 516 938 2.122 0.649 0.106 0.018 5 0.6
S_orbital-H_Shaped 1397 971 2403 2.426 0.634 0.129 0.029 14 1.7
S_parieto_occipital 2181 1437 2692 2.041 0.483 0.114 0.021 16 2.1
S_pericallosal 947 596 821 1.867 0.544 0.132 0.029 18 1.3
S_postcentral 2593 1726 3667 2.253 0.502 0.113 0.019 20 2.1
S_precentral-inf-part 1445 960 2125 2.411 0.504 0.104 0.018 9 1.1
S_precentral-sup-part 1291 846 1652 2.352 0.442 0.103 0.019 7 1.1
S_suborbital 925 648 1365 2.267 0.785 0.130 0.029 14 1.4
S_subparietal 896 616 1173 2.172 0.501 0.122 0.025 6 0.9
S_temporal_inf 1825 1247 2574 2.379 0.377 0.120 0.019 16 1.7
S_temporal_sup 5848 3862 8519 2.404 0.475 0.102 0.019 39 4.6
S_temporal_transverse 495 335 520 1.965 0.263 0.111 0.017 3 0.4
