StructName NumVert SurfArea GrayVol ThickAvg ThickStd MeanCurv GausCurv FoldInd CurvInd
G_and_S_frontomargin 1048 794 2071 2.363 0.628 0.150 0.038 16 1.6
G_and_S_occipital_inf 2178 1472 4352 2.527 0.640 0.126 0.025 24 2.2
G_and_S_paracentral 1639 883 2827 2.612 0.581 0.085 0.018 11 1.1
G_and_S_subcentral 1433 952 2839 2.609 0.526 0.125 0.024 15 1.4
G_and_S_transv_frontopol 751 546 1856 2.485 0.526 0.153 0.036 15 1.1
G_and_S_cingul-Ant 2176 1498 4862 2.927 0.723 0.118 0.024 20 2.3
G_and_S_cingul-Mid-Ant 1000 660 1910 2.875 0.515 0.102 0.019 7 0.7
G_and_S_cingul-Mid-Post 1176 783 2055 2.472 0.618 0.104 0.019 9 0.9
G_cingul-Post-dorsal 600 416 1514 2.696 0.483 0.150 0.032 8 0.9
G_cingul-Post-ventral 331 212 612 2.362 0.833 0.134 0.032 6 0.3
G_cuneus 2325 1491 3325 1.876 0.743 0.136 0.029 27 2.8
G_front_inf-Opercular 1295 890 3235 2.843 0.434 0.143 0.032 21 1.7
G_front_inf-Orbital 364 259 960 2.716 0.560 0.143 0.038 7 0.5
G_front_inf-Triangul 1135 768 2447 2.476 0.580 0.125 0.027 16 1.2
G_front_middle 3509 2497 9210 2.777 0.536 0.140 0.031 52 4.6
G_front_sup 6249 4348 15660 2.937 0.571 0.132 0.029 76 7.6
G_Ins_lg_and_S_cent_ins 710 478 1566 3.304 0.877 0.136 0.042 9 1.1
G_insular_short 734 447 2586 3.848 0.799 0.118 0.037 10 0.9
G_occipital_middle 2297 1578 5199 2.513 0.562 0.145 0.030 39 2.9
G_occipital_sup 1344 843 1761 1.816 0.546 0.124 0.028 14 1.5
G_oc-temp_lat-fusifor 2123 1447 5587 2.961 0.597 0.133 0.028 30 2.3
G_oc-temp_med-Lingual 3787 2599 6038 1.984 0.716 0.146 0.033 51 5.4
G_oc-temp_med-Parahip 1154 696 2813 2.949 0.933 0.094 0.028 10 1.1
G_orbital 2314 1688 5717 2.700 0.570 0.151 0.037 44 3.5
G_pariet_inf-Angular 2306 1718 5774 2.591 0.602 0.136 0.029 37 2.8
G_pariet_inf-Supramar 3016 2082 6711 2.706 0.508 0.131 0.027 38 3.4
G_parietal_sup 2977 2107 6312 2.360 0.473 0.127 0.028 40 3.4
G_postcentral 2436 1452 3994 2.166 0.587 0.112 0.023 24 2.4
G_precentral 2655 1532 6012 2.916 0.542 0.105 0.024 24 2.6
G_precuneus 2974 2055 5992 2.402 0.564 0.128 0.028 39 3.5
G_rectus 948 654 2141 2.478 0.599 0.135 0.033 17 1.2
G_subcallosal 691 446 1195 2.680 0.772 0.134 0.053 13 1.1
G_temp_sup-G_T_transv 615 355 945 2.173 0.388 0.096 0.024 4 0.6
G_temp_sup-Lateral 2013 1328 5621 2.986 0.704 0.126 0.029 29 2.4
G_temp_sup-Plan_polar 707 487 1793 3.288 0.924 0.080 0.016 3 0.4
G_temp_sup-Plan_tempo 1272 829 2299 2.616 0.530 0.082 0.013 7 0.6
G_temporal_inf 2031 1533 5578 2.771 0.722 0.144 0.034 40 3.2
G_temporal_middle 2581 1777 8034 3.232 0.657 0.133 0.028 38 3.0
Lat_Fis-ant-Horizont 352 228 399 1.992 0.365 0.094 0.014 2 0.2
Lat_Fis-ant-Vertical 312 217 450 2.546 0.482 0.114 0.024 2 0.3
Lat_Fis-post 1331 910 1835 2.466 0.508 0.129 0.027 12 1.7
Pole_occipital 2307 1501 3308 1.978 0.533 0.144 0.034 33 3.1
Pole_temporal 1520 1217 6428 3.658 0.688 0.153 0.037 25 2.5
S_calcarine 2845 1978 2906 1.745 0.535 0.121 0.025 23 3.0
S_central 3255 2194 3595 1.911 0.681 0.109 0.021 20 3.1
S_cingul-Marginalis 1085 699 1352 2.123 0.461 0.081 0.009 4 0.5
S_circular_insula_ant 543 376 883 2.870 0.568 0.111 0.020 3 0.5
S_circular_insula_inf 1324 862 1961 3.005 0.716 0.082 0.015 5 0.7
S_circular_insula_sup 1855 1222 2663 2.515 0.606 0.105 0.023 10 1.7
S_collat_transv_ant 1042 712 1796 2.469 0.516 0.101 0.019 9 0.9
S_collat_transv_post 547 371 610 2.078 0.392 0.135 0.027 5 0.7
S_front_inf 2119 1452 3110 2.336 0.372 0.112 0.021 16 1.9
S_front_middle 1322 876 1756 2.308 0.403 0.105 0.018 8 1.1
S_front_sup 2959 2035 5038 2.558 0.405 0.107 0.021 22 2.6
S_interm_prim-Jensen 118 91 164 2.230 0.785 0.148 0.021 1 0.1
S_intrapariet_and_P_trans 2960 1969 3857 2.211 0.416 0.116 0.020 23 2.7
S_oc_middle_and_Lunatus 1339 912 1546 1.945 0.361 0.125 0.024 11 1.4
S_oc_sup_and_transversal 1152 741 1248 1.933 0.400 0.099 0.016 7 0.7
S_occipital_ant 704 481 921 2.458 0.448 0.110 0.018 5 0.6
S_oc-temp_lat 876 586 1223 2.381 0.363 0.104 0.022 6 0.7
S_oc-temp_med_and_Lingual 2073 1411 2955 2.318 0.550 0.107 0.020 12 1.7
S_orbital_lateral 360 256 483 2.250 0.415 0.132 0.025 3 0.4
S_orbital_med-olfact 790 529 969 2.281 0.513 0.107 0.016 5 0.5
S_orbital-H_Shaped 1381 977 2502 2.606 0.524 0.129 0.028 13 1.7
S_parieto_occipital 2271 1477 2943 2.101 0.467 0.114 0.022 18 2.1
S_pericallosal 976 612 916 1.831 0.548 0.138 0.031 21 1.2
S_postcentral 2739 1857 3958 2.272 0.439 0.118 0.021 23 2.4
S_precentral-inf-part 1473 962 2167 2.534 0.455 0.103 0.019 9 1.1
S_precentral-sup-part 1282 848 1727 2.439 0.447 0.107 0.018 7 1.0
S_suborbital 905 622 1252 2.208 0.763 0.118 0.023 10 0.9
S_subparietal 934 641 1284 2.303 0.485 0.119 0.025 6 1.0
S_temporal_inf 1758 1208 2572 2.428 0.429 0.121 0.020 16 1.7
S_temporal_sup 5696 3779 8681 2.482 0.473 0.102 0.018 37 4.3
S_temporal_transverse 537 357 575 2.041 0.319 0.115 0.018 4 0.4
