StructName NumVert SurfArea GrayVol ThickAvg ThickStd MeanCurv GausCurv FoldInd CurvInd
G_and_S_frontomargin 925 685 1910 2.441 0.577 0.143 0.031 13 1.2
G_and_S_occipital_inf 2278 1514 4622 2.619 0.559 0.122 0.024 26 2.2
G_and_S_paracentral 1637 861 2650 2.547 0.558 0.084 0.019 11 1.2
G_and_S_subcentral 1372 947 2774 2.563 0.491 0.132 0.027 16 1.7
G_and_S_transv_frontopol 722 514 1761 2.548 0.534 0.150 0.051 19 1.1
G_and_S_cingul-Ant 1900 1324 4313 2.833 0.773 0.108 0.021 12 1.7
G_and_S_cingul-Mid-Ant 999 667 1899 2.826 0.500 0.100 0.019 6 0.8
G_and_S_cingul-Mid-Post 1116 760 1941 2.390 0.588 0.100 0.018 8 0.8
G_cingul-Post-dorsal 537 382 1319 2.723 0.478 0.151 0.032 7 0.7
G_cingul-Post-ventral 328 206 646 2.556 0.883 0.125 0.042 5 0.4
G_cuneus 2319 1454 2771 1.717 0.476 0.136 0.033 29 3.2
G_front_inf-Opercular 1241 896 3198 2.859 0.387 0.146 0.033 22 1.7
G_front_inf-Orbital 406 271 1024 2.740 0.454 0.136 0.031 9 0.5
G_front_inf-Triangul 1101 737 2425 2.574 0.461 0.123 0.025 17 1.2
G_front_middle 3361 2470 8878 2.695 0.518 0.142 0.032 56 4.5
G_front_sup 6197 4302 14989 2.848 0.603 0.129 0.028 79 7.2
G_Ins_lg_and_S_cent_ins 630 423 1410 3.255 0.810 0.145 0.046 11 1.1
G_insular_short 661 469 2703 3.987 0.665 0.142 0.039 11 1.0
G_occipital_middle 2634 1722 5499 2.496 0.467 0.136 0.027 45 3.1
G_occipital_sup 1251 770 1666 1.903 0.431 0.113 0.025 12 1.3
G_oc-temp_lat-fusifor 2026 1344 5294 3.056 0.566 0.130 0.026 30 2.2
G_oc-temp_med-Lingual 3802 2494 5739 1.988 0.761 0.136 0.032 50 5.0
G_oc-temp_med-Parahip 1175 719 2829 3.020 0.871 0.097 0.022 8 1.0
G_orbital 2186 1606 5220 2.641 0.624 0.151 0.034 40 3.1
G_pariet_inf-Angular 2373 1670 5313 2.496 0.541 0.129 0.026 33 2.6
G_pariet_inf-Supramar 2735 1963 6204 2.696 0.496 0.134 0.030 36 3.3
G_parietal_sup 3069 2076 6009 2.301 0.452 0.125 0.029 41 3.5
G_postcentral 2345 1447 4092 2.216 0.526 0.114 0.025 26 2.4
G_precentral 2557 1601 5812 2.763 0.492 0.116 0.025 27 2.6
G_precuneus 3374 2267 6364 2.361 0.560 0.122 0.026 45 3.6
G_rectus 1065 685 2055 2.277 0.570 0.144 0.048 25 2.3
G_subcallosal 866 596 1670 2.761 0.844 0.137 0.047 12 1.5
G_temp_sup-G_T_transv 557 294 940 2.419 0.324 0.089 0.027 6 0.5
G_temp_sup-Lateral 1928 1320 5426 2.961 0.582 0.131 0.028 30 2.3
G_temp_sup-Plan_polar 600 412 1612 3.462 0.920 0.069 0.011 2 0.2
G_temp_sup-Plan_tempo 1314 883 2408 2.565 0.454 0.084 0.013 7 0.7
G_temporal_inf 2019 1614 6443 2.970 0.714 0.150 0.037 51 3.3
G_temporal_middle 2456 1823 7912 3.212 0.569 0.140 0.032 43 3.5
Lat_Fis-ant-Horizont 310 201 342 1.946 0.357 0.093 0.016 2 0.2
Lat_Fis-ant-Vertical 326 229 495 2.605 0.464 0.109 0.024 2 0.3
Lat_Fis-post 1297 887 1858 2.525 0.531 0.128 0.030 12 1.6
Pole_occipital 2308 1405 2943 1.928 0.603 0.134 0.031 32 2.9
Pole_temporal 1424 1114 5888 3.611 0.745 0.145 0.038 25 2.2
S_calcarine 2768 2007 3104 1.805 0.564 0.129 0.028 25 3.4
S_central 3099 2079 3507 1.930 0.643 0.105 0.021 19 2.9
S_cingul-Marginalis 1064 686 1343 2.107 0.478 0.076 0.008 4 0.4
S_circular_insula_ant 522 353 841 2.854 0.522 0.104 0.018 2 0.4
S_circular_insula_inf 1370 901 1992 2.820 0.644 0.088 0.017 6 0.9
S_circular_insula_sup 1698 1113 2400 2.469 0.535 0.097 0.019 8 1.3
S_collat_transv_ant 1117 755 1766 2.463 0.540 0.103 0.017 8 0.8
S_collat_transv_post 598 409 692 2.045 0.410 0.130 0.024 5 0.7
S_front_inf 2035 1388 2925 2.233 0.403 0.110 0.021 16 1.8
S_front_middle 1287 850 1629 2.200 0.412 0.106 0.020 9 1.1
S_front_sup 2818 1931 4642 2.417 0.467 0.105 0.021 20 2.4
S_interm_prim-Jensen 229 172 350 2.299 0.713 0.128 0.022 2 0.3
S_intrapariet_and_P_trans 2725 1837 3657 2.230 0.415 0.117 0.019 23 2.3
S_oc_middle_and_Lunatus 1212 836 1484 2.020 0.364 0.118 0.021 9 1.1
S_oc_sup_and_transversal 1213 786 1400 1.990 0.399 0.101 0.016 8 0.8
S_occipital_ant 782 546 1128 2.560 0.446 0.123 0.022 8 0.8
S_oc-temp_lat 729 498 1080 2.449 0.386 0.103 0.021 4 0.6
S_oc-temp_med_and_Lingual 1948 1334 2836 2.446 0.575 0.111 0.021 12 1.7
S_orbital_lateral 346 244 462 2.040 0.559 0.128 0.024 2 0.5
S_orbital_med-olfact 808 527 920 2.199 0.638 0.100 0.013 5 0.4
S_orbital-H_Shaped 1428 990 2484 2.569 0.537 0.128 0.028 16 1.7
S_parieto_occipital 2000 1332 2580 2.092 0.456 0.112 0.020 14 1.8
S_pericallosal 971 605 946 2.009 0.639 0.120 0.027 15 1.0
S_postcentral 2535 1720 3644 2.253 0.444 0.114 0.021 21 2.2
S_precentral-inf-part 1490 993 2217 2.447 0.406 0.102 0.018 9 1.2
S_precentral-sup-part 1234 818 1623 2.425 0.399 0.098 0.015 6 0.8
S_suborbital 995 667 1453 2.331 0.667 0.123 0.022 15 1.0
S_subparietal 937 641 1316 2.343 0.469 0.114 0.022 6 0.9
S_temporal_inf 1763 1227 2628 2.483 0.378 0.119 0.020 17 1.6
S_temporal_sup 5612 3746 8516 2.448 0.429 0.100 0.018 37 4.3
S_temporal_transverse 524 369 632 2.123 0.271 0.111 0.016 4 0.4
