StructName NumVert SurfArea GrayVol ThickAvg ThickStd MeanCurv GausCurv FoldInd CurvInd
G_and_S_frontomargin 1071 864 2201 2.288 0.587 0.169 0.043 19 1.8
G_and_S_occipital_inf 2195 1517 4538 2.553 0.632 0.130 0.025 26 2.3
G_and_S_paracentral 1590 868 2901 2.682 0.573 0.090 0.022 12 1.3
G_and_S_subcentral 1365 970 2904 2.606 0.521 0.135 0.023 16 1.4
G_and_S_transv_frontopol 602 463 1591 2.506 0.545 0.162 0.040 14 1.1
G_and_S_cingul-Ant 2059 1450 4764 2.985 0.689 0.115 0.023 16 2.1
G_and_S_cingul-Mid-Ant 961 646 1846 2.836 0.506 0.102 0.020 7 0.7
G_and_S_cingul-Mid-Post 1151 765 1992 2.466 0.583 0.103 0.021 8 0.9
G_cingul-Post-dorsal 629 456 1618 2.692 0.500 0.149 0.035 8 1.0
G_cingul-Post-ventral 280 183 585 2.417 0.869 0.122 0.034 4 0.3
G_cuneus 2369 1536 3512 1.925 0.718 0.139 0.033 30 3.2
G_front_inf-Opercular 1250 866 3273 2.917 0.479 0.143 0.035 21 1.8
G_front_inf-Orbital 413 307 1125 2.758 0.557 0.144 0.029 8 0.4
G_front_inf-Triangul 1032 713 2416 2.585 0.546 0.132 0.026 17 1.1
G_front_middle 3539 2559 9352 2.745 0.556 0.141 0.031 55 4.4
G_front_sup 6253 4428 16267 2.920 0.616 0.134 0.033 84 8.3
G_Ins_lg_and_S_cent_ins 678 462 1631 3.216 1.013 0.152 0.052 13 1.4
G_insular_short 766 538 2790 3.635 0.781 0.144 0.050 14 1.2
G_occipital_middle 2218 1538 5218 2.561 0.550 0.144 0.029 39 2.7
G_occipital_sup 1248 823 1762 1.894 0.451 0.125 0.028 13 1.5
G_oc-temp_lat-fusifor 1971 1340 5404 3.067 0.699 0.134 0.031 28 2.5
G_oc-temp_med-Lingual 3684 2493 5942 2.037 0.739 0.144 0.034 50 5.1
G_oc-temp_med-Parahip 1194 746 2845 2.809 0.870 0.099 0.029 10 1.1
G_orbital 2298 1663 5841 2.773 0.672 0.149 0.041 40 3.7
G_pariet_inf-Angular 2173 1644 5324 2.556 0.592 0.133 0.029 31 2.6
G_pariet_inf-Supramar 3049 2153 7186 2.732 0.557 0.136 0.029 43 3.7
G_parietal_sup 2834 2086 6379 2.394 0.496 0.133 0.031 42 3.4
G_postcentral 2408 1492 4247 2.254 0.572 0.115 0.025 27 2.5
G_precentral 2676 1591 6203 2.903 0.598 0.111 0.027 26 3.0
G_precuneus 3196 2243 6715 2.459 0.552 0.128 0.027 40 3.7
G_rectus 995 715 2433 2.592 0.603 0.143 0.034 19 1.2
G_subcallosal 679 464 1370 2.879 0.765 0.119 0.043 9 0.9
G_temp_sup-G_T_transv 536 324 940 2.287 0.322 0.107 0.021 5 0.5
G_temp_sup-Lateral 1928 1258 5700 3.023 0.685 0.123 0.027 26 2.1
G_temp_sup-Plan_polar 720 485 1753 3.124 0.863 0.077 0.018 2 0.4
G_temp_sup-Plan_tempo 1274 835 2218 2.553 0.537 0.080 0.013 7 0.7
G_temporal_inf 1840 1438 5364 2.847 0.695 0.143 0.033 33 2.8
G_temporal_middle 2560 1793 8321 3.283 0.633 0.133 0.030 40 3.0
Lat_Fis-ant-Horizont 324 215 380 2.026 0.399 0.095 0.015 2 0.2
Lat_Fis-ant-Vertical 287 206 436 2.607 0.400 0.111 0.024 1 0.3
Lat_Fis-post 1271 864 1730 2.513 0.521 0.124 0.026 10 1.4
Pole_occipital 2089 1435 3415 2.058 0.519 0.150 0.033 32 2.9
Pole_temporal 1520 1275 6749 3.420 0.859 0.165 0.052 29 3.2
S_calcarine 2910 2027 3231 1.847 0.529 0.120 0.026 23 3.2
S_central 3203 2157 3562 1.924 0.656 0.109 0.023 19 3.1
S_cingul-Marginalis 1073 691 1376 2.178 0.452 0.081 0.010 4 0.5
S_circular_insula_ant 529 354 856 2.825 0.508 0.102 0.017 3 0.4
S_circular_insula_inf 1312 859 1945 2.913 0.741 0.085 0.015 5 0.8
S_circular_insula_sup 1805 1183 2492 2.462 0.545 0.101 0.021 11 1.5
S_collat_transv_ant 1070 738 1686 2.406 0.494 0.108 0.021 8 1.2
S_collat_transv_post 618 420 824 2.133 0.368 0.128 0.027 5 0.7
S_front_inf 2067 1425 3127 2.358 0.392 0.107 0.020 14 1.8
S_front_middle 1306 882 1799 2.353 0.438 0.107 0.019 7 1.1
S_front_sup 2721 1905 4813 2.617 0.399 0.107 0.022 18 2.5
S_interm_prim-Jensen 110 93 233 2.523 0.851 0.136 0.024 1 0.1
S_intrapariet_and_P_trans 2787 1873 3821 2.259 0.413 0.119 0.021 22 2.7
S_oc_middle_and_Lunatus 1321 911 1558 1.931 0.375 0.126 0.023 11 1.4
S_oc_sup_and_transversal 1135 747 1353 2.066 0.404 0.098 0.015 7 0.7
S_occipital_ant 790 546 1122 2.524 0.455 0.124 0.021 8 0.7
S_oc-temp_lat 817 559 1172 2.362 0.407 0.104 0.021 5 0.7
S_oc-temp_med_and_Lingual 1971 1359 2889 2.338 0.530 0.114 0.021 13 1.9
S_orbital_lateral 331 224 393 2.076 0.415 0.127 0.025 2 0.4
S_orbital_med-olfact 822 541 1004 2.258 0.577 0.105 0.016 5 0.5
S_orbital-H_Shaped 1306 909 2452 2.662 0.554 0.133 0.033 12 2.1
S_parieto_occipital 2025 1324 2622 2.117 0.489 0.111 0.021 15 1.9
S_pericallosal 845 515 759 1.811 0.559 0.119 0.026 13 0.8
S_postcentral 2664 1803 3914 2.294 0.446 0.115 0.020 21 2.3
S_precentral-inf-part 1384 916 2118 2.568 0.483 0.104 0.019 8 1.1
S_precentral-sup-part 1210 801 1597 2.458 0.420 0.104 0.018 6 0.9
S_suborbital 872 618 1297 2.221 0.720 0.126 0.024 13 0.8
S_subparietal 849 596 1194 2.348 0.466 0.121 0.025 6 0.8
S_temporal_inf 1667 1153 2391 2.362 0.481 0.122 0.022 16 1.7
S_temporal_sup 5629 3743 8498 2.466 0.445 0.102 0.018 36 4.3
S_temporal_transverse 521 345 575 2.112 0.334 0.109 0.017 3 0.4
