StructName NumVert SurfArea GrayVol ThickAvg ThickStd MeanCurv GausCurv FoldInd CurvInd
G_and_S_frontomargin 1612 1159 2676 2.135 0.490 0.140 0.027 23 1.9
G_and_S_occipital_inf 2014 1298 3962 2.507 0.517 0.126 0.028 22 2.1
G_and_S_paracentral 2024 1059 2938 2.346 0.564 0.094 0.025 18 1.6
G_and_S_subcentral 1647 1090 3380 2.700 0.441 0.119 0.021 19 1.5
G_and_S_transv_frontopol 861 666 2115 2.591 0.485 0.165 0.035 18 1.3
G_and_S_cingul-Ant 2727 1939 5310 2.616 0.467 0.120 0.023 37 2.8
G_and_S_cingul-Mid-Ant 1378 933 2562 2.689 0.426 0.102 0.020 9 1.2
G_and_S_cingul-Mid-Post 1540 1069 2704 2.525 0.434 0.127 0.029 27 2.1
G_cingul-Post-dorsal 735 505 1898 2.933 0.459 0.137 0.031 10 1.0
G_cingul-Post-ventral 394 250 786 2.702 0.643 0.111 0.023 4 0.3
G_cuneus 2831 1802 3328 1.698 0.548 0.138 0.032 37 3.8
G_front_inf-Opercular 1674 1091 4021 2.861 0.375 0.113 0.021 18 1.5
G_front_inf-Orbital 437 298 1142 2.850 0.449 0.120 0.021 5 0.4
G_front_inf-Triangul 1496 952 3479 2.795 0.412 0.117 0.021 17 1.4
G_front_middle 5424 3599 12577 2.744 0.419 0.127 0.025 71 5.4
G_front_sup 9845 6279 22303 2.888 0.496 0.116 0.024 96 9.8
G_Ins_lg_and_S_cent_ins 782 520 1636 3.251 0.719 0.127 0.035 9 1.0
G_insular_short 831 546 2577 3.531 0.669 0.117 0.035 11 0.9
G_occipital_middle 2749 1684 5445 2.492 0.515 0.126 0.027 37 3.1
G_occipital_sup 2066 1328 2718 1.892 0.528 0.144 0.035 26 3.0
G_oc-temp_lat-fusifor 2119 1432 5084 2.858 0.469 0.126 0.028 28 2.4
G_oc-temp_med-Lingual 3853 2620 5645 1.878 0.618 0.141 0.036 48 5.8
G_oc-temp_med-Parahip 1791 1117 4881 3.259 0.813 0.097 0.021 12 1.4
G_orbital 2808 1967 6888 2.710 0.652 0.132 0.032 44 3.7
G_pariet_inf-Angular 3076 2097 6540 2.560 0.443 0.127 0.025 43 3.0
G_pariet_inf-Supramar 3059 2040 6437 2.603 0.436 0.119 0.022 35 2.7
G_parietal_sup 3710 2360 6787 2.342 0.469 0.116 0.020 44 2.8
G_postcentral 3440 1940 5419 2.265 0.491 0.101 0.023 30 3.1
G_precentral 3944 2058 7620 2.852 0.464 0.093 0.021 32 3.4
G_precuneus 3716 2406 7602 2.505 0.472 0.121 0.023 50 3.7
G_rectus 1098 791 2695 2.680 0.507 0.134 0.033 20 1.5
G_subcallosal 1106 768 1906 2.441 0.779 0.116 0.038 11 1.3
G_temp_sup-G_T_transv 821 467 1375 2.337 0.403 0.113 0.026 8 0.9
G_temp_sup-Lateral 2473 1629 6543 2.988 0.568 0.112 0.019 29 2.0
G_temp_sup-Plan_polar 1020 664 2372 3.284 0.568 0.064 0.009 2 0.4
G_temp_sup-Plan_tempo 1447 999 2707 2.601 0.412 0.102 0.017 11 1.0
G_temporal_inf 3034 2103 8443 3.009 0.609 0.125 0.029 51 3.8
G_temporal_middle 2953 2027 8645 3.070 0.664 0.120 0.024 39 2.8
Lat_Fis-ant-Horizont 338 218 531 2.516 0.356 0.081 0.009 1 0.1
Lat_Fis-ant-Vertical 474 323 695 2.625 0.231 0.085 0.013 2 0.2
Lat_Fis-post 1397 923 1856 2.521 0.497 0.109 0.020 9 1.2
Pole_occipital 3147 1918 3441 1.719 0.453 0.135 0.031 39 4.1
Pole_temporal 1901 1404 6689 3.434 0.721 0.133 0.029 23 2.3
S_calcarine 2772 1908 2808 1.740 0.591 0.128 0.027 27 3.2
S_central 3658 2400 4225 2.012 0.618 0.098 0.017 18 2.8
S_cingul-Marginalis 1387 917 1953 2.314 0.380 0.089 0.013 6 0.8
S_circular_insula_ant 622 418 989 2.911 0.438 0.100 0.018 3 0.5
S_circular_insula_inf 1612 1052 2329 2.651 0.551 0.080 0.012 6 0.8
S_circular_insula_sup 1802 1178 2495 2.699 0.503 0.104 0.018 9 1.4
S_collat_transv_ant 1300 861 2096 2.633 0.388 0.090 0.013 7 0.7
S_collat_transv_post 719 498 784 2.109 0.409 0.137 0.026 7 0.8
S_front_inf 2683 1808 3761 2.260 0.380 0.105 0.018 19 1.9
S_front_middle 1964 1330 2832 2.400 0.334 0.109 0.018 14 1.5
S_front_sup 3132 2110 4574 2.408 0.354 0.097 0.017 19 2.3
S_interm_prim-Jensen 455 320 627 2.293 0.377 0.103 0.013 2 0.3
S_intrapariet_and_P_trans 3023 1995 3978 2.221 0.353 0.105 0.016 21 2.1
S_oc_middle_and_Lunatus 1613 1085 1928 2.012 0.429 0.119 0.021 14 1.4
S_oc_sup_and_transversal 1392 937 1723 2.090 0.381 0.104 0.018 8 1.1
S_occipital_ant 599 400 784 2.263 0.367 0.105 0.020 3 0.5
S_oc-temp_lat 1001 680 1350 2.288 0.371 0.098 0.012 5 0.6
S_oc-temp_med_and_Lingual 2063 1409 2963 2.349 0.469 0.106 0.017 15 1.5
S_orbital_lateral 607 401 714 2.167 0.309 0.115 0.016 5 0.5
S_orbital_med-olfact 857 578 1052 2.341 0.574 0.112 0.018 5 0.7
S_orbital-H_Shaped 1671 1119 2895 2.739 0.458 0.109 0.020 12 1.4
S_parieto_occipital 2825 1849 3701 2.160 0.471 0.112 0.021 20 2.6
S_pericallosal 1368 864 1359 1.882 0.615 0.127 0.023 19 1.3
S_postcentral 3961 2609 5292 2.168 0.431 0.106 0.018 28 3.2
S_precentral-inf-part 2782 1817 4225 2.495 0.400 0.099 0.015 16 1.8
S_precentral-sup-part 1410 932 2024 2.497 0.460 0.096 0.015 7 0.9
S_suborbital 671 467 855 2.175 0.513 0.121 0.014 6 0.5
S_subparietal 1472 983 1989 2.333 0.341 0.112 0.021 9 1.4
S_temporal_inf 1977 1324 2764 2.404 0.515 0.097 0.013 11 1.1
S_temporal_sup 5889 4061 9339 2.403 0.451 0.112 0.020 56 4.9
S_temporal_transverse 624 422 769 2.187 0.334 0.092 0.014 3 0.4
