StructName NumVert SurfArea GrayVol ThickAvg ThickStd MeanCurv GausCurv FoldInd CurvInd
G_and_S_frontomargin 1632 1164 2723 2.220 0.497 0.136 0.026 20 1.8
G_and_S_occipital_inf 2062 1371 4082 2.450 0.542 0.133 0.027 22 2.3
G_and_S_paracentral 1885 1075 3005 2.340 0.570 0.097 0.018 14 1.4
G_and_S_subcentral 1582 1025 3275 2.757 0.483 0.120 0.022 18 1.5
G_and_S_transv_frontopol 763 573 1919 2.621 0.502 0.163 0.037 15 1.1
G_and_S_cingul-Ant 2896 1977 5556 2.630 0.483 0.117 0.021 33 2.7
G_and_S_cingul-Mid-Ant 1325 873 2390 2.703 0.448 0.096 0.019 8 1.0
G_and_S_cingul-Mid-Post 1534 1050 2697 2.567 0.432 0.117 0.024 16 1.6
G_cingul-Post-dorsal 786 517 2133 3.002 0.530 0.130 0.029 9 0.9
G_cingul-Post-ventral 395 259 724 2.588 0.675 0.119 0.026 4 0.4
G_cuneus 2469 1678 3063 1.666 0.459 0.148 0.029 34 3.2
G_front_inf-Opercular 1742 1126 4279 2.900 0.515 0.110 0.021 16 1.5
G_front_inf-Orbital 435 292 1202 2.975 0.544 0.119 0.020 5 0.4
G_front_inf-Triangul 1502 951 3568 2.837 0.446 0.116 0.018 16 1.3
G_front_middle 5270 3464 12118 2.733 0.438 0.123 0.024 61 5.1
G_front_sup 9713 6180 22441 2.939 0.521 0.114 0.022 88 8.8
G_Ins_lg_and_S_cent_ins 830 509 1558 3.082 0.637 0.115 0.029 8 0.9
G_insular_short 874 582 2725 3.655 0.697 0.123 0.036 10 1.2
G_occipital_middle 2423 1736 5193 2.347 0.546 0.147 0.028 38 2.9
G_occipital_sup 1945 1319 2922 2.029 0.487 0.146 0.030 27 2.4
G_oc-temp_lat-fusifor 2061 1359 5197 2.915 0.522 0.127 0.028 27 2.3
G_oc-temp_med-Lingual 3416 2332 5537 1.954 0.685 0.142 0.033 44 4.7
G_oc-temp_med-Parahip 1754 1110 4941 3.350 0.877 0.093 0.020 11 1.3
G_orbital 2885 1979 7270 2.790 0.731 0.130 0.030 39 3.6
G_pariet_inf-Angular 2951 2118 6490 2.445 0.513 0.138 0.029 43 3.6
G_pariet_inf-Supramar 2942 1947 6123 2.615 0.485 0.111 0.020 30 2.2
G_parietal_sup 3296 2292 6217 2.203 0.473 0.124 0.022 46 2.7
G_postcentral 3245 2014 5242 2.141 0.499 0.109 0.023 27 3.0
G_precentral 3940 2125 7884 2.888 0.503 0.095 0.019 29 3.1
G_precuneus 3841 2585 7452 2.316 0.577 0.124 0.021 46 3.7
G_rectus 1118 771 2529 2.560 0.570 0.126 0.029 17 1.4
G_subcallosal 1118 729 1895 2.553 0.906 0.107 0.032 9 1.4
G_temp_sup-G_T_transv 891 537 1451 2.224 0.430 0.112 0.027 7 1.0
G_temp_sup-Lateral 2601 1685 6722 2.946 0.643 0.115 0.021 30 2.4
G_temp_sup-Plan_polar 1064 681 2488 3.347 0.606 0.064 0.011 2 0.5
G_temp_sup-Plan_tempo 1795 1212 3314 2.546 0.464 0.103 0.018 13 1.4
G_temporal_inf 3116 2146 8690 3.044 0.668 0.122 0.025 44 3.2
G_temporal_middle 3047 1964 9077 3.248 0.812 0.114 0.022 33 2.7
Lat_Fis-ant-Horizont 399 249 584 2.435 0.434 0.077 0.009 1 0.1
Lat_Fis-ant-Vertical 471 328 710 2.620 0.274 0.082 0.013 1 0.2
Lat_Fis-post 1442 957 1992 2.589 0.545 0.105 0.020 8 1.3
Pole_occipital 2672 1778 4181 2.028 0.485 0.143 0.033 37 3.6
Pole_temporal 1716 1314 6359 3.459 0.730 0.135 0.034 24 2.2
S_calcarine 2851 1922 2955 1.812 0.555 0.118 0.024 22 2.9
S_central 3496 2326 3913 1.921 0.587 0.103 0.018 20 2.7
S_cingul-Marginalis 1364 888 1870 2.248 0.412 0.086 0.011 5 0.7
S_circular_insula_ant 571 376 865 2.861 0.549 0.098 0.017 2 0.4
S_circular_insula_inf 1606 1050 2328 2.709 0.573 0.083 0.016 7 1.1
S_circular_insula_sup 1769 1166 2551 2.770 0.566 0.102 0.018 9 1.4
S_collat_transv_ant 1308 864 2142 2.734 0.418 0.085 0.011 6 0.6
S_collat_transv_post 704 468 742 2.018 0.330 0.125 0.021 6 0.7
S_front_inf 2770 1874 3939 2.266 0.349 0.108 0.018 21 2.0
S_front_middle 1957 1311 2964 2.472 0.366 0.110 0.019 14 1.6
S_front_sup 3161 2135 4756 2.448 0.353 0.097 0.017 17 2.2
S_interm_prim-Jensen 836 555 1046 2.263 0.290 0.093 0.011 4 0.4
S_intrapariet_and_P_trans 2830 1890 3619 2.139 0.340 0.107 0.016 20 2.0
S_oc_middle_and_Lunatus 1304 871 1517 1.953 0.380 0.115 0.018 11 1.0
S_oc_sup_and_transversal 1318 875 1504 1.915 0.362 0.103 0.019 8 1.1
S_occipital_ant 674 448 838 2.067 0.333 0.100 0.016 4 0.4
S_oc-temp_lat 1103 738 1496 2.268 0.402 0.095 0.013 5 0.6
S_oc-temp_med_and_Lingual 2269 1523 3241 2.339 0.473 0.107 0.017 16 1.6
S_orbital_lateral 562 386 709 2.254 0.265 0.125 0.018 5 0.5
S_orbital_med-olfact 816 536 954 2.306 0.605 0.106 0.015 5 0.5
S_orbital-H_Shaped 1645 1097 2924 2.899 0.504 0.108 0.018 12 1.3
S_parieto_occipital 2707 1791 3364 2.036 0.499 0.111 0.019 18 2.4
S_pericallosal 1454 905 1496 2.003 0.618 0.117 0.019 17 1.1
S_postcentral 3952 2613 5275 2.132 0.417 0.108 0.018 28 3.3
S_precentral-inf-part 2695 1768 4084 2.480 0.417 0.101 0.015 17 1.8
S_precentral-sup-part 1317 866 1865 2.505 0.448 0.095 0.015 6 0.8
S_suborbital 563 386 659 2.001 0.528 0.114 0.011 5 0.4
S_subparietal 1426 950 1836 2.261 0.378 0.110 0.021 9 1.2
S_temporal_inf 1792 1188 2428 2.436 0.552 0.099 0.015 10 1.1
S_temporal_sup 5423 3728 8116 2.354 0.505 0.107 0.018 40 4.2
S_temporal_transverse 562 372 644 2.135 0.283 0.095 0.016 3 0.4
