StructName NumVert SurfArea GrayVol ThickAvg ThickStd MeanCurv GausCurv FoldInd CurvInd
G_and_S_frontomargin 1551 1158 2733 2.155 0.531 0.140 0.027 25 1.8
G_and_S_occipital_inf 1851 1194 3484 2.432 0.512 0.126 0.026 21 1.9
G_and_S_paracentral 1894 992 2619 2.239 0.575 0.090 0.016 14 1.2
G_and_S_subcentral 1500 996 3050 2.628 0.422 0.118 0.021 16 1.3
G_and_S_transv_frontopol 852 675 2051 2.454 0.459 0.162 0.037 16 1.4
G_and_S_cingul-Ant 2735 1873 5323 2.653 0.514 0.116 0.016 30 2.0
G_and_S_cingul-Mid-Ant 1281 849 2257 2.658 0.415 0.097 0.016 8 0.8
G_and_S_cingul-Mid-Post 1484 1026 2537 2.527 0.477 0.119 0.022 16 1.4
G_cingul-Post-dorsal 795 518 1986 2.942 0.419 0.128 0.026 10 0.9
G_cingul-Post-ventral 378 241 751 2.755 0.723 0.105 0.023 3 0.3
G_cuneus 2653 1695 2882 1.595 0.451 0.135 0.026 32 3.1
G_front_inf-Opercular 1608 1048 3873 2.855 0.451 0.110 0.020 16 1.4
G_front_inf-Orbital 420 284 1087 2.820 0.437 0.121 0.018 5 0.3
G_front_inf-Triangul 1482 925 3413 2.800 0.411 0.119 0.019 17 1.4
G_front_middle 5024 3462 11478 2.597 0.464 0.130 0.025 66 5.0
G_front_sup 9448 5956 20856 2.837 0.548 0.113 0.021 85 8.3
G_Ins_lg_and_S_cent_ins 750 507 1603 3.235 0.719 0.117 0.024 7 0.7
G_insular_short 792 519 2580 3.682 0.651 0.109 0.027 9 0.7
G_occipital_middle 2613 1660 5169 2.418 0.512 0.132 0.028 36 3.1
G_occipital_sup 1980 1302 2678 1.914 0.517 0.144 0.031 26 2.5
G_oc-temp_lat-fusifor 2209 1399 5059 2.888 0.494 0.123 0.024 29 2.4
G_oc-temp_med-Lingual 3766 2526 5163 1.757 0.615 0.136 0.034 42 5.6
G_oc-temp_med-Parahip 1731 1061 4750 3.356 0.794 0.087 0.017 11 1.0
G_orbital 2774 1979 6762 2.613 0.717 0.134 0.029 42 3.6
G_pariet_inf-Angular 2891 1978 6176 2.506 0.485 0.132 0.026 41 3.2
G_pariet_inf-Supramar 2957 1969 5941 2.547 0.515 0.114 0.019 32 2.3
G_parietal_sup 3332 2214 6040 2.215 0.439 0.121 0.020 41 2.6
G_postcentral 3259 1984 5251 2.166 0.508 0.108 0.021 30 2.8
G_precentral 3613 1949 7175 2.828 0.482 0.096 0.019 28 2.7
G_precuneus 3766 2368 6933 2.353 0.538 0.116 0.020 41 3.3
G_rectus 1159 776 2328 2.400 0.521 0.112 0.021 16 0.9
G_subcallosal 1132 758 1830 2.488 0.874 0.113 0.034 10 1.5
G_temp_sup-G_T_transv 848 466 1426 2.409 0.441 0.111 0.023 10 0.8
G_temp_sup-Lateral 2369 1515 6104 2.957 0.610 0.113 0.019 28 2.0
G_temp_sup-Plan_polar 1022 647 2297 3.289 0.569 0.058 0.007 2 0.3
G_temp_sup-Plan_tempo 1976 1317 3723 2.607 0.447 0.096 0.016 14 1.3
G_temporal_inf 3218 2150 8384 2.970 0.584 0.117 0.023 43 3.2
G_temporal_middle 2835 1933 8054 3.047 0.661 0.118 0.022 33 2.6
Lat_Fis-ant-Horizont 339 219 532 2.515 0.380 0.077 0.009 1 0.1
Lat_Fis-ant-Vertical 440 314 652 2.596 0.326 0.087 0.013 1 0.2
Lat_Fis-post 1350 909 1828 2.549 0.580 0.110 0.021 9 1.2
Pole_occipital 2926 1735 3307 1.778 0.469 0.128 0.028 35 3.6
Pole_temporal 1845 1328 6475 3.436 0.704 0.128 0.030 25 2.2
S_calcarine 2767 1905 2669 1.657 0.603 0.125 0.026 25 3.1
S_central 3419 2296 3927 1.944 0.657 0.098 0.017 18 2.5
S_cingul-Marginalis 1315 870 1744 2.187 0.431 0.087 0.012 6 0.7
S_circular_insula_ant 573 392 913 2.881 0.444 0.097 0.016 3 0.4
S_circular_insula_inf 1556 1024 2206 2.588 0.590 0.080 0.012 6 0.9
S_circular_insula_sup 1737 1176 2648 2.883 0.562 0.101 0.016 8 1.2
S_collat_transv_ant 1307 850 2019 2.602 0.404 0.084 0.009 6 0.5
S_collat_transv_post 787 558 808 1.891 0.423 0.144 0.032 8 1.1
S_front_inf 2649 1773 3463 2.139 0.400 0.104 0.017 18 1.9
S_front_middle 1825 1240 2487 2.205 0.421 0.110 0.019 13 1.4
S_front_sup 2992 2025 4247 2.332 0.374 0.100 0.017 18 2.2
S_interm_prim-Jensen 663 448 842 2.218 0.291 0.093 0.013 4 0.3
S_intrapariet_and_P_trans 2896 1937 3646 2.108 0.345 0.107 0.016 21 2.0
S_oc_middle_and_Lunatus 1693 1124 2014 1.994 0.426 0.120 0.021 15 1.5
S_oc_sup_and_transversal 1251 851 1531 2.021 0.406 0.107 0.019 8 1.0
S_occipital_ant 672 456 816 2.083 0.349 0.106 0.020 4 0.5
S_oc-temp_lat 1045 709 1417 2.333 0.332 0.097 0.012 5 0.5
S_oc-temp_med_and_Lingual 2100 1428 2968 2.389 0.553 0.105 0.015 15 1.3
S_orbital_lateral 547 376 663 2.201 0.430 0.120 0.017 5 0.5
S_orbital_med-olfact 833 562 1030 2.308 0.640 0.105 0.013 5 0.4
S_orbital-H_Shaped 1562 1058 2690 2.761 0.481 0.108 0.017 11 1.1
S_parieto_occipital 2673 1788 3267 2.017 0.540 0.114 0.021 20 2.4
S_pericallosal 1362 873 1405 1.972 0.593 0.119 0.016 17 1.0
S_postcentral 4078 2684 5372 2.109 0.441 0.104 0.017 28 3.1
S_precentral-inf-part 2676 1772 3896 2.377 0.412 0.097 0.015 15 1.8
S_precentral-sup-part 1333 881 1826 2.379 0.495 0.092 0.013 7 0.8
S_suborbital 580 404 697 1.993 0.612 0.119 0.013 5 0.4
S_subparietal 1375 908 1808 2.324 0.427 0.106 0.019 8 1.1
S_temporal_inf 2033 1365 2869 2.444 0.500 0.097 0.014 11 1.2
S_temporal_sup 5247 3626 7800 2.367 0.486 0.108 0.018 41 4.0
S_temporal_transverse 547 380 654 2.165 0.353 0.098 0.014 3 0.3
