StructName NumVert SurfArea GrayVol ThickAvg ThickStd MeanCurv GausCurv FoldInd CurvInd
G_and_S_frontomargin 1624 1160 2784 2.113 0.601 0.126 0.025 19 1.6
G_and_S_occipital_inf 2080 1386 4409 2.520 0.605 0.127 0.028 23 2.4
G_and_S_paracentral 2020 1182 3121 2.292 0.520 0.116 0.040 24 2.8
G_and_S_subcentral 1877 1298 2974 2.190 0.581 0.152 0.049 30 4.2
G_and_S_transv_frontopol 852 616 2167 2.626 0.578 0.154 0.036 16 1.2
G_and_S_cingul-Ant 2998 2107 5633 2.452 0.548 0.118 0.026 39 2.9
G_and_S_cingul-Mid-Ant 1351 929 2500 2.544 0.543 0.106 0.024 10 1.3
G_and_S_cingul-Mid-Post 1544 1092 2838 2.541 0.505 0.127 0.028 20 1.8
G_cingul-Post-dorsal 753 514 2099 2.965 0.583 0.132 0.031 11 0.8
G_cingul-Post-ventral 368 250 817 2.754 0.549 0.115 0.024 3 0.3
G_cuneus 2366 1723 3983 2.007 0.525 0.150 0.041 40 3.7
G_front_inf-Opercular 1717 1158 4171 2.787 0.640 0.119 0.030 18 2.0
G_front_inf-Orbital 451 311 1317 2.990 0.583 0.116 0.020 6 0.4
G_front_inf-Triangul 1520 982 3903 2.900 0.509 0.119 0.025 19 1.5
G_front_middle 5584 3744 13910 2.771 0.591 0.125 0.031 79 5.9
G_front_sup 10123 6729 22699 2.728 0.624 0.122 0.035 155 12.9
G_Ins_lg_and_S_cent_ins 809 567 1866 3.079 0.866 0.141 0.044 12 1.5
G_insular_short 892 680 2909 3.339 0.751 0.156 0.051 16 2.0
G_occipital_middle 2378 1616 5505 2.571 0.549 0.132 0.030 42 2.5
G_occipital_sup 1814 1238 2998 2.115 0.501 0.142 0.030 27 2.2
G_oc-temp_lat-fusifor 2065 1361 5492 2.988 0.515 0.121 0.029 27 2.3
G_oc-temp_med-Lingual 3213 2261 6104 2.186 0.654 0.142 0.039 48 4.7
G_oc-temp_med-Parahip 1648 1128 4959 3.212 0.851 0.112 0.029 14 1.8
G_orbital 2985 2148 7389 2.518 0.802 0.143 0.041 54 4.5
G_pariet_inf-Angular 3336 2280 7511 2.552 0.601 0.129 0.029 49 3.6
G_pariet_inf-Supramar 3589 2409 6706 2.364 0.637 0.133 0.039 54 6.0
G_parietal_sup 3767 2522 7581 2.369 0.551 0.117 0.025 50 3.1
G_postcentral 3646 2130 5931 2.247 0.529 0.120 0.043 49 5.8
G_precentral 4157 2435 7946 2.609 0.676 0.126 0.048 62 7.4
G_precuneus 3781 2592 8008 2.393 0.556 0.123 0.028 57 3.7
G_rectus 1418 1041 3207 2.435 0.586 0.133 0.042 23 2.1
G_subcallosal 1303 900 2193 2.413 0.815 0.151 0.060 24 2.7
G_temp_sup-G_T_transv 716 493 1582 2.516 0.326 0.133 0.038 10 0.8
G_temp_sup-Lateral 3000 1955 6347 2.476 0.897 0.135 0.043 44 4.9
G_temp_sup-Plan_polar 1094 719 2699 3.271 0.600 0.081 0.015 4 0.8
G_temp_sup-Plan_tempo 1970 1296 3321 2.415 0.522 0.108 0.024 18 2.1
G_temporal_inf 3201 2356 9724 3.013 0.755 0.126 0.029 50 4.0
G_temporal_middle 3428 2260 8415 2.727 0.977 0.134 0.042 51 5.8
Lat_Fis-ant-Horizont 383 248 600 2.399 0.516 0.080 0.012 1 0.2
Lat_Fis-ant-Vertical 487 323 668 2.481 0.260 0.083 0.016 1 0.3
Lat_Fis-post 1540 1005 2130 2.562 0.522 0.103 0.021 8 1.4
Pole_occipital 2732 1845 4659 2.063 0.556 0.138 0.038 38 3.8
Pole_temporal 1835 1457 6572 3.192 0.755 0.139 0.038 31 2.9
S_calcarine 2826 1942 3576 2.072 0.491 0.114 0.025 21 3.0
S_central 3850 2544 4755 2.096 0.564 0.101 0.022 19 3.6
S_cingul-Marginalis 1397 913 1909 2.229 0.356 0.089 0.014 5 0.9
S_circular_insula_ant 591 388 928 2.707 0.565 0.094 0.018 3 0.5
S_circular_insula_inf 1634 1039 2265 2.595 0.633 0.087 0.019 10 1.3
S_circular_insula_sup 1869 1215 2590 2.591 0.454 0.102 0.020 9 1.7
S_collat_transv_ant 1329 907 2252 2.440 0.622 0.098 0.018 8 1.0
S_collat_transv_post 662 450 744 2.000 0.321 0.117 0.022 4 0.7
S_front_inf 2875 1931 4088 2.217 0.443 0.103 0.020 22 2.3
S_front_middle 1957 1330 2831 2.208 0.446 0.111 0.019 14 1.7
S_front_sup 3305 2238 4928 2.315 0.412 0.102 0.022 22 3.0
S_interm_prim-Jensen 749 485 963 2.152 0.395 0.093 0.017 4 0.6
S_intrapariet_and_P_trans 3090 2038 4040 2.079 0.389 0.106 0.020 21 2.5
S_oc_middle_and_Lunatus 1572 1058 2031 2.003 0.399 0.114 0.021 13 1.3
S_oc_sup_and_transversal 1436 961 1838 2.071 0.345 0.102 0.019 8 1.2
S_occipital_ant 625 409 804 2.140 0.316 0.094 0.013 3 0.4
S_oc-temp_lat 1143 758 1539 2.334 0.326 0.093 0.015 5 0.7
S_oc-temp_med_and_Lingual 2277 1546 3428 2.311 0.474 0.108 0.019 16 1.8
S_orbital_lateral 588 398 698 2.076 0.399 0.120 0.019 5 0.6
S_orbital_med-olfact 990 664 1178 2.146 0.590 0.101 0.016 5 0.7
S_orbital-H_Shaped 1761 1201 3013 2.445 0.514 0.113 0.020 13 1.5
S_parieto_occipital 2751 1837 3697 2.130 0.385 0.112 0.021 20 2.7
S_pericallosal 1449 884 1383 1.812 0.663 0.122 0.026 18 1.4
S_postcentral 3804 2562 5298 2.117 0.426 0.107 0.021 27 3.3
S_precentral-inf-part 2816 1816 4189 2.382 0.471 0.098 0.018 16 2.2
S_precentral-sup-part 1419 935 1982 2.333 0.443 0.100 0.019 7 1.2
S_suborbital 669 457 836 2.025 0.589 0.114 0.015 5 0.5
S_subparietal 1469 975 1881 2.140 0.428 0.108 0.023 9 1.5
S_temporal_inf 1839 1223 2454 2.252 0.526 0.100 0.018 9 1.4
S_temporal_sup 6356 4324 9749 2.339 0.468 0.106 0.020 51 5.4
S_temporal_transverse 597 392 704 2.090 0.314 0.087 0.015 2 0.4
