StructName NumVert SurfArea GrayVol ThickAvg ThickStd MeanCurv GausCurv FoldInd CurvInd
G_and_S_frontomargin 1559 1088 2662 2.269 0.532 0.133 0.025 18 1.7
G_and_S_occipital_inf 1955 1342 4046 2.466 0.531 0.137 0.029 21 2.4
G_and_S_paracentral 1909 1053 3080 2.423 0.560 0.096 0.020 15 1.5
G_and_S_subcentral 1639 1092 3462 2.732 0.497 0.119 0.023 17 1.6
G_and_S_transv_frontopol 842 626 2042 2.676 0.497 0.167 0.034 15 1.2
G_and_S_cingul-Ant 2709 1905 5359 2.628 0.514 0.119 0.020 34 2.3
G_and_S_cingul-Mid-Ant 1373 908 2500 2.708 0.502 0.094 0.017 8 1.0
G_and_S_cingul-Mid-Post 1453 1039 2592 2.546 0.473 0.125 0.025 20 1.5
G_cingul-Post-dorsal 796 537 2167 2.951 0.572 0.129 0.028 10 0.9
G_cingul-Post-ventral 377 251 745 2.578 0.685 0.109 0.021 3 0.2
G_cuneus 2450 1648 3079 1.706 0.494 0.145 0.028 33 2.9
G_front_inf-Opercular 1729 1094 4175 2.883 0.488 0.107 0.020 16 1.4
G_front_inf-Orbital 457 316 1255 2.948 0.563 0.113 0.021 5 0.4
G_front_inf-Triangul 1490 950 3618 2.885 0.495 0.119 0.021 16 1.4
G_front_middle 5477 3567 12678 2.763 0.460 0.122 0.023 63 5.2
G_front_sup 9726 6231 22967 2.996 0.522 0.112 0.022 86 8.6
G_Ins_lg_and_S_cent_ins 776 503 1587 3.133 0.652 0.123 0.036 8 1.1
G_insular_short 894 603 2676 3.425 0.728 0.118 0.028 11 0.9
G_occipital_middle 2202 1591 5013 2.446 0.527 0.146 0.027 35 2.6
G_occipital_sup 1861 1273 2889 2.039 0.551 0.148 0.032 26 2.5
G_oc-temp_lat-fusifor 2079 1349 5229 2.894 0.554 0.124 0.028 26 2.3
G_oc-temp_med-Lingual 3425 2367 5483 1.940 0.633 0.143 0.034 44 4.9
G_oc-temp_med-Parahip 1838 1151 5231 3.409 0.883 0.095 0.021 12 1.5
G_orbital 2772 1929 7111 2.800 0.705 0.127 0.030 35 3.2
G_pariet_inf-Angular 3130 2217 6632 2.460 0.511 0.136 0.026 44 3.3
G_pariet_inf-Supramar 3041 2018 6397 2.624 0.518 0.112 0.020 30 2.4
G_parietal_sup 3680 2530 6905 2.248 0.466 0.122 0.021 44 3.0
G_postcentral 3219 1939 5365 2.229 0.551 0.105 0.021 28 2.7
G_precentral 3934 2077 7924 2.908 0.528 0.093 0.021 29 3.2
G_precuneus 3632 2482 7283 2.328 0.565 0.126 0.023 44 3.7
G_rectus 1153 853 2746 2.538 0.567 0.127 0.027 19 1.3
G_subcallosal 1140 780 2005 2.528 0.909 0.129 0.043 19 2.1
G_temp_sup-G_T_transv 845 501 1405 2.279 0.468 0.114 0.025 8 0.8
G_temp_sup-Lateral 2552 1664 6773 2.935 0.660 0.117 0.020 30 2.2
G_temp_sup-Plan_polar 1043 673 2460 3.358 0.592 0.061 0.009 2 0.4
G_temp_sup-Plan_tempo 1673 1109 3024 2.574 0.474 0.099 0.018 11 1.2
G_temporal_inf 3118 2217 8925 3.027 0.677 0.124 0.024 41 3.2
G_temporal_middle 3008 1963 9076 3.259 0.890 0.115 0.022 34 2.6
Lat_Fis-ant-Horizont 352 227 564 2.554 0.370 0.079 0.009 1 0.1
Lat_Fis-ant-Vertical 448 310 657 2.673 0.250 0.086 0.014 1 0.3
Lat_Fis-post 1409 920 1860 2.545 0.563 0.106 0.020 8 1.3
Pole_occipital 2622 1824 4125 1.979 0.477 0.149 0.033 38 3.6
Pole_temporal 1727 1369 6552 3.444 0.744 0.144 0.031 25 2.2
S_calcarine 2851 1909 2930 1.831 0.537 0.118 0.024 23 2.9
S_central 3553 2321 3859 1.905 0.606 0.101 0.018 20 2.7
S_cingul-Marginalis 1344 871 1770 2.209 0.427 0.088 0.011 6 0.7
S_circular_insula_ant 602 398 941 2.967 0.574 0.103 0.018 3 0.5
S_circular_insula_inf 1606 1053 2342 2.681 0.553 0.085 0.015 8 1.2
S_circular_insula_sup 1826 1188 2616 2.746 0.527 0.100 0.019 9 1.5
S_collat_transv_ant 1343 881 2209 2.763 0.474 0.083 0.010 6 0.6
S_collat_transv_post 665 450 713 2.079 0.323 0.126 0.023 5 0.7
S_front_inf 2815 1887 3943 2.238 0.402 0.104 0.017 19 1.9
S_front_middle 1947 1288 2821 2.429 0.360 0.107 0.017 13 1.4
S_front_sup 3220 2159 4933 2.505 0.380 0.098 0.018 18 2.4
S_interm_prim-Jensen 617 413 771 2.203 0.356 0.083 0.010 2 0.3
S_intrapariet_and_P_trans 3120 2057 3979 2.121 0.346 0.106 0.017 21 2.3
S_oc_middle_and_Lunatus 1524 1031 1828 1.954 0.351 0.120 0.021 14 1.4
S_oc_sup_and_transversal 1337 889 1609 1.989 0.353 0.104 0.019 7 1.1
S_occipital_ant 692 460 817 2.011 0.350 0.104 0.019 4 0.5
S_oc-temp_lat 1102 729 1401 2.211 0.394 0.094 0.013 5 0.6
S_oc-temp_med_and_Lingual 2277 1520 3265 2.348 0.502 0.106 0.016 16 1.5
S_orbital_lateral 567 382 680 2.240 0.347 0.123 0.018 5 0.5
S_orbital_med-olfact 876 572 1059 2.365 0.588 0.108 0.016 5 0.6
S_orbital-H_Shaped 1640 1102 2874 2.801 0.493 0.110 0.019 12 1.4
S_parieto_occipital 2760 1819 3330 1.978 0.485 0.111 0.020 19 2.6
S_pericallosal 1384 891 1553 2.058 0.636 0.128 0.024 21 1.4
S_postcentral 3615 2383 4680 2.106 0.444 0.107 0.018 24 3.0
S_precentral-inf-part 2701 1790 4166 2.504 0.411 0.101 0.016 16 2.0
S_precentral-sup-part 1319 868 1888 2.535 0.400 0.094 0.015 7 0.8
S_suborbital 618 429 811 2.181 0.581 0.119 0.013 5 0.5
S_subparietal 1413 928 1827 2.227 0.395 0.107 0.020 9 1.2
S_temporal_inf 1820 1211 2435 2.351 0.506 0.096 0.014 10 1.0
S_temporal_sup 5668 3915 8630 2.324 0.499 0.111 0.020 48 5.2
S_temporal_transverse 591 395 684 2.110 0.253 0.093 0.017 3 0.4
