StructName NumVert SurfArea GrayVol ThickAvg ThickStd MeanCurv GausCurv FoldInd CurvInd
G_and_S_frontomargin 1534 1108 2626 2.181 0.541 0.136 0.026 20 1.7
G_and_S_occipital_inf 1820 1244 3949 2.551 0.553 0.138 0.028 21 2.2
G_and_S_paracentral 1805 1072 3046 2.346 0.567 0.104 0.020 15 1.5
G_and_S_subcentral 1623 1048 3405 2.770 0.551 0.114 0.021 17 1.4
G_and_S_transv_frontopol 810 627 2177 2.734 0.507 0.166 0.037 16 1.2
G_and_S_cingul-Ant 2710 1916 5419 2.662 0.527 0.117 0.019 32 2.4
G_and_S_cingul-Mid-Ant 1298 879 2390 2.712 0.488 0.100 0.019 9 1.0
G_and_S_cingul-Mid-Post 1478 1039 2634 2.560 0.445 0.123 0.029 15 1.8
G_cingul-Post-dorsal 773 509 2177 3.082 0.575 0.129 0.030 9 0.9
G_cingul-Post-ventral 373 249 759 2.601 0.636 0.115 0.026 4 0.3
G_cuneus 2439 1694 2981 1.629 0.481 0.151 0.029 34 3.1
G_front_inf-Opercular 1628 1064 4098 2.928 0.496 0.114 0.021 16 1.4
G_front_inf-Orbital 401 290 1150 2.911 0.551 0.127 0.021 5 0.4
G_front_inf-Triangul 1461 960 3646 2.873 0.455 0.123 0.021 17 1.4
G_front_middle 4974 3461 11913 2.683 0.495 0.131 0.026 63 5.2
G_front_sup 9383 6197 22459 2.927 0.559 0.117 0.023 87 8.8
G_Ins_lg_and_S_cent_ins 734 470 1492 3.174 0.606 0.129 0.033 8 1.0
G_insular_short 876 594 2728 3.513 0.714 0.123 0.037 13 1.1
G_occipital_middle 2610 1799 5742 2.521 0.490 0.140 0.029 38 3.3
G_occipital_sup 1888 1276 2983 2.098 0.555 0.148 0.030 26 2.5
G_oc-temp_lat-fusifor 2076 1361 5346 2.978 0.518 0.123 0.026 24 2.3
G_oc-temp_med-Lingual 3452 2412 5622 1.942 0.688 0.148 0.036 46 5.2
G_oc-temp_med-Parahip 1822 1143 5002 3.251 0.851 0.099 0.021 12 1.6
G_orbital 2776 1968 7117 2.739 0.729 0.135 0.032 39 3.6
G_pariet_inf-Angular 2911 2150 6764 2.517 0.532 0.144 0.030 49 3.5
G_pariet_inf-Supramar 3138 2067 6461 2.619 0.537 0.112 0.020 33 2.4
G_parietal_sup 3495 2413 6674 2.243 0.529 0.125 0.023 47 3.1
G_postcentral 3309 2043 5472 2.202 0.511 0.109 0.022 29 3.0
G_precentral 3679 2058 7701 2.908 0.466 0.098 0.020 28 2.9
G_precuneus 3651 2425 7445 2.402 0.575 0.122 0.023 44 3.9
G_rectus 1097 793 2554 2.510 0.550 0.121 0.029 18 1.2
G_subcallosal 1233 833 2137 2.637 0.827 0.127 0.039 25 1.5
G_temp_sup-G_T_transv 891 526 1502 2.322 0.425 0.113 0.025 9 0.9
G_temp_sup-Lateral 2521 1612 6787 3.020 0.663 0.114 0.020 30 2.2
G_temp_sup-Plan_polar 986 626 2379 3.427 0.559 0.059 0.009 2 0.4
G_temp_sup-Plan_tempo 1864 1235 3578 2.656 0.497 0.097 0.017 13 1.3
G_temporal_inf 3032 2169 8951 3.073 0.654 0.126 0.025 39 3.5
G_temporal_middle 2947 1929 9024 3.296 0.852 0.116 0.022 34 2.6
Lat_Fis-ant-Horizont 369 236 582 2.470 0.422 0.075 0.008 1 0.1
Lat_Fis-ant-Vertical 444 299 633 2.631 0.304 0.080 0.013 1 0.2
Lat_Fis-post 1425 938 1901 2.572 0.561 0.108 0.021 9 1.2
Pole_occipital 2720 1766 3817 1.943 0.502 0.144 0.032 54 3.8
Pole_temporal 1725 1349 6549 3.460 0.726 0.141 0.034 25 2.4
S_calcarine 2860 1912 2833 1.770 0.604 0.119 0.024 24 2.9
S_central 3483 2290 3862 1.938 0.622 0.099 0.017 18 2.6
S_cingul-Marginalis 1358 889 1869 2.240 0.418 0.085 0.012 5 0.7
S_circular_insula_ant 623 413 977 2.812 0.542 0.100 0.018 3 0.5
S_circular_insula_inf 1663 1089 2453 2.719 0.607 0.082 0.016 7 0.9
S_circular_insula_sup 1858 1215 2679 2.783 0.591 0.101 0.017 9 1.4
S_collat_transv_ant 1299 861 2173 2.786 0.390 0.082 0.010 5 0.5
S_collat_transv_post 694 474 769 2.151 0.327 0.125 0.022 5 0.7
S_front_inf 2707 1802 3707 2.170 0.405 0.102 0.017 19 1.9
S_front_middle 1856 1239 2685 2.376 0.397 0.108 0.018 13 1.4
S_front_sup 3160 2155 4668 2.376 0.394 0.102 0.018 20 2.4
S_interm_prim-Jensen 697 473 858 2.242 0.254 0.095 0.010 4 0.4
S_intrapariet_and_P_trans 2963 1983 3792 2.166 0.364 0.108 0.016 21 2.2
S_oc_middle_and_Lunatus 1514 1035 1889 2.079 0.370 0.123 0.022 13 1.4
S_oc_sup_and_transversal 1365 898 1689 2.146 0.401 0.101 0.019 7 1.1
S_occipital_ant 702 459 889 2.190 0.356 0.098 0.015 4 0.4
S_oc-temp_lat 1041 684 1382 2.280 0.423 0.096 0.013 5 0.6
S_oc-temp_med_and_Lingual 2204 1503 3178 2.365 0.478 0.108 0.017 16 1.6
S_orbital_lateral 565 379 655 2.178 0.313 0.126 0.018 6 0.5
S_orbital_med-olfact 792 514 938 2.364 0.639 0.107 0.015 5 0.5
S_orbital-H_Shaped 1605 1081 2708 2.667 0.540 0.107 0.018 12 1.2
S_parieto_occipital 2713 1786 3386 2.083 0.509 0.109 0.020 18 2.4
S_pericallosal 1316 821 1371 2.038 0.614 0.127 0.022 18 1.3
S_postcentral 3876 2555 5145 2.150 0.450 0.106 0.018 27 3.2
S_precentral-inf-part 2667 1763 4070 2.476 0.426 0.100 0.016 15 1.9
S_precentral-sup-part 1310 867 1898 2.496 0.472 0.097 0.015 6 0.9
S_suborbital 614 416 747 2.103 0.609 0.121 0.014 5 0.5
S_subparietal 1393 935 1939 2.362 0.376 0.108 0.020 9 1.1
S_temporal_inf 1828 1234 2626 2.464 0.543 0.098 0.016 10 1.0
S_temporal_sup 5443 3728 8228 2.370 0.527 0.109 0.019 42 4.3
S_temporal_transverse 581 395 714 2.234 0.331 0.095 0.014 3 0.3
