StructName NumVert SurfArea GrayVol ThickAvg ThickStd MeanCurv GausCurv FoldInd CurvInd
G_and_S_frontomargin 1168 888 2470 2.249 0.688 0.143 0.037 17 1.8
G_and_S_occipital_inf 2150 1450 4691 2.619 0.650 0.127 0.027 23 2.4
G_and_S_paracentral 1980 1306 3009 2.060 0.624 0.135 0.040 28 3.4
G_and_S_subcentral 1305 938 2467 2.383 0.724 0.159 0.052 24 2.8
G_and_S_transv_frontopol 892 683 2254 2.589 0.566 0.159 0.038 17 1.3
G_and_S_cingul-Ant 2226 1590 4511 2.641 0.647 0.119 0.031 21 2.9
G_and_S_cingul-Mid-Ant 1325 865 2413 2.639 0.491 0.089 0.016 8 0.9
G_and_S_cingul-Mid-Post 1516 1025 2678 2.543 0.531 0.106 0.023 10 1.4
G_cingul-Post-dorsal 507 419 1584 2.888 0.717 0.165 0.041 9 0.9
G_cingul-Post-ventral 334 227 925 3.109 0.663 0.131 0.038 5 0.4
G_cuneus 2630 1841 3780 1.824 0.613 0.156 0.043 40 4.7
G_front_inf-Opercular 1269 892 3987 3.199 0.558 0.120 0.033 17 1.7
G_front_inf-Orbital 401 276 1189 2.931 0.495 0.144 0.034 7 0.4
G_front_inf-Triangul 1295 912 3333 2.708 0.623 0.122 0.035 18 1.4
G_front_middle 5320 3704 14992 2.926 0.662 0.128 0.033 76 6.2
G_front_sup 8953 6236 24002 3.014 0.633 0.129 0.034 107 11.4
G_Ins_lg_and_S_cent_ins 658 464 1700 3.338 0.782 0.124 0.039 7 1.0
G_insular_short 659 513 2269 3.499 0.632 0.149 0.038 9 1.0
G_occipital_middle 2968 1970 7197 2.668 0.608 0.131 0.031 48 3.4
G_occipital_sup 1830 1249 3238 2.130 0.631 0.137 0.032 25 2.3
G_oc-temp_lat-fusifor 2468 1678 5558 2.631 0.698 0.121 0.027 29 2.4
G_oc-temp_med-Lingual 3330 2454 5891 2.061 0.681 0.146 0.036 47 5.4
G_oc-temp_med-Parahip 1491 1013 3890 2.757 0.918 0.126 0.041 22 2.3
G_orbital 2642 2013 7358 2.694 0.793 0.140 0.039 38 3.6
G_pariet_inf-Angular 3549 2464 8144 2.577 0.675 0.130 0.025 50 3.6
G_pariet_inf-Supramar 3278 2318 7800 2.721 0.508 0.142 0.038 54 4.3
G_parietal_sup 3566 2430 7335 2.348 0.604 0.122 0.026 46 3.6
G_postcentral 2927 1897 5174 2.200 0.719 0.134 0.042 41 4.5
G_precentral 3151 1974 7524 2.902 0.784 0.122 0.040 39 4.4
G_precuneus 3319 2422 7471 2.439 0.556 0.140 0.032 64 3.8
G_rectus 1069 760 2403 2.427 0.716 0.140 0.051 19 2.1
G_subcallosal 700 431 1193 2.617 0.959 0.123 0.047 9 1.1
G_temp_sup-G_T_transv 461 319 966 2.600 0.556 0.111 0.034 5 0.4
G_temp_sup-Lateral 2535 1658 7090 2.970 1.092 0.147 0.047 46 5.5
G_temp_sup-Plan_polar 710 498 2155 3.718 0.609 0.112 0.033 5 1.0
G_temp_sup-Plan_tempo 923 597 1540 2.406 0.535 0.082 0.019 5 0.7
G_temporal_inf 2192 1618 5180 2.590 0.812 0.157 0.053 48 4.5
G_temporal_middle 2753 1937 9232 3.294 0.676 0.135 0.034 45 3.3
Lat_Fis-ant-Horizont 370 239 468 2.276 0.486 0.090 0.015 2 0.2
Lat_Fis-ant-Vertical 358 236 544 2.488 0.492 0.083 0.014 1 0.2
Lat_Fis-post 992 639 1266 2.476 0.497 0.102 0.020 6 0.8
Pole_occipital 2281 1445 3184 1.962 0.539 0.135 0.038 33 3.0
Pole_temporal 1529 1227 5788 3.200 0.913 0.138 0.039 20 2.2
S_calcarine 2925 1995 3413 1.969 0.577 0.114 0.022 23 2.8
S_central 3544 2310 4247 2.055 0.626 0.102 0.021 19 3.1
S_cingul-Marginalis 1337 889 1894 2.302 0.483 0.104 0.018 9 1.1
S_circular_insula_ant 569 378 987 3.153 0.463 0.102 0.024 3 0.6
S_circular_insula_inf 1485 930 2505 3.142 0.799 0.079 0.015 4 1.0
S_circular_insula_sup 1552 975 2067 2.563 0.410 0.090 0.018 6 1.3
S_collat_transv_ant 904 624 1426 2.515 0.702 0.112 0.022 8 1.0
S_collat_transv_post 662 442 727 1.980 0.284 0.124 0.024 6 0.6
S_front_inf 2380 1587 3613 2.314 0.500 0.109 0.021 16 2.1
S_front_middle 1816 1228 2461 2.289 0.431 0.110 0.021 12 1.8
S_front_sup 3835 2630 6867 2.526 0.519 0.111 0.023 29 3.6
S_interm_prim-Jensen 250 163 390 2.303 0.510 0.082 0.011 1 0.1
S_intrapariet_and_P_trans 3367 2219 4247 2.032 0.374 0.110 0.018 24 2.7
S_oc_middle_and_Lunatus 1265 828 1347 1.850 0.338 0.103 0.019 7 1.0
S_oc_sup_and_transversal 1750 1149 2281 2.166 0.352 0.108 0.020 13 1.4
S_occipital_ant 1041 675 1685 2.311 0.560 0.086 0.014 6 0.6
S_oc-temp_lat 1080 780 2388 2.861 0.584 0.123 0.027 11 1.2
S_oc-temp_med_and_Lingual 2426 1689 3763 2.249 0.526 0.117 0.024 21 2.2
S_orbital_lateral 479 324 640 2.112 0.494 0.122 0.024 4 0.5
S_orbital_med-olfact 757 509 978 2.187 0.570 0.120 0.024 6 0.9
S_orbital-H_Shaped 1526 1093 2753 2.405 0.620 0.124 0.026 14 1.7
S_parieto_occipital 1766 1234 2684 2.239 0.420 0.113 0.022 13 1.6
S_pericallosal 1486 920 1666 2.075 0.753 0.133 0.026 23 1.6
S_postcentral 4230 2817 6011 2.225 0.469 0.110 0.020 33 3.8
S_precentral-inf-part 1549 990 2434 2.740 0.413 0.093 0.018 7 1.2
S_precentral-sup-part 1073 708 1743 2.602 0.464 0.093 0.021 5 0.9
S_suborbital 1034 692 1613 2.407 0.768 0.113 0.022 9 0.8
S_subparietal 1085 751 1847 2.384 0.615 0.115 0.023 7 1.1
S_temporal_inf 1790 1205 3066 2.556 0.557 0.117 0.023 14 1.9
S_temporal_sup 7577 5030 12448 2.526 0.573 0.099 0.019 52 6.1
S_temporal_transverse 434 296 594 2.595 0.663 0.120 0.023 4 0.5
