StructName NumVert SurfArea GrayVol ThickAvg ThickStd MeanCurv GausCurv FoldInd CurvInd
G_and_S_frontomargin 1113 874 2124 2.340 0.507 0.149 0.032 15 1.7
G_and_S_occipital_inf 1964 1395 3682 2.283 0.566 0.138 0.029 26 2.2
G_and_S_paracentral 1538 958 2768 2.444 0.506 0.104 0.024 14 1.3
G_and_S_subcentral 1567 1010 3088 2.735 0.487 0.111 0.024 13 1.5
G_and_S_transv_frontopol 887 683 2136 2.536 0.427 0.172 0.047 19 1.9
G_and_S_cingul-Ant 2909 2003 5304 2.504 0.451 0.116 0.023 32 2.8
G_and_S_cingul-Mid-Ant 1321 861 2180 2.443 0.506 0.095 0.015 7 0.9
G_and_S_cingul-Mid-Post 1632 1107 2491 2.265 0.527 0.115 0.024 13 1.6
G_cingul-Post-dorsal 743 525 1915 2.824 0.612 0.140 0.031 10 0.9
G_cingul-Post-ventral 315 215 656 2.389 0.850 0.129 0.045 4 0.4
G_cuneus 2146 1412 2577 1.627 0.544 0.132 0.027 25 2.5
G_front_inf-Opercular 1603 1041 3809 2.820 0.442 0.118 0.026 21 1.7
G_front_inf-Orbital 495 347 1154 2.419 0.485 0.137 0.028 7 0.6
G_front_inf-Triangul 1858 1249 3312 2.314 0.499 0.118 0.023 20 1.7
G_front_middle 4878 3337 11116 2.586 0.541 0.125 0.026 62 5.0
G_front_sup 7492 5060 18256 2.927 0.516 0.126 0.030 79 8.7
G_Ins_lg_and_S_cent_ins 825 554 1630 2.900 0.875 0.129 0.036 12 1.0
G_insular_short 887 575 2634 3.369 0.692 0.110 0.029 10 1.1
G_occipital_middle 2728 1824 5142 2.252 0.504 0.140 0.029 38 3.4
G_occipital_sup 1743 1162 2783 2.119 0.499 0.148 0.034 24 2.5
G_oc-temp_lat-fusifor 2453 1702 5662 2.627 0.545 0.135 0.032 33 3.1
G_oc-temp_med-Lingual 2423 1645 3233 1.697 0.586 0.141 0.034 29 3.4
G_oc-temp_med-Parahip 2105 1406 5802 2.879 0.974 0.116 0.035 26 2.8
G_orbital 2488 1794 5739 2.553 0.691 0.133 0.033 35 3.1
G_pariet_inf-Angular 3058 2219 6629 2.368 0.556 0.142 0.028 50 3.8
G_pariet_inf-Supramar 3283 2246 7498 2.731 0.502 0.122 0.027 40 3.4
G_parietal_sup 2677 1877 5017 2.168 0.516 0.128 0.025 32 2.9
G_postcentral 2986 1812 4865 2.184 0.543 0.111 0.022 29 2.9
G_precentral 3178 1874 7525 2.971 0.551 0.096 0.020 25 2.5
G_precuneus 3447 2383 6937 2.334 0.585 0.141 0.034 50 4.5
G_rectus 1077 809 2624 2.598 0.606 0.149 0.045 20 2.1
G_subcallosal 855 540 1313 2.420 0.800 0.108 0.039 9 1.1
G_temp_sup-G_T_transv 752 446 1527 2.659 0.409 0.106 0.022 7 0.7
G_temp_sup-Lateral 2703 1776 6693 2.935 0.726 0.126 0.027 35 2.8
G_temp_sup-Plan_polar 662 447 1848 3.483 0.812 0.084 0.018 3 0.5
G_temp_sup-Plan_tempo 1209 821 2398 2.596 0.535 0.101 0.019 9 0.9
G_temporal_inf 2535 1935 7302 2.801 0.644 0.142 0.033 43 3.4
G_temporal_middle 2964 2083 8622 2.961 0.671 0.139 0.030 44 3.9
Lat_Fis-ant-Horizont 336 219 345 1.915 0.368 0.096 0.015 2 0.2
Lat_Fis-ant-Vertical 170 120 275 2.281 0.429 0.072 0.007 0 0.0
Lat_Fis-post 1452 951 1893 2.421 0.441 0.104 0.018 9 1.2
Pole_occipital 2155 1408 3178 1.966 0.588 0.142 0.033 28 3.0
Pole_temporal 1661 1265 5927 3.303 0.774 0.141 0.037 22 2.7
S_calcarine 2170 1458 2292 1.765 0.671 0.111 0.023 17 2.0
S_central 3647 2415 4307 2.041 0.627 0.100 0.019 18 3.0
S_cingul-Marginalis 1071 706 1360 2.121 0.464 0.091 0.014 5 0.7
S_circular_insula_ant 622 413 993 2.769 0.643 0.095 0.017 2 0.5
S_circular_insula_inf 1731 1162 2745 2.912 0.769 0.089 0.016 7 1.3
S_circular_insula_sup 2071 1355 2891 2.556 0.511 0.097 0.017 8 1.6
S_collat_transv_ant 901 623 1546 2.824 0.448 0.109 0.019 6 0.7
S_collat_transv_post 610 432 659 1.916 0.433 0.151 0.036 6 1.0
S_front_inf 2979 2033 4675 2.289 0.472 0.118 0.022 24 2.8
S_front_middle 2399 1612 3231 2.158 0.402 0.106 0.018 16 1.9
S_front_sup 3073 2069 4873 2.470 0.446 0.096 0.015 17 2.0
S_interm_prim-Jensen 466 309 574 2.290 0.354 0.090 0.011 2 0.3
S_intrapariet_and_P_trans 2885 1982 3497 1.925 0.429 0.111 0.019 23 2.3
S_oc_middle_and_Lunatus 1251 852 1441 2.044 0.467 0.131 0.024 11 1.4
S_oc_sup_and_transversal 1517 1023 1840 1.917 0.463 0.117 0.021 11 1.4
S_occipital_ant 747 494 748 1.854 0.468 0.105 0.015 5 0.5
S_oc-temp_lat 1339 912 1877 2.383 0.408 0.114 0.020 10 1.2
S_oc-temp_med_and_Lingual 2714 1846 3487 2.056 0.602 0.113 0.027 23 3.1
S_orbital_lateral 390 264 487 2.126 0.489 0.129 0.023 4 0.4
S_orbital_med-olfact 820 549 1067 2.389 0.650 0.110 0.019 5 0.7
S_orbital-H_Shaped 1414 962 2496 2.582 0.595 0.120 0.027 12 1.5
S_parieto_occipital 2301 1527 2909 2.143 0.541 0.114 0.021 16 2.0
S_pericallosal 1479 944 1356 1.714 0.572 0.114 0.023 20 1.5
S_postcentral 3579 2383 4893 2.226 0.542 0.109 0.020 26 3.1
S_precentral-inf-part 1555 1029 2404 2.445 0.435 0.097 0.015 9 1.0
S_precentral-sup-part 1612 1098 2453 2.554 0.382 0.104 0.018 9 1.3
S_suborbital 872 595 1283 2.451 0.504 0.121 0.021 8 0.8
S_subparietal 1487 1003 1992 2.199 0.398 0.117 0.024 10 1.5
S_temporal_inf 2012 1410 2698 2.308 0.565 0.114 0.020 15 2.0
S_temporal_sup 7250 4973 10946 2.351 0.479 0.108 0.020 54 6.4
S_temporal_transverse 592 407 780 2.290 0.414 0.102 0.016 3 0.4
