StructName NumVert SurfArea GrayVol ThickAvg ThickStd MeanCurv GausCurv FoldInd CurvInd
G_and_S_frontomargin 1335 976 2569 2.203 0.607 0.138 0.031 18 1.6
G_and_S_occipital_inf 2149 1455 4372 2.610 0.556 0.129 0.025 23 2.3
G_and_S_paracentral 1931 1193 2987 2.195 0.585 0.113 0.022 20 1.7
G_and_S_subcentral 1235 844 2839 2.890 0.527 0.128 0.029 15 1.4
G_and_S_transv_frontopol 770 627 1990 2.513 0.561 0.174 0.041 19 1.4
G_and_S_cingul-Ant 2213 1604 4888 2.817 0.603 0.126 0.026 27 2.6
G_and_S_cingul-Mid-Ant 1222 814 2160 2.580 0.483 0.086 0.015 7 0.8
G_and_S_cingul-Mid-Post 1502 997 2601 2.609 0.447 0.109 0.021 11 1.3
G_cingul-Post-dorsal 561 401 1459 2.767 0.659 0.147 0.033 8 0.8
G_cingul-Post-ventral 331 224 856 2.919 0.839 0.137 0.033 5 0.4
G_cuneus 2731 1799 3199 1.655 0.497 0.147 0.036 36 4.1
G_front_inf-Opercular 1175 768 3524 3.210 0.461 0.111 0.022 13 1.0
G_front_inf-Orbital 412 266 1207 3.010 0.501 0.141 0.025 6 0.4
G_front_inf-Triangul 1278 855 3340 2.833 0.618 0.118 0.022 15 1.3
G_front_middle 5207 3546 13269 2.782 0.581 0.126 0.026 67 5.4
G_front_sup 8515 5680 21837 3.003 0.607 0.121 0.026 90 8.8
G_Ins_lg_and_S_cent_ins 708 481 1641 3.293 0.638 0.132 0.041 8 1.1
G_insular_short 720 462 2302 3.682 0.492 0.115 0.027 8 0.7
G_occipital_middle 2693 1722 6078 2.641 0.542 0.133 0.029 37 3.1
G_occipital_sup 1953 1254 2958 2.073 0.577 0.134 0.027 22 2.4
G_oc-temp_lat-fusifor 2569 1698 5322 2.631 0.638 0.117 0.025 27 2.4
G_oc-temp_med-Lingual 3583 2379 5458 1.939 0.663 0.137 0.031 43 4.7
G_oc-temp_med-Parahip 1393 877 3578 2.827 0.852 0.113 0.032 15 1.5
G_orbital 2506 1794 6340 2.657 0.709 0.136 0.036 41 3.4
G_pariet_inf-Angular 3865 2639 8000 2.502 0.529 0.131 0.026 54 4.3
G_pariet_inf-Supramar 3223 2177 7705 2.868 0.495 0.138 0.029 46 3.9
G_parietal_sup 3550 2409 6764 2.301 0.510 0.125 0.026 43 3.7
G_postcentral 2735 1690 4802 2.254 0.710 0.117 0.028 30 3.1
G_precentral 2860 1584 6311 2.956 0.657 0.103 0.024 27 2.6
G_precuneus 3501 2464 7103 2.397 0.503 0.141 0.031 55 4.2
G_rectus 1060 771 2729 2.735 0.591 0.144 0.031 23 1.4
G_subcallosal 629 413 1138 2.749 0.920 0.128 0.056 11 1.1
G_temp_sup-G_T_transv 491 314 887 2.450 0.641 0.102 0.024 5 0.5
G_temp_sup-Lateral 2385 1466 7384 3.373 0.649 0.110 0.021 28 2.1
G_temp_sup-Plan_polar 638 429 2020 3.919 0.573 0.094 0.022 4 0.5
G_temp_sup-Plan_tempo 870 567 1481 2.466 0.519 0.078 0.013 4 0.5
G_temporal_inf 2145 1506 5517 2.818 0.701 0.130 0.033 33 2.7
G_temporal_middle 2604 1708 8366 3.410 0.521 0.125 0.025 35 2.6
Lat_Fis-ant-Horizont 356 233 446 2.248 0.415 0.087 0.014 1 0.2
Lat_Fis-ant-Vertical 351 232 506 2.386 0.464 0.081 0.012 1 0.1
Lat_Fis-post 1007 669 1285 2.529 0.424 0.112 0.018 7 0.8
Pole_occipital 2397 1436 2819 1.848 0.482 0.135 0.033 32 3.1
Pole_temporal 1517 1171 5599 3.165 0.878 0.137 0.035 22 2.3
S_calcarine 2878 1988 2957 1.766 0.611 0.122 0.024 24 2.9
S_central 3156 2114 3364 1.818 0.560 0.114 0.024 21 3.1
S_cingul-Marginalis 1406 943 2010 2.366 0.444 0.105 0.017 10 1.1
S_circular_insula_ant 602 397 1016 3.172 0.499 0.106 0.020 3 0.5
S_circular_insula_inf 1400 900 2185 3.000 0.555 0.082 0.014 5 0.9
S_circular_insula_sup 1557 1009 2193 2.595 0.434 0.091 0.016 6 1.1
S_collat_transv_ant 939 653 1540 2.527 0.491 0.115 0.019 9 0.8
S_collat_transv_post 642 432 686 1.912 0.271 0.126 0.023 6 0.6
S_front_inf 2210 1493 3393 2.335 0.450 0.114 0.020 16 1.9
S_front_middle 1689 1157 2147 2.101 0.383 0.114 0.022 14 1.7
S_front_sup 3815 2594 6285 2.483 0.449 0.112 0.023 30 3.6
S_interm_prim-Jensen 278 183 384 2.113 0.373 0.071 0.007 1 0.1
S_intrapariet_and_P_trans 3456 2356 4579 2.137 0.386 0.115 0.021 27 2.9
S_oc_middle_and_Lunatus 1237 815 1337 1.961 0.321 0.109 0.019 8 1.0
S_oc_sup_and_transversal 1658 1095 2070 2.106 0.378 0.110 0.018 12 1.3
S_occipital_ant 896 578 1506 2.413 0.511 0.092 0.014 6 0.6
S_oc-temp_lat 982 716 2030 2.788 0.491 0.128 0.027 9 1.3
S_oc-temp_med_and_Lingual 2424 1665 3513 2.254 0.509 0.119 0.020 23 2.1
S_orbital_lateral 439 300 522 2.090 0.373 0.126 0.028 3 0.5
S_orbital_med-olfact 592 413 791 2.165 0.455 0.119 0.018 4 0.4
S_orbital-H_Shaped 1462 1036 2574 2.328 0.626 0.128 0.025 14 1.5
S_parieto_occipital 1814 1243 2410 2.178 0.496 0.124 0.027 17 2.0
S_pericallosal 1339 839 1303 1.930 0.624 0.132 0.023 22 1.3
S_postcentral 4020 2661 5629 2.221 0.495 0.113 0.021 30 3.7
S_precentral-inf-part 1477 966 2302 2.685 0.388 0.092 0.015 7 1.0
S_precentral-sup-part 1129 745 1780 2.530 0.484 0.092 0.017 5 0.9
S_suborbital 734 503 965 2.171 0.475 0.123 0.017 8 0.5
S_subparietal 992 703 1547 2.390 0.414 0.121 0.021 7 0.9
S_temporal_inf 1542 1064 2414 2.588 0.512 0.117 0.019 10 1.5
S_temporal_sup 7009 4644 11237 2.567 0.509 0.099 0.016 45 4.9
S_temporal_transverse 306 226 407 2.215 0.613 0.136 0.017 4 0.3
