StructName NumVert SurfArea GrayVol ThickAvg ThickStd MeanCurv GausCurv FoldInd CurvInd
G_and_S_frontomargin 1188 867 2069 2.266 0.530 0.138 0.032 14 1.7
G_and_S_occipital_inf 2099 1517 3859 2.228 0.553 0.144 0.032 26 2.8
G_and_S_paracentral 1622 945 2623 2.396 0.577 0.100 0.025 12 1.6
G_and_S_subcentral 1625 1030 3265 2.836 0.604 0.107 0.023 13 1.4
G_and_S_transv_frontopol 937 684 2202 2.468 0.546 0.155 0.038 16 1.6
G_and_S_cingul-Ant 2776 1912 5214 2.596 0.457 0.112 0.019 27 2.3
G_and_S_cingul-Mid-Ant 1380 885 2414 2.590 0.506 0.090 0.012 8 0.6
G_and_S_cingul-Mid-Post 1782 1153 2972 2.460 0.522 0.107 0.021 14 1.5
G_cingul-Post-dorsal 760 517 1789 2.709 0.629 0.141 0.030 11 1.0
G_cingul-Post-ventral 326 220 669 2.397 0.874 0.130 0.050 5 0.5
G_cuneus 2141 1411 2578 1.638 0.538 0.130 0.025 24 2.4
G_front_inf-Opercular 1590 1070 3783 2.809 0.479 0.127 0.028 20 1.9
G_front_inf-Orbital 464 302 1091 2.576 0.465 0.128 0.029 6 0.5
G_front_inf-Triangul 1831 1208 3570 2.492 0.499 0.117 0.025 20 1.7
G_front_middle 5090 3451 11461 2.594 0.542 0.123 0.025 62 5.0
G_front_sup 7407 5010 18148 2.963 0.507 0.127 0.029 78 8.6
G_Ins_lg_and_S_cent_ins 836 552 1719 3.061 0.877 0.119 0.041 11 1.2
G_insular_short 932 582 2738 3.493 0.723 0.112 0.028 10 1.1
G_occipital_middle 2862 1882 5411 2.282 0.514 0.134 0.028 38 3.3
G_occipital_sup 1759 1164 2853 2.155 0.531 0.146 0.032 24 2.3
G_oc-temp_lat-fusifor 2413 1736 5721 2.678 0.535 0.138 0.031 36 2.9
G_oc-temp_med-Lingual 2323 1612 3181 1.700 0.601 0.148 0.036 32 3.3
G_oc-temp_med-Parahip 2156 1380 5757 2.845 1.038 0.113 0.031 28 2.4
G_orbital 2597 1796 5881 2.577 0.667 0.128 0.032 36 3.1
G_pariet_inf-Angular 3004 2195 6762 2.412 0.545 0.137 0.028 49 3.6
G_pariet_inf-Supramar 3272 2269 7498 2.771 0.512 0.127 0.028 39 3.6
G_parietal_sup 2676 1888 5050 2.186 0.530 0.131 0.026 34 3.1
G_postcentral 2948 1823 4849 2.179 0.605 0.113 0.024 28 2.9
G_precentral 3270 1938 7580 2.957 0.489 0.100 0.019 27 2.4
G_precuneus 3515 2415 6920 2.316 0.577 0.139 0.034 47 4.7
G_rectus 999 767 2589 2.610 0.554 0.151 0.038 20 1.8
G_subcallosal 673 419 1136 2.678 0.695 0.101 0.033 6 0.7
G_temp_sup-G_T_transv 895 477 1739 2.773 0.442 0.093 0.023 8 0.7
G_temp_sup-Lateral 2711 1749 6936 2.991 0.694 0.127 0.028 35 3.0
G_temp_sup-Plan_polar 654 434 1784 3.407 0.761 0.086 0.024 3 0.5
G_temp_sup-Plan_tempo 1212 804 2340 2.644 0.616 0.098 0.019 8 0.9
G_temporal_inf 2352 1780 6811 2.829 0.651 0.140 0.032 40 3.2
G_temporal_middle 3132 2190 9095 3.013 0.627 0.133 0.030 45 3.7
Lat_Fis-ant-Horizont 375 249 421 2.005 0.316 0.094 0.016 2 0.2
Lat_Fis-ant-Vertical 226 149 296 2.153 0.332 0.082 0.009 1 0.1
Lat_Fis-post 1434 947 1887 2.485 0.530 0.108 0.021 9 1.3
Pole_occipital 2198 1471 3082 1.878 0.577 0.145 0.034 27 3.1
Pole_temporal 1617 1242 5905 3.311 0.760 0.141 0.035 24 2.3
S_calcarine 2178 1457 2345 1.790 0.717 0.107 0.020 15 1.8
S_central 3748 2457 4297 2.031 0.627 0.098 0.019 19 3.0
S_cingul-Marginalis 1125 743 1446 2.189 0.479 0.089 0.013 4 0.7
S_circular_insula_ant 664 437 1110 3.020 0.620 0.092 0.017 2 0.5
S_circular_insula_inf 1767 1165 2734 2.944 0.756 0.090 0.016 8 1.2
S_circular_insula_sup 2039 1327 2843 2.708 0.494 0.096 0.017 8 1.5
S_collat_transv_ant 922 640 1556 2.728 0.483 0.100 0.014 5 0.6
S_collat_transv_post 647 449 684 1.930 0.464 0.146 0.034 6 1.0
S_front_inf 3055 2094 4729 2.328 0.442 0.120 0.022 26 2.8
S_front_middle 2275 1531 3137 2.249 0.383 0.104 0.018 16 1.8
S_front_sup 3101 2104 5139 2.582 0.466 0.096 0.017 16 2.2
S_interm_prim-Jensen 487 327 625 2.392 0.340 0.091 0.010 2 0.2
S_intrapariet_and_P_trans 2828 1905 3425 1.953 0.422 0.109 0.021 22 2.4
S_oc_middle_and_Lunatus 1303 878 1476 2.033 0.425 0.129 0.023 12 1.5
S_oc_sup_and_transversal 1586 1044 1857 1.927 0.441 0.116 0.022 12 1.5
S_occipital_ant 780 517 888 1.968 0.352 0.109 0.016 7 0.5
S_oc-temp_lat 1388 938 2034 2.473 0.442 0.111 0.021 9 1.3
S_oc-temp_med_and_Lingual 2788 1891 3696 2.133 0.594 0.110 0.025 22 3.0
S_orbital_lateral 347 242 492 2.261 0.672 0.127 0.023 4 0.3
S_orbital_med-olfact 840 559 1098 2.407 0.696 0.103 0.016 5 0.6
S_orbital-H_Shaped 1446 1006 2717 2.803 0.641 0.126 0.028 13 1.9
S_parieto_occipital 2345 1524 2773 2.086 0.544 0.110 0.020 16 2.0
S_pericallosal 1653 1039 1381 1.592 0.580 0.109 0.018 23 1.2
S_postcentral 3668 2402 5030 2.261 0.565 0.106 0.020 24 3.1
S_precentral-inf-part 1389 931 2190 2.495 0.418 0.097 0.015 7 0.9
S_precentral-sup-part 1633 1096 2476 2.602 0.354 0.101 0.017 9 1.2
S_suborbital 892 616 1382 2.500 0.540 0.125 0.021 9 0.9
S_subparietal 1514 1035 2055 2.277 0.428 0.120 0.025 10 1.6
S_temporal_inf 2064 1461 2892 2.331 0.543 0.116 0.019 17 1.9
S_temporal_sup 7137 4841 10770 2.399 0.443 0.104 0.019 50 5.7
S_temporal_transverse 542 378 700 2.396 0.520 0.109 0.015 3 0.3
