StructName NumVert SurfArea GrayVol ThickAvg ThickStd MeanCurv GausCurv FoldInd CurvInd
G_and_S_frontomargin 1341 1017 2929 2.404 0.621 0.146 0.031 23 1.7
G_and_S_occipital_inf 2088 1401 4077 2.488 0.563 0.132 0.026 23 2.3
G_and_S_paracentral 1897 1118 2936 2.291 0.631 0.106 0.022 18 1.6
G_and_S_subcentral 1270 843 2832 2.863 0.549 0.129 0.029 16 1.4
G_and_S_transv_frontopol 841 643 2001 2.522 0.509 0.156 0.038 14 1.3
G_and_S_cingul-Ant 2261 1612 4958 2.913 0.531 0.125 0.026 25 2.8
G_and_S_cingul-Mid-Ant 1218 810 2178 2.660 0.528 0.085 0.013 7 0.7
G_and_S_cingul-Mid-Post 1530 1020 2681 2.651 0.489 0.107 0.020 10 1.4
G_cingul-Post-dorsal 567 411 1556 2.792 0.684 0.152 0.039 9 0.9
G_cingul-Post-ventral 306 194 790 2.975 0.784 0.130 0.027 4 0.3
G_cuneus 2772 1819 3435 1.737 0.525 0.150 0.036 39 4.3
G_front_inf-Opercular 1265 812 3735 3.218 0.490 0.107 0.020 14 1.0
G_front_inf-Orbital 397 241 1192 3.181 0.512 0.131 0.024 6 0.4
G_front_inf-Triangul 1312 863 3363 2.834 0.571 0.112 0.022 14 1.2
G_front_middle 5440 3516 13806 2.881 0.569 0.120 0.025 64 5.5
G_front_sup 8608 5721 22356 3.075 0.587 0.122 0.025 95 8.9
G_Ins_lg_and_S_cent_ins 794 535 1820 3.229 0.753 0.132 0.043 10 1.0
G_insular_short 802 490 2359 3.541 0.668 0.109 0.024 8 0.7
G_occipital_middle 2576 1693 5752 2.578 0.517 0.133 0.029 34 3.0
G_occipital_sup 1891 1227 2837 2.071 0.537 0.133 0.026 22 2.2
G_oc-temp_lat-fusifor 2643 1736 5549 2.634 0.590 0.121 0.025 31 2.5
G_oc-temp_med-Lingual 3510 2369 5394 1.924 0.639 0.138 0.033 43 4.8
G_oc-temp_med-Parahip 1671 1061 3804 2.642 0.809 0.127 0.042 22 2.7
G_orbital 2363 1701 6584 2.954 0.722 0.140 0.034 41 3.2
G_pariet_inf-Angular 3683 2521 7714 2.448 0.547 0.129 0.024 49 3.8
G_pariet_inf-Supramar 3255 2252 7749 2.830 0.511 0.143 0.030 50 4.0
G_parietal_sup 3500 2314 6433 2.278 0.497 0.121 0.024 42 3.6
G_postcentral 2710 1699 4667 2.225 0.643 0.123 0.028 30 3.3
G_precentral 3070 1728 6578 2.875 0.709 0.108 0.025 30 2.9
G_precuneus 3539 2394 7315 2.448 0.518 0.133 0.026 51 3.8
G_rectus 1023 742 2629 2.725 0.590 0.144 0.035 20 1.5
G_subcallosal 775 500 1279 2.498 0.824 0.133 0.059 13 1.7
G_temp_sup-G_T_transv 489 316 886 2.425 0.645 0.103 0.024 5 0.5
G_temp_sup-Lateral 2305 1421 7278 3.385 0.673 0.109 0.019 26 1.9
G_temp_sup-Plan_polar 572 402 1846 3.728 0.675 0.096 0.024 3 0.4
G_temp_sup-Plan_tempo 845 556 1407 2.386 0.482 0.079 0.012 4 0.4
G_temporal_inf 1996 1396 5187 2.888 0.654 0.130 0.034 31 2.5
G_temporal_middle 2701 1771 8517 3.340 0.566 0.126 0.028 36 2.9
Lat_Fis-ant-Horizont 364 240 476 2.386 0.457 0.087 0.013 1 0.2
Lat_Fis-ant-Vertical 368 247 564 2.544 0.462 0.080 0.011 1 0.1
Lat_Fis-post 969 642 1228 2.503 0.384 0.111 0.020 6 0.8
Pole_occipital 2108 1356 2820 1.922 0.487 0.147 0.034 31 2.8
Pole_temporal 1566 1163 5473 3.198 0.772 0.145 0.047 20 3.2
S_calcarine 2901 1973 3001 1.786 0.601 0.118 0.022 24 2.6
S_central 3248 2196 3528 1.839 0.599 0.115 0.024 21 3.3
S_cingul-Marginalis 1343 903 1890 2.356 0.511 0.103 0.017 10 0.9
S_circular_insula_ant 559 379 960 3.225 0.472 0.107 0.021 3 0.5
S_circular_insula_inf 1420 924 2286 3.044 0.531 0.080 0.015 5 0.8
S_circular_insula_sup 1496 979 2124 2.715 0.376 0.093 0.017 5 1.1
S_collat_transv_ant 910 612 1455 2.469 0.523 0.110 0.020 8 0.8
S_collat_transv_post 721 493 777 1.878 0.281 0.131 0.023 7 0.8
S_front_inf 2336 1564 3616 2.437 0.433 0.113 0.020 17 2.0
S_front_middle 1805 1217 2341 2.220 0.379 0.110 0.020 12 1.7
S_front_sup 3877 2637 6612 2.596 0.426 0.109 0.023 28 3.4
S_interm_prim-Jensen 254 168 331 2.016 0.350 0.065 0.007 0 0.1
S_intrapariet_and_P_trans 3852 2572 4945 2.106 0.403 0.113 0.019 30 3.0
S_oc_middle_and_Lunatus 1200 783 1255 1.882 0.328 0.105 0.019 8 0.9
S_oc_sup_and_transversal 1599 1047 1966 2.087 0.354 0.110 0.019 11 1.2
S_occipital_ant 1172 740 1673 2.208 0.436 0.090 0.013 7 0.5
S_oc-temp_lat 996 708 2080 2.887 0.516 0.122 0.023 9 1.2
S_oc-temp_med_and_Lingual 2521 1694 3472 2.192 0.476 0.116 0.021 22 2.2
S_orbital_lateral 507 358 674 2.210 0.373 0.123 0.024 4 0.5
S_orbital_med-olfact 648 455 935 2.364 0.572 0.117 0.015 5 0.4
S_orbital-H_Shaped 1424 1016 2818 2.664 0.589 0.126 0.023 13 1.4
S_parieto_occipital 1812 1217 2419 2.217 0.483 0.121 0.026 16 1.9
S_pericallosal 1419 883 1436 2.051 0.787 0.132 0.026 25 1.3
S_postcentral 4176 2764 5807 2.231 0.466 0.112 0.019 32 3.6
S_precentral-inf-part 1494 970 2273 2.687 0.392 0.090 0.014 6 0.9
S_precentral-sup-part 1056 687 1644 2.532 0.463 0.094 0.019 5 0.8
S_suborbital 768 530 1053 2.285 0.476 0.122 0.018 8 0.7
S_subparietal 1069 755 1712 2.452 0.456 0.122 0.022 8 1.0
S_temporal_inf 1661 1137 2766 2.592 0.499 0.118 0.019 12 1.6
S_temporal_sup 6752 4495 10847 2.561 0.545 0.101 0.017 43 4.9
S_temporal_transverse 331 253 449 2.276 0.605 0.139 0.023 4 0.4
