StructName NumVert SurfArea GrayVol ThickAvg ThickStd MeanCurv GausCurv FoldInd CurvInd
G_and_S_frontomargin 1231 932 2253 2.313 0.498 0.145 0.032 16 1.8
G_and_S_occipital_inf 2036 1447 3780 2.223 0.558 0.140 0.029 26 2.4
G_and_S_paracentral 1547 911 2643 2.449 0.579 0.100 0.022 11 1.4
G_and_S_subcentral 1652 1050 3132 2.729 0.546 0.114 0.029 14 1.8
G_and_S_transv_frontopol 927 673 2187 2.605 0.422 0.158 0.035 16 1.3
G_and_S_cingul-Ant 2792 1920 5289 2.631 0.446 0.113 0.020 26 2.4
G_and_S_cingul-Mid-Ant 1337 867 2309 2.615 0.481 0.095 0.012 8 0.7
G_and_S_cingul-Mid-Post 1728 1175 2816 2.344 0.558 0.114 0.019 14 1.4
G_cingul-Post-dorsal 743 526 1841 2.694 0.655 0.143 0.035 11 1.0
G_cingul-Post-ventral 335 223 640 2.368 0.811 0.122 0.033 4 0.3
G_cuneus 2102 1445 2661 1.641 0.500 0.137 0.026 25 2.5
G_front_inf-Opercular 1613 1084 3810 2.810 0.463 0.126 0.027 22 1.7
G_front_inf-Orbital 510 309 1121 2.593 0.475 0.115 0.023 6 0.5
G_front_inf-Triangul 1810 1191 3500 2.500 0.490 0.121 0.023 19 1.7
G_front_middle 5216 3447 11650 2.634 0.532 0.118 0.023 60 4.7
G_front_sup 7668 5145 18197 2.932 0.459 0.126 0.028 81 8.7
G_Ins_lg_and_S_cent_ins 788 544 1772 3.278 0.718 0.134 0.036 9 1.1
G_insular_short 880 589 2726 3.525 0.710 0.115 0.028 11 0.8
G_occipital_middle 2534 1714 4771 2.212 0.478 0.135 0.027 36 2.8
G_occipital_sup 1635 1137 2711 2.102 0.476 0.149 0.031 23 2.2
G_oc-temp_lat-fusifor 2324 1625 5281 2.600 0.488 0.132 0.031 33 2.5
G_oc-temp_med-Lingual 2281 1612 3453 1.796 0.648 0.142 0.034 30 3.1
G_oc-temp_med-Parahip 2100 1433 5635 2.831 0.935 0.118 0.034 26 2.8
G_orbital 2594 1833 6086 2.640 0.656 0.125 0.028 33 2.9
G_pariet_inf-Angular 3054 2182 6460 2.340 0.546 0.138 0.027 47 3.7
G_pariet_inf-Supramar 3743 2358 7614 2.710 0.533 0.117 0.028 47 4.1
G_parietal_sup 2644 1870 4957 2.166 0.491 0.129 0.024 34 2.6
G_postcentral 3139 1839 4831 2.161 0.596 0.107 0.025 29 3.2
G_precentral 3326 1916 7662 2.951 0.535 0.094 0.020 26 2.5
G_precuneus 3311 2335 6788 2.346 0.550 0.142 0.033 49 4.3
G_rectus 1047 781 2612 2.634 0.563 0.140 0.031 18 1.4
G_subcallosal 803 492 1311 2.527 0.875 0.095 0.033 6 0.8
G_temp_sup-G_T_transv 712 420 1418 2.632 0.422 0.095 0.022 6 0.6
G_temp_sup-Lateral 2907 1798 6922 2.932 0.714 0.125 0.030 38 3.5
G_temp_sup-Plan_polar 697 452 1879 3.615 0.805 0.074 0.015 3 0.4
G_temp_sup-Plan_tempo 1356 864 2350 2.558 0.611 0.094 0.021 9 1.0
G_temporal_inf 2799 2134 7704 2.693 0.778 0.157 0.044 62 5.1
G_temporal_middle 3220 2246 8953 2.860 0.708 0.135 0.033 45 4.1
Lat_Fis-ant-Horizont 390 254 444 2.051 0.337 0.090 0.015 2 0.2
Lat_Fis-ant-Vertical 259 173 416 2.375 0.417 0.065 0.008 1 0.1
Lat_Fis-post 1524 1002 2016 2.511 0.528 0.107 0.019 9 1.3
Pole_occipital 2180 1524 3308 1.912 0.531 0.149 0.033 29 3.0
Pole_temporal 1718 1316 5750 3.073 0.753 0.142 0.039 24 3.0
S_calcarine 2085 1411 2328 1.818 0.707 0.109 0.021 15 1.8
S_central 3831 2508 4388 2.031 0.610 0.098 0.019 19 3.1
S_cingul-Marginalis 1163 767 1500 2.195 0.497 0.088 0.013 5 0.7
S_circular_insula_ant 633 429 1064 2.932 0.640 0.095 0.016 2 0.5
S_circular_insula_inf 1795 1185 2899 3.000 0.753 0.089 0.017 8 1.3
S_circular_insula_sup 2057 1338 2972 2.780 0.514 0.094 0.016 8 1.5
S_collat_transv_ant 1011 702 1678 2.658 0.430 0.106 0.017 6 0.8
S_collat_transv_post 658 461 725 1.938 0.403 0.142 0.031 6 0.9
S_front_inf 3118 2126 4765 2.337 0.416 0.118 0.022 26 2.9
S_front_middle 2374 1571 3143 2.243 0.386 0.102 0.018 15 1.9
S_front_sup 3257 2169 5238 2.571 0.417 0.095 0.015 17 2.1
S_interm_prim-Jensen 506 343 672 2.379 0.352 0.093 0.012 2 0.3
S_intrapariet_and_P_trans 2810 1940 3457 1.935 0.426 0.108 0.018 21 2.2
S_oc_middle_and_Lunatus 1310 863 1436 2.001 0.402 0.128 0.025 11 1.5
S_oc_sup_and_transversal 1465 986 1751 1.886 0.428 0.116 0.020 11 1.3
S_occipital_ant 675 442 646 1.809 0.377 0.100 0.016 4 0.4
S_oc-temp_lat 1285 872 1813 2.357 0.446 0.112 0.020 8 1.2
S_oc-temp_med_and_Lingual 2643 1810 3550 2.135 0.567 0.110 0.023 21 2.5
S_orbital_lateral 391 277 538 2.348 0.456 0.130 0.025 4 0.4
S_orbital_med-olfact 830 545 1059 2.461 0.736 0.100 0.014 5 0.5
S_orbital-H_Shaped 1418 998 2771 2.837 0.565 0.125 0.023 13 1.4
S_parieto_occipital 2336 1540 2845 2.110 0.526 0.112 0.020 17 2.0
S_pericallosal 1653 1036 1536 1.755 0.623 0.114 0.024 24 1.7
S_postcentral 3822 2524 5219 2.244 0.577 0.105 0.019 26 3.1
S_precentral-inf-part 1641 1075 2538 2.489 0.383 0.099 0.016 9 1.2
S_precentral-sup-part 1757 1168 2556 2.545 0.354 0.101 0.017 10 1.3
S_suborbital 897 622 1400 2.553 0.511 0.123 0.023 9 0.9
S_subparietal 1556 1078 2120 2.175 0.378 0.123 0.025 11 1.7
S_temporal_inf 2271 1549 2943 2.331 0.486 0.111 0.018 14 2.0
S_temporal_sup 7582 5105 11194 2.329 0.451 0.106 0.020 58 6.3
S_temporal_transverse 592 407 727 2.258 0.368 0.106 0.016 3 0.4
