StructName NumVert SurfArea GrayVol ThickAvg ThickStd MeanCurv GausCurv FoldInd CurvInd
G_and_S_frontomargin 1137 859 2110 2.288 0.563 0.144 0.033 14 1.7
G_and_S_occipital_inf 2108 1503 3880 2.244 0.595 0.140 0.032 25 2.7
G_and_S_paracentral 1619 1022 2789 2.360 0.506 0.107 0.023 13 1.6
G_and_S_subcentral 1617 1040 3166 2.779 0.595 0.111 0.025 13 1.5
G_and_S_transv_frontopol 913 669 2145 2.512 0.457 0.158 0.037 16 1.4
G_and_S_cingul-Ant 2890 1982 5490 2.621 0.452 0.112 0.021 27 2.6
G_and_S_cingul-Mid-Ant 1325 876 2229 2.493 0.460 0.099 0.013 8 0.8
G_and_S_cingul-Mid-Post 1682 1116 2700 2.419 0.588 0.109 0.020 13 1.4
G_cingul-Post-dorsal 694 478 1707 2.710 0.629 0.141 0.033 10 0.9
G_cingul-Post-ventral 362 237 694 2.391 0.757 0.137 0.041 5 0.4
G_cuneus 2204 1440 2705 1.675 0.556 0.131 0.027 24 2.7
G_front_inf-Opercular 1547 1044 3814 2.808 0.479 0.125 0.027 18 1.7
G_front_inf-Orbital 507 341 1156 2.500 0.499 0.137 0.024 7 0.5
G_front_inf-Triangul 1693 1151 3231 2.404 0.566 0.127 0.026 20 1.8
G_front_middle 4759 3254 10903 2.595 0.558 0.125 0.024 58 4.6
G_front_sup 7368 5065 18029 2.901 0.500 0.129 0.029 80 8.9
G_Ins_lg_and_S_cent_ins 904 608 1807 2.988 0.804 0.130 0.040 14 1.2
G_insular_short 895 579 2734 3.489 0.733 0.113 0.031 10 1.0
G_occipital_middle 2474 1666 4783 2.271 0.496 0.138 0.028 34 2.9
G_occipital_sup 1719 1152 2684 2.089 0.490 0.147 0.034 23 2.4
G_oc-temp_lat-fusifor 2659 1865 6125 2.663 0.517 0.134 0.030 39 3.0
G_oc-temp_med-Lingual 2359 1663 3104 1.644 0.579 0.146 0.034 31 3.3
G_oc-temp_med-Parahip 1953 1249 5059 2.911 0.933 0.111 0.033 20 2.6
G_orbital 2543 1810 6097 2.684 0.695 0.128 0.030 33 3.0
G_pariet_inf-Angular 2935 2079 6471 2.431 0.549 0.137 0.028 49 3.4
G_pariet_inf-Supramar 3209 2185 7261 2.740 0.559 0.126 0.027 39 3.4
G_parietal_sup 2628 1831 4993 2.208 0.501 0.128 0.025 33 2.7
G_postcentral 2884 1784 4682 2.140 0.560 0.112 0.022 28 2.7
G_precentral 3228 1920 7540 2.935 0.519 0.101 0.020 27 2.4
G_precuneus 3530 2449 7126 2.351 0.559 0.139 0.033 50 4.4
G_rectus 1176 863 2772 2.565 0.589 0.142 0.038 23 1.9
G_subcallosal 810 532 1265 2.506 0.780 0.112 0.041 8 1.2
G_temp_sup-G_T_transv 815 461 1557 2.604 0.424 0.093 0.022 7 0.6
G_temp_sup-Lateral 2829 1864 7014 2.925 0.712 0.130 0.029 36 3.2
G_temp_sup-Plan_polar 631 426 1734 3.536 0.627 0.089 0.020 3 0.4
G_temp_sup-Plan_tempo 1201 814 2337 2.597 0.591 0.102 0.021 9 1.1
G_temporal_inf 2625 1949 7556 2.885 0.691 0.138 0.032 47 3.2
G_temporal_middle 2960 2086 8869 3.034 0.721 0.133 0.030 45 3.5
Lat_Fis-ant-Horizont 348 230 375 1.993 0.440 0.099 0.018 2 0.2
Lat_Fis-ant-Vertical 269 179 381 2.219 0.398 0.076 0.008 1 0.1
Lat_Fis-post 1423 945 1855 2.441 0.510 0.110 0.020 9 1.3
Pole_occipital 2416 1607 3516 1.926 0.561 0.147 0.033 31 3.4
Pole_temporal 1629 1273 5878 3.213 0.797 0.150 0.038 23 2.8
S_calcarine 2139 1446 2320 1.812 0.685 0.108 0.021 15 1.8
S_central 3727 2458 4282 2.035 0.601 0.098 0.019 19 3.0
S_cingul-Marginalis 1124 756 1528 2.229 0.443 0.090 0.013 4 0.7
S_circular_insula_ant 618 413 985 2.845 0.566 0.095 0.019 3 0.5
S_circular_insula_inf 1817 1213 2849 2.888 0.688 0.088 0.016 8 1.3
S_circular_insula_sup 2106 1370 3031 2.707 0.515 0.095 0.017 8 1.6
S_collat_transv_ant 917 646 1591 2.912 0.459 0.107 0.018 4 0.8
S_collat_transv_post 687 493 750 1.963 0.495 0.152 0.037 7 1.1
S_front_inf 3115 2143 4766 2.287 0.442 0.119 0.022 26 2.8
S_front_middle 2306 1544 3073 2.198 0.398 0.102 0.018 14 1.8
S_front_sup 3097 2109 5073 2.529 0.432 0.096 0.015 16 2.1
S_interm_prim-Jensen 474 321 613 2.384 0.378 0.094 0.013 2 0.3
S_intrapariet_and_P_trans 2902 2003 3527 1.930 0.413 0.110 0.019 21 2.4
S_oc_middle_and_Lunatus 1309 890 1505 2.058 0.415 0.134 0.025 12 1.5
S_oc_sup_and_transversal 1466 986 1786 1.932 0.443 0.115 0.019 10 1.3
S_occipital_ant 715 480 747 1.853 0.367 0.106 0.016 5 0.5
S_oc-temp_lat 1238 865 1861 2.535 0.406 0.119 0.021 8 1.3
S_oc-temp_med_and_Lingual 2401 1674 3193 2.123 0.653 0.116 0.027 22 2.7
S_orbital_lateral 396 270 523 2.270 0.605 0.120 0.022 3 0.4
S_orbital_med-olfact 761 507 943 2.339 0.556 0.109 0.020 5 0.7
S_orbital-H_Shaped 1395 989 2775 2.772 0.608 0.122 0.026 13 1.4
S_parieto_occipital 2309 1544 2877 2.166 0.531 0.115 0.021 16 2.1
S_pericallosal 1656 1067 1508 1.666 0.598 0.118 0.022 24 1.6
S_postcentral 3631 2411 5030 2.262 0.544 0.107 0.019 24 3.1
S_precentral-inf-part 1487 986 2285 2.468 0.458 0.097 0.015 8 1.0
S_precentral-sup-part 1763 1172 2615 2.483 0.397 0.100 0.016 10 1.2
S_suborbital 850 595 1317 2.465 0.576 0.123 0.023 8 0.8
S_subparietal 1460 1001 2027 2.304 0.374 0.119 0.025 9 1.6
S_temporal_inf 2068 1445 2883 2.456 0.575 0.113 0.019 13 1.9
S_temporal_sup 7157 4915 10910 2.368 0.448 0.106 0.019 51 5.9
S_temporal_transverse 590 398 705 2.262 0.465 0.106 0.016 3 0.4
