StructName NumVert SurfArea GrayVol ThickAvg ThickStd MeanCurv GausCurv FoldInd CurvInd
G_and_S_frontomargin 1142 849 1985 2.264 0.551 0.140 0.035 13 1.7
G_and_S_occipital_inf 2039 1446 3585 2.235 0.525 0.135 0.034 23 2.7
G_and_S_paracentral 1677 990 2595 2.254 0.582 0.104 0.024 12 1.7
G_and_S_subcentral 1502 1021 3059 2.705 0.561 0.118 0.027 14 1.6
G_and_S_transv_frontopol 861 679 2194 2.487 0.470 0.165 0.043 18 1.4
G_and_S_cingul-Ant 2928 2014 5113 2.448 0.505 0.111 0.021 28 2.4
G_and_S_cingul-Mid-Ant 1294 859 2204 2.490 0.493 0.097 0.015 8 0.8
G_and_S_cingul-Mid-Post 1660 1110 2769 2.438 0.492 0.108 0.019 14 1.3
G_cingul-Post-dorsal 770 538 1746 2.582 0.638 0.145 0.036 11 1.1
G_cingul-Post-ventral 269 172 450 2.221 0.697 0.137 0.038 4 0.3
G_cuneus 2227 1356 2678 1.787 0.488 0.127 0.030 26 3.0
G_front_inf-Opercular 1580 1118 3743 2.671 0.453 0.140 0.034 23 2.4
G_front_inf-Orbital 529 312 1066 2.478 0.449 0.107 0.020 7 0.4
G_front_inf-Triangul 1728 1202 3433 2.448 0.474 0.126 0.028 22 2.0
G_front_middle 4455 3266 10483 2.466 0.568 0.139 0.035 73 6.4
G_front_sup 7409 5049 17601 2.883 0.485 0.127 0.031 81 8.9
G_Ins_lg_and_S_cent_ins 786 536 1678 3.146 0.834 0.125 0.035 9 1.0
G_insular_short 990 634 2627 3.209 0.807 0.130 0.046 12 2.0
G_occipital_middle 2570 1666 4895 2.331 0.529 0.137 0.032 36 3.4
G_occipital_sup 1690 1116 2671 2.106 0.442 0.146 0.034 23 2.3
G_oc-temp_lat-fusifor 2362 1661 5653 2.666 0.491 0.137 0.034 36 3.4
G_oc-temp_med-Lingual 2393 1655 3231 1.674 0.600 0.144 0.036 32 3.7
G_oc-temp_med-Parahip 2193 1396 5477 2.912 0.913 0.110 0.031 27 2.4
G_orbital 2631 1844 6210 2.642 0.625 0.126 0.032 38 3.0
G_pariet_inf-Angular 2971 2178 6758 2.430 0.523 0.142 0.031 54 3.9
G_pariet_inf-Supramar 3178 2332 7478 2.621 0.540 0.137 0.033 44 4.0
G_parietal_sup 2525 1769 4904 2.218 0.502 0.129 0.027 34 2.7
G_postcentral 2751 1791 5009 2.213 0.552 0.117 0.026 30 2.9
G_precentral 3157 1945 6819 2.774 0.423 0.106 0.024 28 2.8
G_precuneus 3593 2407 6629 2.268 0.516 0.136 0.035 51 4.8
G_rectus 1168 830 2608 2.463 0.547 0.147 0.038 23 1.8
G_subcallosal 875 572 1353 2.486 0.848 0.117 0.035 10 1.0
G_temp_sup-G_T_transv 796 462 1582 2.656 0.406 0.097 0.024 8 0.7
G_temp_sup-Lateral 2644 1817 6696 2.882 0.662 0.134 0.032 38 3.4
G_temp_sup-Plan_polar 729 497 2020 3.569 0.831 0.081 0.018 3 0.5
G_temp_sup-Plan_tempo 1178 822 2267 2.483 0.546 0.114 0.024 11 1.2
G_temporal_inf 2657 1930 7333 2.766 0.687 0.144 0.040 49 4.2
G_temporal_middle 3002 2238 9063 2.928 0.603 0.144 0.035 52 4.2
Lat_Fis-ant-Horizont 358 245 446 2.190 0.347 0.095 0.015 2 0.2
Lat_Fis-ant-Vertical 219 147 324 2.290 0.251 0.082 0.012 1 0.1
Lat_Fis-post 1372 890 1749 2.448 0.502 0.105 0.021 8 1.3
Pole_occipital 2198 1463 3244 1.928 0.539 0.147 0.036 29 3.3
Pole_temporal 1749 1248 5562 3.197 0.751 0.128 0.035 22 2.4
S_calcarine 2145 1505 2463 1.849 0.675 0.117 0.027 17 2.6
S_central 3602 2394 4279 2.081 0.632 0.098 0.018 18 2.9
S_cingul-Marginalis 1118 732 1418 2.135 0.472 0.092 0.014 5 0.8
S_circular_insula_ant 637 429 1034 2.877 0.636 0.093 0.017 3 0.5
S_circular_insula_inf 1693 1143 2675 2.915 0.737 0.100 0.020 9 1.5
S_circular_insula_sup 2050 1336 2827 2.655 0.432 0.098 0.020 9 1.8
S_collat_transv_ant 994 670 1602 2.752 0.436 0.098 0.015 5 0.7
S_collat_transv_post 672 486 690 1.835 0.509 0.156 0.041 7 1.3
S_front_inf 2771 1897 4233 2.209 0.496 0.113 0.023 21 2.5
S_front_middle 2189 1527 3319 2.248 0.470 0.111 0.021 19 2.3
S_front_sup 2910 1991 4805 2.515 0.473 0.097 0.015 17 1.9
S_interm_prim-Jensen 430 301 575 2.253 0.518 0.097 0.014 2 0.3
S_intrapariet_and_P_trans 2687 1821 3247 1.954 0.456 0.109 0.020 19 2.1
S_oc_middle_and_Lunatus 1264 857 1535 2.086 0.446 0.132 0.025 12 1.4
S_oc_sup_and_transversal 1486 986 1826 1.969 0.436 0.116 0.023 11 1.5
S_occipital_ant 709 477 781 2.016 0.341 0.103 0.016 5 0.4
S_oc-temp_lat 1243 848 1858 2.582 0.571 0.113 0.022 8 1.3
S_oc-temp_med_and_Lingual 2716 1837 3659 2.231 0.573 0.112 0.025 22 2.7
S_orbital_lateral 395 269 509 2.208 0.484 0.127 0.025 3 0.4
S_orbital_med-olfact 906 589 1053 2.210 0.724 0.108 0.024 6 1.0
S_orbital-H_Shaped 1448 999 2557 2.623 0.578 0.131 0.028 14 1.8
S_parieto_occipital 2438 1583 2980 2.162 0.540 0.113 0.022 18 2.3
S_pericallosal 1621 1015 1443 1.669 0.687 0.119 0.025 30 1.8
S_postcentral 3647 2403 4902 2.214 0.527 0.108 0.020 25 3.2
S_precentral-inf-part 1567 1054 2368 2.340 0.455 0.102 0.018 10 1.2
S_precentral-sup-part 1622 1104 2310 2.391 0.443 0.102 0.016 10 1.2
S_suborbital 913 617 1316 2.393 0.571 0.121 0.021 10 0.8
S_subparietal 1505 1040 2078 2.179 0.357 0.127 0.028 12 1.8
S_temporal_inf 1987 1359 2631 2.333 0.567 0.106 0.018 13 1.7
S_temporal_sup 7144 4843 10648 2.341 0.417 0.106 0.020 54 6.0
S_temporal_transverse 531 373 692 2.373 0.411 0.108 0.017 3 0.4
