StructName NumVert SurfArea GrayVol ThickAvg ThickStd MeanCurv GausCurv FoldInd CurvInd
G_and_S_frontomargin 1198 901 2117 2.275 0.480 0.141 0.031 14 1.7
G_and_S_occipital_inf 2120 1540 4026 2.270 0.564 0.141 0.031 27 2.5
G_and_S_paracentral 1647 1003 2811 2.397 0.598 0.104 0.021 14 1.4
G_and_S_subcentral 1614 1009 3229 2.844 0.595 0.109 0.027 14 1.7
G_and_S_transv_frontopol 928 688 2264 2.551 0.457 0.159 0.041 17 1.6
G_and_S_cingul-Ant 2857 1977 5389 2.606 0.423 0.116 0.021 31 2.8
G_and_S_cingul-Mid-Ant 1296 856 2223 2.506 0.501 0.095 0.013 8 0.7
G_and_S_cingul-Mid-Post 1804 1172 2986 2.443 0.473 0.110 0.019 15 1.5
G_cingul-Post-dorsal 763 520 1828 2.692 0.699 0.140 0.029 11 0.9
G_cingul-Post-ventral 321 217 624 2.265 0.870 0.149 0.050 6 0.6
G_cuneus 2202 1459 2788 1.710 0.515 0.130 0.028 25 2.6
G_front_inf-Opercular 1489 1057 3760 2.805 0.433 0.133 0.029 21 1.8
G_front_inf-Orbital 541 321 1144 2.588 0.498 0.115 0.026 7 0.5
G_front_inf-Triangul 1726 1164 3427 2.516 0.497 0.121 0.025 20 1.6
G_front_middle 4939 3397 11024 2.547 0.507 0.126 0.026 62 5.0
G_front_sup 7417 5108 17996 2.902 0.513 0.129 0.028 82 8.5
G_Ins_lg_and_S_cent_ins 797 550 1983 3.439 0.864 0.126 0.042 10 1.2
G_insular_short 935 640 2677 3.281 0.658 0.119 0.031 12 1.1
G_occipital_middle 2582 1764 5240 2.342 0.494 0.139 0.027 39 2.8
G_occipital_sup 1770 1179 2809 2.099 0.506 0.147 0.031 26 2.3
G_oc-temp_lat-fusifor 2397 1668 5761 2.731 0.533 0.132 0.031 36 2.7
G_oc-temp_med-Lingual 2432 1673 3236 1.677 0.615 0.139 0.036 30 3.4
G_oc-temp_med-Parahip 2349 1477 5987 2.849 0.931 0.123 0.039 38 3.6
G_orbital 2732 1884 6253 2.640 0.675 0.127 0.034 38 3.3
G_pariet_inf-Angular 2998 2194 6608 2.394 0.544 0.139 0.029 50 3.5
G_pariet_inf-Supramar 3481 2381 7697 2.701 0.545 0.126 0.027 41 3.8
G_parietal_sup 2515 1846 5099 2.234 0.510 0.135 0.026 34 2.7
G_postcentral 3049 1873 4937 2.157 0.559 0.110 0.024 30 2.9
G_precentral 3109 1936 7476 2.907 0.501 0.102 0.020 26 2.3
G_precuneus 3436 2365 7041 2.387 0.564 0.138 0.031 48 4.1
G_rectus 1086 808 2637 2.620 0.540 0.144 0.034 20 1.6
G_subcallosal 862 561 1470 2.668 0.750 0.123 0.040 10 1.4
G_temp_sup-G_T_transv 701 419 1423 2.634 0.428 0.102 0.024 6 0.6
G_temp_sup-Lateral 2843 1854 7083 2.944 0.707 0.129 0.029 40 3.2
G_temp_sup-Plan_polar 790 534 2291 3.642 0.758 0.083 0.019 3 0.6
G_temp_sup-Plan_tempo 1228 817 2383 2.640 0.599 0.101 0.020 10 1.0
G_temporal_inf 2694 1991 7685 2.871 0.671 0.140 0.035 49 3.7
G_temporal_middle 3163 2212 9225 3.046 0.684 0.134 0.030 48 3.9
Lat_Fis-ant-Horizont 375 244 426 2.103 0.390 0.096 0.018 2 0.2
Lat_Fis-ant-Vertical 272 181 390 2.229 0.345 0.070 0.009 1 0.1
Lat_Fis-post 1433 949 1819 2.407 0.511 0.109 0.023 8 1.4
Pole_occipital 2287 1509 3229 1.866 0.566 0.148 0.035 30 3.5
Pole_temporal 1663 1282 5640 3.278 0.677 0.137 0.036 22 2.3
S_calcarine 2178 1462 2411 1.811 0.714 0.109 0.021 16 1.9
S_central 3758 2437 4247 2.044 0.621 0.096 0.018 18 3.0
S_cingul-Marginalis 1102 725 1452 2.199 0.453 0.089 0.013 4 0.7
S_circular_insula_ant 688 458 1140 2.902 0.653 0.088 0.016 2 0.5
S_circular_insula_inf 1774 1147 2732 2.868 0.679 0.092 0.020 10 1.4
S_circular_insula_sup 2005 1308 2828 2.717 0.481 0.094 0.016 7 1.5
S_collat_transv_ant 1010 683 1644 2.846 0.443 0.096 0.015 5 0.7
S_collat_transv_post 678 481 715 1.994 0.515 0.159 0.039 8 1.2
S_front_inf 3025 2050 4530 2.292 0.416 0.118 0.022 24 2.8
S_front_middle 2370 1578 3120 2.207 0.393 0.104 0.018 14 2.1
S_front_sup 3101 2111 5152 2.543 0.439 0.096 0.016 17 2.1
S_interm_prim-Jensen 500 339 665 2.354 0.389 0.091 0.012 2 0.3
S_intrapariet_and_P_trans 2719 1830 3345 1.988 0.437 0.106 0.019 18 2.1
S_oc_middle_and_Lunatus 1327 902 1565 2.095 0.403 0.134 0.026 12 1.6
S_oc_sup_and_transversal 1479 999 1851 2.013 0.458 0.117 0.021 12 1.4
S_occipital_ant 750 500 828 1.965 0.353 0.099 0.014 5 0.5
S_oc-temp_lat 1310 920 1990 2.501 0.408 0.118 0.023 9 1.4
S_oc-temp_med_and_Lingual 2736 1901 3823 2.241 0.582 0.114 0.024 22 2.7
S_orbital_lateral 383 264 499 2.205 0.571 0.127 0.024 3 0.4
S_orbital_med-olfact 874 575 1131 2.441 0.662 0.102 0.016 5 0.6
S_orbital-H_Shaped 1417 995 2701 2.764 0.600 0.125 0.026 15 1.5
S_parieto_occipital 2384 1571 3022 2.196 0.538 0.114 0.021 18 2.1
S_pericallosal 1660 1055 1393 1.579 0.523 0.107 0.019 21 1.3
S_postcentral 3648 2429 5033 2.260 0.520 0.108 0.020 26 3.2
S_precentral-inf-part 1536 1019 2348 2.467 0.394 0.099 0.016 9 1.0
S_precentral-sup-part 1755 1154 2550 2.525 0.350 0.100 0.016 10 1.3
S_suborbital 918 625 1430 2.561 0.528 0.120 0.022 9 0.8
S_subparietal 1519 1040 2179 2.321 0.422 0.122 0.024 11 1.6
S_temporal_inf 2157 1453 2830 2.410 0.492 0.105 0.018 13 1.8
S_temporal_sup 7286 4987 11286 2.416 0.425 0.107 0.020 57 6.0
S_temporal_transverse 616 417 799 2.393 0.440 0.106 0.015 3 0.4
