StructName NumVert SurfArea GrayVol ThickAvg ThickStd MeanCurv GausCurv FoldInd CurvInd
G_and_S_frontomargin 1082 842 2043 2.168 0.591 0.147 0.032 15 1.7
G_and_S_occipital_inf 1945 1392 3884 2.326 0.602 0.138 0.032 25 2.2
G_and_S_paracentral 1592 1030 2950 2.433 0.627 0.115 0.031 16 1.7
G_and_S_subcentral 1659 1123 3201 2.580 0.744 0.120 0.031 14 1.9
G_and_S_transv_frontopol 817 673 2291 2.560 0.623 0.167 0.043 15 1.5
G_and_S_cingul-Ant 3135 2117 5094 2.402 0.583 0.117 0.033 55 4.3
G_and_S_cingul-Mid-Ant 1502 983 2682 2.595 0.664 0.095 0.016 9 1.0
G_and_S_cingul-Mid-Post 1781 1213 3111 2.472 0.505 0.115 0.024 17 1.7
G_cingul-Post-dorsal 759 541 1870 2.664 0.673 0.141 0.036 10 1.0
G_cingul-Post-ventral 282 191 618 2.487 0.735 0.132 0.036 4 0.2
G_cuneus 2035 1368 2662 1.717 0.469 0.127 0.030 23 2.6
G_front_inf-Opercular 1509 1131 4005 2.782 0.428 0.136 0.030 22 1.7
G_front_inf-Orbital 472 295 1081 2.590 0.520 0.119 0.030 9 0.4
G_front_inf-Triangul 1725 1187 3558 2.553 0.549 0.121 0.025 21 1.6
G_front_middle 4791 3375 11734 2.622 0.622 0.125 0.029 64 5.0
G_front_sup 7365 5066 18078 2.938 0.604 0.131 0.034 109 9.4
G_Ins_lg_and_S_cent_ins 721 496 1879 3.578 0.751 0.124 0.040 8 1.0
G_insular_short 755 571 2648 3.588 0.677 0.132 0.034 9 1.0
G_occipital_middle 2364 1650 4975 2.324 0.551 0.138 0.032 38 2.8
G_occipital_sup 1597 1172 2801 2.046 0.453 0.157 0.034 26 2.1
G_oc-temp_lat-fusifor 2231 1589 5694 2.738 0.519 0.127 0.028 33 2.4
G_oc-temp_med-Lingual 2271 1631 3509 1.832 0.627 0.145 0.038 32 3.6
G_oc-temp_med-Parahip 1878 1272 5807 3.030 0.913 0.124 0.036 27 2.6
G_orbital 2702 1965 6334 2.529 0.736 0.130 0.034 43 3.4
G_pariet_inf-Angular 2891 2168 6874 2.454 0.629 0.140 0.031 53 3.1
G_pariet_inf-Supramar 3327 2378 7941 2.712 0.575 0.130 0.035 45 4.2
G_parietal_sup 2627 1938 5030 2.074 0.559 0.139 0.032 36 3.3
G_postcentral 2778 1863 5038 2.174 0.560 0.120 0.038 31 3.5
G_precentral 2954 1947 7278 2.809 0.543 0.112 0.028 33 2.9
G_precuneus 3337 2377 6903 2.328 0.580 0.141 0.038 50 4.5
G_rectus 1123 837 2850 2.565 0.727 0.139 0.045 19 1.6
G_subcallosal 843 534 1603 2.897 0.873 0.129 0.048 25 1.4
G_temp_sup-G_T_transv 631 404 1414 2.733 0.363 0.105 0.029 5 0.6
G_temp_sup-Lateral 2817 1905 6921 2.875 0.738 0.130 0.036 38 3.7
G_temp_sup-Plan_polar 617 420 1862 3.776 0.801 0.084 0.016 3 0.4
G_temp_sup-Plan_tempo 1271 854 2381 2.522 0.592 0.100 0.023 9 1.1
G_temporal_inf 2636 2111 7858 2.801 0.757 0.153 0.047 60 5.0
G_temporal_middle 3025 2205 9345 3.004 0.676 0.136 0.034 48 3.5
Lat_Fis-ant-Horizont 403 266 480 2.129 0.332 0.098 0.019 2 0.3
Lat_Fis-ant-Vertical 178 129 299 2.225 0.433 0.062 0.008 0 0.1
Lat_Fis-post 1424 941 1926 2.549 0.543 0.107 0.022 8 1.3
Pole_occipital 2380 1638 3716 1.935 0.556 0.145 0.034 31 3.4
Pole_temporal 1543 1297 6151 3.264 0.774 0.145 0.039 21 2.5
S_calcarine 2077 1417 2489 1.879 0.658 0.105 0.022 15 1.9
S_central 3678 2440 4351 2.040 0.603 0.101 0.020 18 3.4
S_cingul-Marginalis 1157 765 1532 2.226 0.508 0.091 0.017 5 0.9
S_circular_insula_ant 645 418 1092 2.999 0.552 0.085 0.015 2 0.4
S_circular_insula_inf 1859 1219 3331 3.173 0.853 0.087 0.018 7 1.5
S_circular_insula_sup 2037 1290 2794 2.625 0.472 0.093 0.018 8 1.6
S_collat_transv_ant 1078 759 1801 2.623 0.536 0.106 0.019 6 0.9
S_collat_transv_post 609 437 744 1.928 0.424 0.131 0.029 5 0.8
S_front_inf 2927 2035 4753 2.284 0.496 0.117 0.023 24 2.7
S_front_middle 2208 1517 3127 2.183 0.438 0.108 0.020 16 2.0
S_front_sup 3031 2077 4873 2.429 0.444 0.098 0.018 17 2.4
S_interm_prim-Jensen 492 321 608 2.253 0.344 0.088 0.011 2 0.3
S_intrapariet_and_P_trans 2768 1931 3439 1.856 0.410 0.113 0.021 23 2.5
S_oc_middle_and_Lunatus 1353 918 1546 1.892 0.367 0.132 0.027 12 1.7
S_oc_sup_and_transversal 1445 993 1856 1.918 0.479 0.113 0.021 10 1.3
S_occipital_ant 676 456 733 1.810 0.324 0.097 0.014 4 0.4
S_oc-temp_lat 1240 861 1809 2.440 0.485 0.114 0.023 8 1.3
S_oc-temp_med_and_Lingual 2440 1749 3663 2.287 0.560 0.122 0.030 21 3.4
S_orbital_lateral 384 263 514 2.218 0.640 0.124 0.022 3 0.4
S_orbital_med-olfact 995 660 1258 2.340 0.654 0.098 0.016 5 0.7
S_orbital-H_Shaped 1451 1053 2754 2.475 0.667 0.117 0.024 14 1.6
S_parieto_occipital 2199 1471 2877 2.137 0.525 0.108 0.021 15 1.9
S_pericallosal 1738 1062 1603 1.707 0.682 0.112 0.021 22 1.5
S_postcentral 3446 2359 4836 2.140 0.527 0.108 0.021 23 3.1
S_precentral-inf-part 1534 1023 2357 2.380 0.509 0.097 0.017 8 1.1
S_precentral-sup-part 1682 1116 2373 2.343 0.442 0.101 0.018 10 1.3
S_suborbital 1264 868 2134 2.542 0.619 0.122 0.024 12 1.2
S_subparietal 1475 993 2022 2.244 0.411 0.113 0.025 9 1.6
S_temporal_inf 2054 1418 2770 2.270 0.497 0.108 0.017 13 1.7
S_temporal_sup 7224 4967 11391 2.336 0.476 0.105 0.020 54 5.9
S_temporal_transverse 565 384 705 2.259 0.455 0.104 0.017 3 0.4
