StructName NumVert SurfArea GrayVol ThickAvg ThickStd MeanCurv GausCurv FoldInd CurvInd
G_and_S_frontomargin 1247 918 2640 2.283 0.640 0.149 0.046 24 2.4
G_and_S_occipital_inf 1880 1271 3713 2.484 0.600 0.130 0.027 20 2.1
G_and_S_paracentral 1781 1091 2852 2.265 0.580 0.115 0.026 18 1.8
G_and_S_subcentral 1205 841 2722 2.676 0.587 0.131 0.031 16 1.4
G_and_S_transv_frontopol 718 592 2124 2.598 0.669 0.177 0.056 17 1.7
G_and_S_cingul-Ant 2139 1583 4621 2.688 0.604 0.132 0.029 28 2.7
G_and_S_cingul-Mid-Ant 1193 792 2325 2.800 0.469 0.087 0.015 6 0.8
G_and_S_cingul-Mid-Post 1498 1010 2620 2.574 0.500 0.110 0.022 11 1.4
G_cingul-Post-dorsal 565 404 1577 2.891 0.622 0.148 0.041 9 0.9
G_cingul-Post-ventral 310 208 741 2.738 0.737 0.120 0.035 4 0.3
G_cuneus 2644 1712 3091 1.717 0.486 0.150 0.042 38 4.5
G_front_inf-Opercular 1254 842 3524 3.034 0.454 0.112 0.025 14 1.2
G_front_inf-Orbital 407 291 1242 2.876 0.551 0.147 0.033 6 0.5
G_front_inf-Triangul 1185 826 2894 2.596 0.547 0.120 0.030 15 1.3
G_front_middle 5354 3815 13447 2.674 0.594 0.135 0.032 78 7.2
G_front_sup 8321 5716 22250 3.013 0.666 0.125 0.032 94 10.5
G_Ins_lg_and_S_cent_ins 711 499 1325 2.433 0.636 0.148 0.051 10 1.3
G_insular_short 829 530 2247 3.218 0.571 0.126 0.035 9 1.3
G_occipital_middle 2608 1679 5913 2.684 0.464 0.133 0.031 36 3.3
G_occipital_sup 1959 1256 2872 2.000 0.571 0.132 0.032 24 2.6
G_oc-temp_lat-fusifor 2311 1616 4701 2.486 0.554 0.125 0.029 30 2.7
G_oc-temp_med-Lingual 3446 2253 5112 1.920 0.613 0.138 0.035 43 4.9
G_oc-temp_med-Parahip 1552 1026 3500 2.554 0.709 0.136 0.048 23 2.9
G_orbital 2461 1759 5885 2.436 0.808 0.147 0.045 41 4.2
G_pariet_inf-Angular 3708 2550 7590 2.487 0.490 0.128 0.025 51 3.6
G_pariet_inf-Supramar 3270 2290 7724 2.798 0.462 0.140 0.032 49 4.1
G_parietal_sup 3570 2366 6839 2.344 0.511 0.125 0.026 47 3.7
G_postcentral 2648 1650 4546 2.239 0.574 0.121 0.029 31 3.0
G_precentral 3093 1761 6595 2.887 0.606 0.106 0.028 31 3.4
G_precuneus 3735 2572 7522 2.434 0.514 0.134 0.029 55 4.1
G_rectus 972 673 2315 2.580 0.728 0.142 0.038 17 1.4
G_subcallosal 770 543 983 1.808 0.614 0.167 0.086 22 2.1
G_temp_sup-G_T_transv 459 300 974 2.632 0.763 0.111 0.030 4 0.5
G_temp_sup-Lateral 2258 1469 7306 3.333 0.618 0.118 0.026 27 2.5
G_temp_sup-Plan_polar 819 571 2370 3.288 0.903 0.113 0.033 6 1.3
G_temp_sup-Plan_tempo 883 586 1524 2.504 0.428 0.080 0.012 4 0.5
G_temporal_inf 2389 1722 6206 2.752 0.682 0.136 0.035 37 3.4
G_temporal_middle 2650 1916 8241 3.180 0.489 0.144 0.033 46 3.6
Lat_Fis-ant-Horizont 324 216 411 2.191 0.529 0.101 0.016 2 0.2
Lat_Fis-ant-Vertical 332 224 471 2.257 0.409 0.078 0.012 1 0.1
Lat_Fis-post 948 625 1184 2.336 0.414 0.109 0.020 6 0.8
Pole_occipital 2282 1384 2725 1.854 0.498 0.137 0.035 32 3.2
Pole_temporal 1756 1243 5468 2.977 0.939 0.125 0.040 22 2.5
S_calcarine 2910 2030 3249 1.869 0.625 0.122 0.025 24 3.1
S_central 3308 2222 3683 1.890 0.575 0.110 0.023 20 3.2
S_cingul-Marginalis 1343 902 1875 2.329 0.518 0.109 0.019 12 1.0
S_circular_insula_ant 570 375 867 2.627 0.495 0.106 0.023 3 0.6
S_circular_insula_inf 1397 913 2138 2.780 0.533 0.088 0.015 6 0.9
S_circular_insula_sup 1538 990 2095 2.549 0.396 0.093 0.018 6 1.3
S_collat_transv_ant 861 595 1365 2.395 0.411 0.121 0.021 9 0.8
S_collat_transv_post 672 453 697 1.822 0.297 0.128 0.022 7 0.7
S_front_inf 2226 1537 3285 2.195 0.442 0.122 0.023 16 2.4
S_front_middle 1676 1173 2206 2.039 0.434 0.121 0.027 14 2.1
S_front_sup 3426 2350 5562 2.389 0.500 0.112 0.023 24 3.2
S_interm_prim-Jensen 253 171 352 2.158 0.348 0.070 0.008 0 0.1
S_intrapariet_and_P_trans 3301 2227 4315 2.107 0.383 0.114 0.019 26 2.8
S_oc_middle_and_Lunatus 1246 827 1422 1.956 0.353 0.108 0.020 8 1.0
S_oc_sup_and_transversal 1698 1129 2160 2.101 0.379 0.114 0.021 13 1.5
S_occipital_ant 999 648 1633 2.429 0.464 0.098 0.015 7 0.6
S_oc-temp_lat 856 598 1843 2.932 0.577 0.115 0.023 6 0.9
S_oc-temp_med_and_Lingual 2465 1673 3505 2.245 0.452 0.116 0.021 23 2.2
S_orbital_lateral 458 330 563 1.860 0.478 0.129 0.031 4 0.6
S_orbital_med-olfact 625 434 732 1.930 0.488 0.133 0.031 6 0.8
S_orbital-H_Shaped 1433 1038 2403 2.212 0.602 0.135 0.035 20 2.2
S_parieto_occipital 2001 1362 2850 2.241 0.448 0.120 0.026 17 2.1
S_pericallosal 1437 906 1347 1.859 0.674 0.133 0.028 25 1.6
S_postcentral 3987 2675 5519 2.213 0.472 0.116 0.020 33 3.6
S_precentral-inf-part 1443 954 2163 2.565 0.387 0.092 0.014 6 0.9
S_precentral-sup-part 1159 769 1807 2.467 0.514 0.099 0.018 6 0.9
S_suborbital 674 469 953 2.218 0.831 0.123 0.021 6 0.6
S_subparietal 996 714 1515 2.315 0.401 0.124 0.023 8 1.0
S_temporal_inf 1538 1072 2647 2.565 0.621 0.116 0.021 12 1.6
S_temporal_sup 7323 4861 11693 2.563 0.467 0.104 0.017 52 5.5
S_temporal_transverse 352 246 481 2.339 0.669 0.125 0.021 4 0.4
