StructName NumVert SurfArea GrayVol ThickAvg ThickStd MeanCurv GausCurv FoldInd CurvInd
G_and_S_frontomargin 1144 870 2053 2.277 0.494 0.145 0.033 15 1.6
G_and_S_occipital_inf 2031 1452 3655 2.168 0.544 0.142 0.031 26 2.6
G_and_S_paracentral 1723 994 2801 2.418 0.541 0.098 0.022 13 1.5
G_and_S_subcentral 1649 1052 3269 2.768 0.514 0.112 0.026 14 1.6
G_and_S_transv_frontopol 929 682 2179 2.554 0.485 0.160 0.036 15 1.5
G_and_S_cingul-Ant 2881 1984 5437 2.619 0.444 0.113 0.020 26 2.5
G_and_S_cingul-Mid-Ant 1313 847 2359 2.691 0.464 0.094 0.013 8 0.7
G_and_S_cingul-Mid-Post 1781 1189 2857 2.369 0.488 0.111 0.019 14 1.5
G_cingul-Post-dorsal 708 475 1738 2.742 0.676 0.136 0.032 10 0.8
G_cingul-Post-ventral 333 223 675 2.339 0.898 0.129 0.040 5 0.4
G_cuneus 2112 1434 2692 1.658 0.490 0.134 0.029 26 2.6
G_front_inf-Opercular 1567 1070 3680 2.765 0.411 0.127 0.027 21 1.7
G_front_inf-Orbital 493 300 1019 2.508 0.509 0.113 0.023 6 0.4
G_front_inf-Triangul 1767 1216 3402 2.460 0.477 0.125 0.026 20 1.8
G_front_middle 5522 3692 12333 2.641 0.547 0.123 0.025 71 5.6
G_front_sup 7502 5023 18265 3.004 0.517 0.126 0.029 78 8.6
G_Ins_lg_and_S_cent_ins 772 498 1718 3.282 0.838 0.115 0.032 8 0.9
G_insular_short 900 572 2779 3.555 0.774 0.103 0.027 9 0.9
G_occipital_middle 2439 1637 4681 2.252 0.460 0.137 0.027 35 2.7
G_occipital_sup 1688 1159 2735 2.077 0.454 0.152 0.031 25 2.3
G_oc-temp_lat-fusifor 2376 1709 5584 2.630 0.509 0.133 0.027 35 2.4
G_oc-temp_med-Lingual 2290 1635 3308 1.743 0.630 0.146 0.033 30 3.3
G_oc-temp_med-Parahip 2200 1406 6061 2.911 0.978 0.113 0.032 23 2.8
G_orbital 2616 1872 5985 2.602 0.638 0.133 0.032 36 3.4
G_pariet_inf-Angular 3016 2170 6318 2.308 0.575 0.138 0.027 47 3.5
G_pariet_inf-Supramar 3363 2276 7654 2.748 0.526 0.124 0.027 41 3.6
G_parietal_sup 2665 1888 4991 2.192 0.481 0.128 0.025 33 2.7
G_postcentral 2984 1814 4869 2.181 0.620 0.110 0.023 26 2.9
G_precentral 3274 1887 7680 3.003 0.526 0.095 0.020 25 2.6
G_precuneus 3534 2444 7090 2.325 0.601 0.138 0.031 49 4.4
G_rectus 1059 829 2749 2.674 0.555 0.151 0.050 21 2.7
G_subcallosal 836 527 1365 2.644 0.780 0.109 0.037 8 1.1
G_temp_sup-G_T_transv 757 426 1436 2.614 0.380 0.099 0.024 7 0.7
G_temp_sup-Lateral 2659 1748 6919 3.019 0.772 0.129 0.029 35 3.1
G_temp_sup-Plan_polar 698 443 1935 3.752 0.819 0.070 0.015 2 0.3
G_temp_sup-Plan_tempo 1281 861 2464 2.566 0.524 0.104 0.020 9 1.0
G_temporal_inf 2615 1998 7494 2.797 0.652 0.143 0.035 49 3.8
G_temporal_middle 2996 2068 8789 3.043 0.679 0.136 0.032 45 3.9
Lat_Fis-ant-Horizont 427 276 478 2.030 0.394 0.091 0.016 2 0.2
Lat_Fis-ant-Vertical 230 158 333 2.283 0.336 0.073 0.008 1 0.1
Lat_Fis-post 1429 931 1844 2.439 0.482 0.106 0.021 9 1.3
Pole_occipital 2235 1539 3421 1.931 0.511 0.149 0.031 30 3.0
Pole_temporal 1594 1260 5660 3.206 0.820 0.147 0.035 23 2.4
S_calcarine 2102 1415 2281 1.778 0.695 0.111 0.022 15 2.0
S_central 3762 2466 4337 2.065 0.665 0.099 0.019 19 3.1
S_cingul-Marginalis 1145 756 1542 2.258 0.478 0.091 0.013 5 0.7
S_circular_insula_ant 608 405 978 2.912 0.506 0.093 0.017 2 0.5
S_circular_insula_inf 1803 1194 2933 2.975 0.757 0.087 0.015 8 1.1
S_circular_insula_sup 2062 1354 2940 2.696 0.504 0.096 0.017 8 1.6
S_collat_transv_ant 939 646 1568 2.784 0.423 0.102 0.015 5 0.6
S_collat_transv_post 674 460 720 1.912 0.437 0.137 0.031 6 0.9
S_front_inf 3114 2133 4831 2.371 0.414 0.119 0.022 26 2.9
S_front_middle 1794 1213 2443 2.295 0.386 0.097 0.014 9 1.2
S_front_sup 3158 2129 5181 2.581 0.436 0.096 0.016 17 2.1
S_interm_prim-Jensen 509 338 664 2.399 0.386 0.091 0.011 3 0.3
S_intrapariet_and_P_trans 2797 1903 3296 1.908 0.412 0.111 0.019 22 2.3
S_oc_middle_and_Lunatus 1312 877 1472 1.977 0.417 0.132 0.027 12 1.6
S_oc_sup_and_transversal 1506 1008 1821 1.919 0.465 0.114 0.019 11 1.3
S_occipital_ant 752 485 761 1.841 0.436 0.099 0.014 5 0.4
S_oc-temp_lat 1266 877 1851 2.402 0.460 0.117 0.022 9 1.3
S_oc-temp_med_and_Lingual 2670 1820 3606 2.174 0.640 0.111 0.024 24 2.6
S_orbital_lateral 366 260 519 2.354 0.397 0.129 0.026 4 0.3
S_orbital_med-olfact 788 515 1007 2.400 0.813 0.102 0.016 5 0.5
S_orbital-H_Shaped 1450 1014 2721 2.777 0.609 0.122 0.024 13 1.5
S_parieto_occipital 2356 1538 2974 2.168 0.527 0.111 0.020 17 2.0
S_pericallosal 1667 1035 1483 1.662 0.565 0.114 0.021 23 1.4
S_postcentral 3682 2453 5044 2.259 0.559 0.108 0.019 25 3.1
S_precentral-inf-part 1620 1078 2626 2.597 0.375 0.099 0.016 9 1.1
S_precentral-sup-part 1684 1125 2503 2.559 0.354 0.103 0.018 10 1.3
S_suborbital 864 604 1345 2.515 0.493 0.124 0.023 9 0.8
S_subparietal 1434 977 1974 2.290 0.393 0.118 0.024 9 1.5
S_temporal_inf 2099 1440 2760 2.402 0.560 0.110 0.019 14 2.0
S_temporal_sup 7418 5026 11153 2.347 0.452 0.106 0.019 55 6.0
S_temporal_transverse 590 407 759 2.391 0.429 0.105 0.016 3 0.4
