StructName NumVert SurfArea GrayVol ThickAvg ThickStd MeanCurv GausCurv FoldInd CurvInd
G_and_S_frontomargin 1318 952 2570 2.197 0.638 0.135 0.034 17 1.8
G_and_S_occipital_inf 2060 1367 4210 2.604 0.603 0.126 0.026 21 2.3
G_and_S_paracentral 1971 1101 2768 2.210 0.585 0.100 0.019 17 1.5
G_and_S_subcentral 1228 850 2941 2.902 0.542 0.133 0.028 16 1.3
G_and_S_transv_frontopol 741 569 1963 2.628 0.604 0.169 0.044 15 1.6
G_and_S_cingul-Ant 2245 1583 4616 2.783 0.588 0.120 0.025 24 2.5
G_and_S_cingul-Mid-Ant 1134 760 2060 2.657 0.475 0.085 0.012 7 0.6
G_and_S_cingul-Mid-Post 1484 987 2645 2.694 0.501 0.102 0.019 10 1.2
G_cingul-Post-dorsal 584 408 1477 2.795 0.547 0.152 0.033 10 0.8
G_cingul-Post-ventral 331 200 694 2.682 0.730 0.108 0.025 3 0.3
G_cuneus 2751 1745 2883 1.582 0.455 0.144 0.037 36 4.2
G_front_inf-Opercular 1207 766 3347 3.116 0.473 0.107 0.019 13 0.9
G_front_inf-Orbital 425 273 1147 2.911 0.510 0.141 0.026 8 0.4
G_front_inf-Triangul 1249 823 2956 2.674 0.509 0.110 0.023 13 1.2
G_front_middle 5012 3436 11958 2.698 0.522 0.127 0.027 65 5.5
G_front_sup 8463 5564 20659 2.960 0.577 0.119 0.025 87 8.6
G_Ins_lg_and_S_cent_ins 679 451 1540 3.274 0.793 0.130 0.039 8 0.9
G_insular_short 793 499 2397 3.621 0.577 0.117 0.029 9 0.9
G_occipital_middle 2778 1578 5305 2.572 0.564 0.115 0.027 29 3.1
G_occipital_sup 2133 1280 2879 2.030 0.551 0.124 0.027 23 2.5
G_oc-temp_lat-fusifor 2520 1669 5022 2.581 0.666 0.123 0.026 28 3.0
G_oc-temp_med-Lingual 3704 2313 5070 1.867 0.652 0.128 0.030 42 4.6
G_oc-temp_med-Parahip 1531 951 3487 2.743 0.867 0.107 0.026 15 1.4
G_orbital 2453 1685 6100 2.771 0.750 0.134 0.037 39 3.6
G_pariet_inf-Angular 3755 2479 7693 2.532 0.495 0.121 0.022 48 3.5
G_pariet_inf-Supramar 2993 2119 7519 2.906 0.456 0.143 0.030 47 3.5
G_parietal_sup 3526 2284 6240 2.256 0.476 0.118 0.022 40 3.3
G_postcentral 2605 1590 4342 2.223 0.570 0.118 0.027 27 2.8
G_precentral 2925 1645 6076 2.834 0.629 0.099 0.024 26 2.7
G_precuneus 3665 2419 6921 2.389 0.543 0.129 0.027 51 3.9
G_rectus 1055 699 2569 2.726 0.599 0.139 0.042 19 1.8
G_subcallosal 730 469 1006 2.314 0.882 0.119 0.046 9 1.4
G_temp_sup-G_T_transv 484 305 905 2.527 0.602 0.096 0.024 3 0.5
G_temp_sup-Lateral 2235 1431 6824 3.299 0.635 0.112 0.020 24 1.9
G_temp_sup-Plan_polar 684 467 2125 3.902 0.645 0.088 0.023 5 0.8
G_temp_sup-Plan_tempo 854 563 1476 2.464 0.494 0.078 0.014 4 0.5
G_temporal_inf 2014 1383 4861 2.836 0.609 0.127 0.031 31 2.3
G_temporal_middle 2792 1910 8311 3.190 0.546 0.131 0.028 40 3.2
Lat_Fis-ant-Horizont 350 238 454 2.241 0.444 0.094 0.013 2 0.2
Lat_Fis-ant-Vertical 349 232 516 2.393 0.462 0.077 0.011 1 0.1
Lat_Fis-post 1026 686 1381 2.628 0.458 0.110 0.018 7 0.8
Pole_occipital 2317 1344 2611 1.812 0.558 0.129 0.031 29 2.9
Pole_temporal 1702 1209 5983 3.397 0.830 0.122 0.029 20 2.0
S_calcarine 2792 1955 2877 1.722 0.672 0.122 0.023 24 2.9
S_central 3138 2110 3382 1.811 0.585 0.109 0.024 20 3.0
S_cingul-Marginalis 1333 907 1908 2.314 0.557 0.106 0.017 10 1.0
S_circular_insula_ant 565 392 961 3.161 0.500 0.113 0.023 3 0.5
S_circular_insula_inf 1319 871 2168 3.035 0.532 0.084 0.015 5 0.8
S_circular_insula_sup 1491 979 2179 2.700 0.409 0.088 0.015 5 1.0
S_collat_transv_ant 947 637 1477 2.534 0.412 0.112 0.020 10 0.7
S_collat_transv_post 658 456 663 1.754 0.281 0.136 0.024 7 0.7
S_front_inf 2099 1424 3182 2.326 0.468 0.112 0.019 15 1.7
S_front_middle 1659 1137 2053 2.021 0.451 0.110 0.020 12 1.6
S_front_sup 3606 2453 5854 2.478 0.475 0.110 0.020 27 2.9
S_interm_prim-Jensen 308 209 441 2.150 0.406 0.080 0.008 1 0.1
S_intrapariet_and_P_trans 3822 2599 5131 2.136 0.408 0.114 0.019 31 3.1
S_oc_middle_and_Lunatus 1232 819 1342 1.939 0.382 0.112 0.019 9 1.0
S_oc_sup_and_transversal 1627 1067 1994 2.084 0.401 0.113 0.019 13 1.3
S_occipital_ant 943 607 1497 2.389 0.498 0.090 0.014 6 0.5
S_oc-temp_lat 986 678 2427 3.078 0.624 0.118 0.021 9 1.0
S_oc-temp_med_and_Lingual 2514 1734 3474 2.206 0.548 0.118 0.021 23 2.2
S_orbital_lateral 447 307 527 1.962 0.391 0.120 0.027 4 0.5
S_orbital_med-olfact 617 411 818 2.183 0.737 0.120 0.027 5 0.7
S_orbital-H_Shaped 1389 995 2463 2.288 0.758 0.128 0.026 14 1.6
S_parieto_occipital 1783 1203 2423 2.235 0.521 0.117 0.023 15 1.7
S_pericallosal 1178 756 1166 1.898 0.626 0.138 0.023 23 1.2
S_postcentral 3889 2581 5192 2.165 0.476 0.111 0.019 29 3.4
S_precentral-inf-part 1425 953 2170 2.622 0.406 0.091 0.014 6 0.9
S_precentral-sup-part 1019 689 1677 2.501 0.473 0.093 0.016 5 0.7
S_suborbital 889 601 1217 2.143 0.575 0.122 0.021 10 0.8
S_subparietal 982 701 1586 2.532 0.380 0.120 0.022 7 0.9
S_temporal_inf 1560 1062 2688 2.693 0.630 0.116 0.019 12 1.4
S_temporal_sup 6720 4457 10831 2.607 0.502 0.101 0.016 46 4.7
S_temporal_transverse 310 222 442 2.483 0.655 0.119 0.020 3 0.3
