StructName NumVert SurfArea GrayVol ThickAvg ThickStd MeanCurv GausCurv FoldInd CurvInd
G_and_S_frontomargin 1356 958 2605 2.287 0.656 0.135 0.030 17 1.6
G_and_S_occipital_inf 2080 1455 4253 2.502 0.564 0.136 0.027 24 2.3
G_and_S_paracentral 1964 1186 3139 2.314 0.628 0.108 0.020 19 1.7
G_and_S_subcentral 1215 834 2833 2.916 0.535 0.134 0.029 15 1.4
G_and_S_transv_frontopol 871 656 1993 2.510 0.568 0.164 0.038 15 1.4
G_and_S_cingul-Ant 2377 1741 5281 2.886 0.570 0.133 0.027 33 3.1
G_and_S_cingul-Mid-Ant 1216 799 2252 2.734 0.440 0.087 0.012 8 0.6
G_and_S_cingul-Mid-Post 1515 1024 2626 2.574 0.484 0.114 0.024 11 1.5
G_cingul-Post-dorsal 558 414 1509 2.792 0.694 0.159 0.037 9 0.9
G_cingul-Post-ventral 322 218 820 2.862 0.818 0.122 0.032 3 0.3
G_cuneus 2674 1783 3290 1.720 0.499 0.151 0.039 37 4.2
G_front_inf-Opercular 1214 798 3676 3.232 0.493 0.109 0.020 14 0.9
G_front_inf-Orbital 411 258 1208 3.108 0.553 0.134 0.024 6 0.4
G_front_inf-Triangul 1245 846 3268 2.817 0.591 0.117 0.023 14 1.2
G_front_middle 5390 3568 13904 2.895 0.540 0.126 0.027 70 5.9
G_front_sup 8589 5711 22344 3.065 0.633 0.121 0.024 91 8.6
G_Ins_lg_and_S_cent_ins 684 457 1593 3.307 0.668 0.129 0.038 8 1.0
G_insular_short 799 527 2438 3.561 0.572 0.122 0.032 11 1.0
G_occipital_middle 2951 2026 6806 2.545 0.556 0.139 0.029 45 3.7
G_occipital_sup 1870 1275 3127 2.126 0.539 0.137 0.027 23 2.2
G_oc-temp_lat-fusifor 2601 1765 5538 2.640 0.632 0.124 0.026 33 2.6
G_oc-temp_med-Lingual 3510 2375 5424 1.923 0.666 0.142 0.033 44 4.8
G_oc-temp_med-Parahip 1434 942 3606 2.775 0.935 0.117 0.031 16 1.9
G_orbital 2443 1761 6940 2.957 0.662 0.148 0.037 46 4.0
G_pariet_inf-Angular 3468 2475 7425 2.494 0.595 0.136 0.026 48 3.8
G_pariet_inf-Supramar 3193 2204 7771 2.866 0.531 0.141 0.029 46 3.7
G_parietal_sup 3246 2275 6434 2.303 0.508 0.128 0.026 43 3.4
G_postcentral 2698 1675 4917 2.317 0.738 0.122 0.028 29 3.2
G_precentral 3037 1698 6594 2.935 0.721 0.104 0.024 28 2.9
G_precuneus 3566 2525 7561 2.469 0.517 0.140 0.028 57 4.1
G_rectus 1001 776 2749 2.744 0.548 0.151 0.033 21 1.6
G_subcallosal 555 360 864 2.491 1.060 0.120 0.049 8 0.8
G_temp_sup-G_T_transv 516 333 938 2.472 0.705 0.106 0.026 5 0.5
G_temp_sup-Lateral 2313 1443 7422 3.436 0.674 0.108 0.019 25 1.9
G_temp_sup-Plan_polar 683 460 2220 3.865 0.704 0.089 0.020 3 0.5
G_temp_sup-Plan_tempo 799 520 1333 2.412 0.506 0.075 0.012 4 0.4
G_temporal_inf 2194 1563 5655 2.827 0.645 0.137 0.034 40 2.7
G_temporal_middle 2586 1743 8520 3.385 0.521 0.130 0.027 37 2.7
Lat_Fis-ant-Horizont 366 240 470 2.307 0.435 0.086 0.013 1 0.2
Lat_Fis-ant-Vertical 374 254 611 2.585 0.466 0.079 0.011 1 0.1
Lat_Fis-post 970 650 1241 2.491 0.451 0.112 0.019 6 0.8
Pole_occipital 2173 1414 2943 1.925 0.475 0.149 0.036 31 3.1
Pole_temporal 1473 1173 5475 3.070 0.896 0.141 0.036 20 2.4
S_calcarine 2896 1946 3004 1.811 0.614 0.115 0.021 22 2.6
S_central 3281 2214 3578 1.854 0.571 0.115 0.024 22 3.3
S_cingul-Marginalis 1377 901 1874 2.350 0.473 0.102 0.016 10 1.0
S_circular_insula_ant 569 371 943 3.206 0.474 0.099 0.019 2 0.4
S_circular_insula_inf 1365 885 2136 2.953 0.542 0.085 0.016 5 1.0
S_circular_insula_sup 1518 971 2104 2.646 0.426 0.090 0.017 6 1.1
S_collat_transv_ant 905 612 1428 2.528 0.416 0.113 0.019 8 0.7
S_collat_transv_post 699 473 739 1.851 0.277 0.129 0.025 7 0.8
S_front_inf 2326 1531 3491 2.397 0.403 0.111 0.020 16 2.0
S_front_middle 1833 1231 2366 2.189 0.365 0.110 0.020 12 1.8
S_front_sup 3885 2659 6706 2.607 0.448 0.110 0.022 27 3.5
S_interm_prim-Jensen 184 126 295 2.334 0.318 0.069 0.008 0 0.1
S_intrapariet_and_P_trans 3224 2164 4085 2.092 0.369 0.113 0.018 24 2.6
S_oc_middle_and_Lunatus 1156 753 1185 1.854 0.305 0.107 0.019 8 0.9
S_oc_sup_and_transversal 1691 1105 2058 2.047 0.375 0.110 0.018 12 1.3
S_occipital_ant 893 583 1214 2.087 0.431 0.086 0.013 4 0.5
S_oc-temp_lat 983 701 1968 2.796 0.538 0.121 0.025 9 1.1
S_oc-temp_med_and_Lingual 2459 1684 3478 2.190 0.506 0.120 0.022 22 2.3
S_orbital_lateral 476 330 613 2.205 0.392 0.122 0.025 4 0.5
S_orbital_med-olfact 607 412 837 2.233 0.694 0.115 0.018 4 0.4
S_orbital-H_Shaped 1521 1075 2783 2.530 0.554 0.128 0.026 15 1.7
S_parieto_occipital 1812 1210 2446 2.237 0.471 0.119 0.024 16 1.8
S_pericallosal 1494 935 1377 1.976 0.691 0.126 0.019 23 1.3
S_postcentral 4098 2722 5750 2.221 0.481 0.114 0.020 32 3.6
S_precentral-inf-part 1476 981 2321 2.709 0.380 0.094 0.014 7 0.9
S_precentral-sup-part 1041 693 1643 2.541 0.529 0.095 0.017 5 0.7
S_suborbital 748 509 1024 2.381 0.557 0.119 0.017 7 0.5
S_subparietal 982 697 1511 2.384 0.410 0.118 0.021 7 0.8
S_temporal_inf 1631 1107 2534 2.568 0.556 0.117 0.019 12 1.5
S_temporal_sup 7193 4730 11531 2.537 0.527 0.099 0.017 48 5.2
S_temporal_transverse 349 257 467 2.201 0.679 0.136 0.019 4 0.3
