StructName NumVert SurfArea GrayVol ThickAvg ThickStd MeanCurv GausCurv FoldInd CurvInd
G_and_S_frontomargin 1156 843 2078 2.297 0.561 0.137 0.036 16 1.7
G_and_S_occipital_inf 2091 1381 3747 2.333 0.581 0.133 0.030 27 2.5
G_and_S_paracentral 1518 924 2593 2.362 0.547 0.103 0.020 12 1.3
G_and_S_subcentral 1607 1087 3335 2.784 0.443 0.119 0.025 16 1.6
G_and_S_transv_frontopol 867 657 2256 2.604 0.480 0.156 0.039 17 1.5
G_and_S_cingul-Ant 2888 1954 5102 2.509 0.472 0.109 0.018 28 2.2
G_and_S_cingul-Mid-Ant 1279 833 2072 2.380 0.557 0.096 0.011 7 0.6
G_and_S_cingul-Mid-Post 1585 1072 2672 2.506 0.542 0.110 0.019 13 1.3
G_cingul-Post-dorsal 652 447 1618 2.761 0.602 0.144 0.033 9 0.9
G_cingul-Post-ventral 337 203 623 2.419 0.898 0.128 0.040 5 0.4
G_cuneus 2231 1372 2530 1.689 0.513 0.122 0.027 26 2.6
G_front_inf-Opercular 1591 1092 3897 2.818 0.408 0.125 0.027 22 1.8
G_front_inf-Orbital 493 297 1006 2.472 0.358 0.113 0.022 7 0.5
G_front_inf-Triangul 1719 1168 3536 2.563 0.419 0.121 0.024 22 1.7
G_front_middle 5122 3654 11754 2.487 0.528 0.130 0.029 82 6.0
G_front_sup 7254 4894 17390 2.922 0.503 0.125 0.027 78 8.1
G_Ins_lg_and_S_cent_ins 759 504 1761 3.292 0.823 0.119 0.036 9 1.0
G_insular_short 814 535 2742 3.651 0.743 0.108 0.030 10 1.0
G_occipital_middle 2608 1680 5085 2.385 0.461 0.132 0.027 40 2.9
G_occipital_sup 1770 1153 2858 2.177 0.443 0.141 0.033 25 2.3
G_oc-temp_lat-fusifor 2635 1820 6170 2.707 0.460 0.131 0.028 38 3.0
G_oc-temp_med-Lingual 2457 1596 3202 1.721 0.666 0.138 0.035 35 3.7
G_oc-temp_med-Parahip 2157 1353 5691 3.053 0.931 0.105 0.030 24 2.2
G_orbital 2522 1727 5947 2.681 0.645 0.121 0.028 34 2.6
G_pariet_inf-Angular 3002 2084 6684 2.485 0.508 0.133 0.028 54 3.6
G_pariet_inf-Supramar 3097 2146 7112 2.730 0.481 0.125 0.027 38 3.3
G_parietal_sup 2590 1764 4890 2.233 0.488 0.122 0.024 34 2.7
G_postcentral 2880 1797 5005 2.226 0.504 0.110 0.022 30 2.6
G_precentral 2852 1790 6428 2.793 0.410 0.108 0.020 27 2.3
G_precuneus 3576 2303 6933 2.421 0.540 0.129 0.030 46 4.3
G_rectus 1136 757 2479 2.543 0.585 0.129 0.026 17 1.2
G_subcallosal 759 478 1099 2.298 0.964 0.111 0.038 6 1.0
G_temp_sup-G_T_transv 714 426 1506 2.695 0.347 0.100 0.021 7 0.6
G_temp_sup-Lateral 2568 1768 6597 2.918 0.615 0.137 0.028 41 3.0
G_temp_sup-Plan_polar 685 462 1942 3.603 0.974 0.075 0.012 2 0.3
G_temp_sup-Plan_tempo 1156 788 2325 2.594 0.519 0.100 0.020 8 1.0
G_temporal_inf 2668 1939 7355 2.833 0.629 0.131 0.030 47 3.3
G_temporal_middle 2986 2091 8408 2.952 0.576 0.132 0.028 48 3.5
Lat_Fis-ant-Horizont 369 245 445 2.193 0.336 0.090 0.016 2 0.2
Lat_Fis-ant-Vertical 183 122 263 2.223 0.372 0.066 0.009 0 0.1
Lat_Fis-post 1408 934 1914 2.551 0.480 0.102 0.019 8 1.2
Pole_occipital 2430 1503 3572 1.987 0.595 0.134 0.032 30 3.2
Pole_temporal 1726 1245 5819 3.322 0.762 0.122 0.026 23 1.7
S_calcarine 2097 1454 2364 1.797 0.724 0.110 0.023 17 1.9
S_central 3633 2379 4302 2.053 0.625 0.091 0.016 16 2.5
S_cingul-Marginalis 1073 705 1437 2.274 0.465 0.087 0.012 4 0.6
S_circular_insula_ant 629 427 1045 2.803 0.587 0.089 0.014 2 0.4
S_circular_insula_inf 1656 1119 2655 2.909 0.725 0.094 0.018 8 1.5
S_circular_insula_sup 2001 1313 2875 2.716 0.446 0.094 0.016 7 1.5
S_collat_transv_ant 978 657 1480 2.652 0.468 0.097 0.013 4 0.6
S_collat_transv_post 657 472 730 1.953 0.499 0.147 0.036 7 1.1
S_front_inf 2774 1926 4238 2.190 0.469 0.114 0.021 23 2.3
S_front_middle 1750 1156 2196 2.131 0.394 0.095 0.015 8 1.3
S_front_sup 2809 1897 4417 2.400 0.484 0.094 0.014 16 1.6
S_interm_prim-Jensen 461 321 624 2.189 0.473 0.092 0.012 2 0.2
S_intrapariet_and_P_trans 2647 1791 3277 1.988 0.442 0.106 0.019 20 2.1
S_oc_middle_and_Lunatus 1283 878 1524 2.091 0.414 0.134 0.026 12 1.5
S_oc_sup_and_transversal 1437 977 1839 2.019 0.457 0.116 0.019 10 1.3
S_occipital_ant 689 459 808 2.059 0.349 0.095 0.014 4 0.4
S_oc-temp_lat 1307 904 1998 2.556 0.470 0.114 0.020 9 1.2
S_oc-temp_med_and_Lingual 2480 1734 3548 2.329 0.540 0.112 0.024 19 2.7
S_orbital_lateral 368 253 467 2.168 0.425 0.128 0.026 3 0.4
S_orbital_med-olfact 785 522 988 2.402 0.716 0.104 0.015 5 0.5
S_orbital-H_Shaped 1431 967 2582 2.713 0.597 0.115 0.020 12 1.2
S_parieto_occipital 2313 1538 3051 2.242 0.566 0.113 0.020 17 2.1
S_pericallosal 1511 964 1353 1.646 0.592 0.124 0.023 25 1.7
S_postcentral 3538 2344 4758 2.202 0.512 0.104 0.019 22 2.9
S_precentral-inf-part 1505 1015 2400 2.418 0.447 0.098 0.015 9 1.0
S_precentral-sup-part 1677 1135 2459 2.455 0.426 0.102 0.016 10 1.1
S_suborbital 990 659 1506 2.533 0.630 0.116 0.019 10 0.8
S_subparietal 1391 980 2084 2.447 0.370 0.122 0.024 9 1.5
S_temporal_inf 1901 1339 2668 2.486 0.512 0.114 0.018 13 1.8
S_temporal_sup 7090 4826 10994 2.445 0.428 0.104 0.019 55 5.8
S_temporal_transverse 566 398 760 2.421 0.414 0.098 0.013 3 0.3
