StructName NumVert SurfArea GrayVol ThickAvg ThickStd MeanCurv GausCurv FoldInd CurvInd
G_and_S_frontomargin 1179 890 2097 2.306 0.508 0.141 0.032 15 1.7
G_and_S_occipital_inf 1977 1412 3753 2.266 0.576 0.139 0.030 25 2.3
G_and_S_paracentral 1614 1005 2914 2.440 0.546 0.100 0.023 13 1.5
G_and_S_subcentral 1598 1037 3076 2.690 0.524 0.116 0.026 14 1.7
G_and_S_transv_frontopol 850 639 2014 2.541 0.436 0.165 0.035 16 1.3
G_and_S_cingul-Ant 2870 1996 5400 2.553 0.440 0.114 0.020 29 2.6
G_and_S_cingul-Mid-Ant 1269 830 2198 2.573 0.476 0.097 0.012 8 0.7
G_and_S_cingul-Mid-Post 1764 1184 2887 2.375 0.504 0.115 0.022 16 1.6
G_cingul-Post-dorsal 711 491 1699 2.645 0.658 0.147 0.035 12 1.0
G_cingul-Post-ventral 317 205 654 2.407 0.966 0.120 0.035 4 0.2
G_cuneus 2103 1384 2498 1.627 0.549 0.133 0.027 24 2.6
G_front_inf-Opercular 1580 1068 3851 2.818 0.439 0.123 0.027 20 1.7
G_front_inf-Orbital 502 327 1132 2.552 0.478 0.124 0.023 6 0.5
G_front_inf-Triangul 1682 1147 3319 2.503 0.485 0.121 0.023 18 1.5
G_front_middle 4733 3293 10892 2.588 0.516 0.129 0.026 62 5.1
G_front_sup 7297 5124 18228 2.917 0.511 0.134 0.031 81 9.2
G_Ins_lg_and_S_cent_ins 846 567 1865 3.236 0.786 0.122 0.035 10 1.2
G_insular_short 870 591 2600 3.358 0.715 0.116 0.034 10 1.2
G_occipital_middle 2614 1758 5103 2.288 0.487 0.136 0.026 36 2.9
G_occipital_sup 1680 1162 2840 2.141 0.492 0.151 0.032 25 2.3
G_oc-temp_lat-fusifor 2440 1721 5801 2.673 0.511 0.136 0.031 36 2.9
G_oc-temp_med-Lingual 2207 1556 3129 1.734 0.638 0.146 0.034 30 3.1
G_oc-temp_med-Parahip 2118 1379 5697 2.844 0.919 0.114 0.031 22 2.4
G_orbital 2542 1827 5995 2.618 0.658 0.130 0.031 33 2.9
G_pariet_inf-Angular 2844 2114 6363 2.371 0.557 0.141 0.028 45 3.5
G_pariet_inf-Supramar 3322 2292 7843 2.780 0.495 0.128 0.028 45 3.7
G_parietal_sup 2587 1896 5072 2.186 0.492 0.134 0.027 34 3.0
G_postcentral 3051 1864 4993 2.198 0.532 0.114 0.023 32 3.0
G_precentral 3206 1983 7768 2.916 0.543 0.102 0.021 27 2.7
G_precuneus 3513 2481 7250 2.362 0.591 0.144 0.037 50 4.9
G_rectus 1062 794 2703 2.692 0.557 0.141 0.035 17 1.4
G_subcallosal 831 527 1252 2.397 0.769 0.104 0.043 12 1.2
G_temp_sup-G_T_transv 799 466 1554 2.625 0.403 0.100 0.024 7 0.7
G_temp_sup-Lateral 2680 1750 6550 2.954 0.726 0.125 0.028 34 2.9
G_temp_sup-Plan_polar 742 480 1911 3.563 0.835 0.076 0.015 3 0.4
G_temp_sup-Plan_tempo 1268 854 2490 2.640 0.551 0.103 0.019 10 1.0
G_temporal_inf 2555 1932 7707 2.919 0.669 0.137 0.030 42 3.0
G_temporal_middle 3032 2126 9145 3.074 0.669 0.138 0.031 46 3.8
Lat_Fis-ant-Horizont 360 241 414 2.014 0.432 0.095 0.016 2 0.2
Lat_Fis-ant-Vertical 238 164 359 2.331 0.290 0.075 0.008 1 0.1
Lat_Fis-post 1414 932 1797 2.460 0.496 0.110 0.021 9 1.3
Pole_occipital 2426 1601 3534 1.923 0.554 0.145 0.034 33 3.5
Pole_temporal 1544 1238 5683 3.330 0.705 0.146 0.038 23 2.5
S_calcarine 2185 1457 2313 1.740 0.714 0.111 0.022 17 1.9
S_central 3747 2454 4313 2.038 0.612 0.098 0.019 18 3.0
S_cingul-Marginalis 1144 746 1484 2.233 0.481 0.090 0.013 5 0.7
S_circular_insula_ant 614 407 974 2.932 0.586 0.091 0.014 2 0.4
S_circular_insula_inf 1675 1120 2580 2.887 0.697 0.090 0.017 8 1.2
S_circular_insula_sup 2106 1376 3015 2.719 0.493 0.095 0.017 8 1.6
S_collat_transv_ant 935 650 1633 2.981 0.395 0.100 0.016 5 0.7
S_collat_transv_post 685 495 757 1.932 0.487 0.154 0.033 7 1.0
S_front_inf 3152 2148 4876 2.342 0.425 0.121 0.023 27 3.1
S_front_middle 2292 1572 3232 2.220 0.429 0.109 0.020 17 2.2
S_front_sup 3026 2043 4826 2.498 0.457 0.097 0.016 17 2.1
S_interm_prim-Jensen 482 323 607 2.325 0.277 0.092 0.010 2 0.2
S_intrapariet_and_P_trans 2738 1880 3341 1.968 0.407 0.110 0.020 20 2.2
S_oc_middle_and_Lunatus 1394 932 1571 2.030 0.440 0.128 0.026 12 1.6
S_oc_sup_and_transversal 1459 988 1844 2.013 0.492 0.115 0.020 12 1.4
S_occipital_ant 712 473 727 1.868 0.430 0.105 0.015 5 0.5
S_oc-temp_lat 1377 940 2013 2.464 0.407 0.113 0.022 9 1.4
S_oc-temp_med_and_Lingual 2647 1852 3620 2.225 0.604 0.114 0.026 21 2.8
S_orbital_lateral 358 253 487 2.268 0.476 0.130 0.021 3 0.4
S_orbital_med-olfact 839 547 1080 2.492 0.681 0.102 0.016 5 0.5
S_orbital-H_Shaped 1425 1003 2644 2.684 0.555 0.126 0.028 14 1.7
S_parieto_occipital 2365 1563 2869 2.121 0.542 0.114 0.022 17 2.2
S_pericallosal 1610 1040 1395 1.565 0.521 0.116 0.021 22 1.6
S_postcentral 3588 2373 4837 2.242 0.558 0.106 0.019 24 2.9
S_precentral-inf-part 1380 922 2181 2.629 0.421 0.096 0.015 7 0.9
S_precentral-sup-part 1758 1159 2573 2.506 0.355 0.101 0.016 10 1.3
S_suborbital 863 605 1329 2.489 0.501 0.126 0.020 8 0.9
S_subparietal 1527 1061 2186 2.339 0.398 0.121 0.024 10 1.6
S_temporal_inf 2090 1442 2806 2.422 0.551 0.111 0.018 13 1.9
S_temporal_sup 7159 4894 11057 2.432 0.447 0.106 0.019 52 5.8
S_temporal_transverse 564 396 761 2.472 0.453 0.103 0.015 3 0.4
