StructName NumVert SurfArea GrayVol ThickAvg ThickStd MeanCurv GausCurv FoldInd CurvInd
G_and_S_frontomargin 1186 873 2079 2.315 0.485 0.143 0.031 16 1.6
G_and_S_occipital_inf 1952 1410 3673 2.261 0.556 0.143 0.032 26 2.4
G_and_S_paracentral 1613 976 2686 2.365 0.574 0.105 0.023 12 1.5
G_and_S_subcentral 1593 1033 3183 2.778 0.517 0.113 0.027 15 1.6
G_and_S_transv_frontopol 884 658 2073 2.548 0.457 0.164 0.035 16 1.3
G_and_S_cingul-Ant 2925 1984 5456 2.578 0.455 0.111 0.022 28 2.7
G_and_S_cingul-Mid-Ant 1341 879 2249 2.489 0.527 0.099 0.013 8 0.7
G_and_S_cingul-Mid-Post 1636 1104 2644 2.381 0.554 0.110 0.019 14 1.4
G_cingul-Post-dorsal 652 455 1629 2.737 0.632 0.149 0.036 11 0.9
G_cingul-Post-ventral 344 231 727 2.350 0.906 0.127 0.034 5 0.3
G_cuneus 2166 1456 2665 1.632 0.529 0.135 0.028 25 2.7
G_front_inf-Opercular 1656 1107 3920 2.813 0.448 0.121 0.025 21 1.7
G_front_inf-Orbital 503 325 1130 2.511 0.546 0.122 0.027 7 0.5
G_front_inf-Triangul 1717 1163 3391 2.491 0.498 0.126 0.028 21 1.7
G_front_middle 5043 3431 11285 2.576 0.519 0.124 0.025 61 4.9
G_front_sup 7483 5085 17778 2.874 0.513 0.127 0.029 80 8.8
G_Ins_lg_and_S_cent_ins 842 559 1783 3.152 0.831 0.120 0.035 11 1.0
G_insular_short 853 555 2563 3.449 0.685 0.107 0.032 9 0.9
G_occipital_middle 2627 1826 5123 2.272 0.484 0.143 0.029 40 3.4
G_occipital_sup 1697 1153 2758 2.117 0.478 0.152 0.035 26 2.4
G_oc-temp_lat-fusifor 2479 1724 5997 2.740 0.559 0.134 0.031 37 3.0
G_oc-temp_med-Lingual 2327 1647 3239 1.702 0.614 0.147 0.034 32 3.4
G_oc-temp_med-Parahip 2045 1372 5651 2.877 0.981 0.118 0.040 25 2.8
G_orbital 2592 1846 5957 2.598 0.631 0.131 0.035 35 3.6
G_pariet_inf-Angular 3066 2208 6427 2.331 0.547 0.138 0.029 47 3.7
G_pariet_inf-Supramar 3451 2383 7767 2.715 0.517 0.126 0.027 41 3.6
G_parietal_sup 2760 1935 5139 2.177 0.504 0.129 0.025 35 2.9
G_postcentral 2936 1826 4834 2.184 0.565 0.111 0.023 26 2.8
G_precentral 3227 1948 7603 2.957 0.517 0.099 0.021 26 2.4
G_precuneus 3385 2356 6901 2.354 0.564 0.139 0.034 46 4.3
G_rectus 1050 814 2644 2.583 0.576 0.149 0.037 18 1.7
G_subcallosal 850 540 1469 2.696 0.679 0.118 0.049 12 1.8
G_temp_sup-G_T_transv 827 459 1564 2.642 0.410 0.091 0.021 7 0.6
G_temp_sup-Lateral 2738 1789 6756 2.949 0.711 0.127 0.028 36 3.0
G_temp_sup-Plan_polar 688 455 1858 3.570 0.760 0.085 0.020 4 0.5
G_temp_sup-Plan_tempo 1250 835 2390 2.608 0.560 0.099 0.019 8 1.0
G_temporal_inf 2656 2013 7699 2.884 0.662 0.137 0.030 41 3.2
G_temporal_middle 3153 2229 9250 3.008 0.674 0.136 0.030 46 3.8
Lat_Fis-ant-Horizont 375 240 380 1.887 0.340 0.094 0.017 2 0.2
Lat_Fis-ant-Vertical 242 158 321 2.142 0.364 0.061 0.007 0 0.1
Lat_Fis-post 1466 953 1892 2.460 0.503 0.106 0.020 9 1.3
Pole_occipital 2290 1548 3351 1.886 0.567 0.146 0.035 29 3.4
Pole_temporal 1549 1314 5590 3.139 0.743 0.160 0.043 25 2.6
S_calcarine 2139 1437 2310 1.779 0.710 0.107 0.021 15 1.9
S_central 3718 2426 4287 2.043 0.624 0.096 0.018 18 2.8
S_cingul-Marginalis 1132 760 1529 2.192 0.477 0.089 0.012 5 0.6
S_circular_insula_ant 649 426 1035 2.888 0.658 0.088 0.015 2 0.4
S_circular_insula_inf 1751 1183 2759 2.953 0.781 0.093 0.018 8 1.4
S_circular_insula_sup 2118 1377 3002 2.715 0.495 0.093 0.015 8 1.5
S_collat_transv_ant 932 647 1613 2.772 0.470 0.101 0.014 5 0.6
S_collat_transv_post 648 461 713 1.997 0.481 0.147 0.032 6 1.0
S_front_inf 3127 2130 4692 2.276 0.434 0.118 0.020 26 2.8
S_front_middle 2306 1527 3113 2.228 0.431 0.101 0.018 15 1.7
S_front_sup 3153 2130 4995 2.487 0.432 0.092 0.015 16 2.0
S_interm_prim-Jensen 512 338 642 2.305 0.355 0.090 0.010 2 0.2
S_intrapariet_and_P_trans 2867 1943 3426 1.929 0.412 0.109 0.019 21 2.2
S_oc_middle_and_Lunatus 1310 882 1463 2.049 0.451 0.130 0.026 12 1.5
S_oc_sup_and_transversal 1459 972 1713 1.949 0.449 0.115 0.021 11 1.4
S_occipital_ant 748 485 756 1.863 0.389 0.107 0.015 6 0.5
S_oc-temp_lat 1273 876 1824 2.460 0.440 0.114 0.022 8 1.3
S_oc-temp_med_and_Lingual 2755 1910 3755 2.191 0.641 0.115 0.027 24 2.9
S_orbital_lateral 383 272 540 2.222 0.611 0.125 0.021 3 0.4
S_orbital_med-olfact 825 548 1092 2.429 0.692 0.103 0.016 5 0.6
S_orbital-H_Shaped 1454 1029 2738 2.728 0.614 0.126 0.028 15 1.7
S_parieto_occipital 2426 1607 3001 2.129 0.529 0.113 0.021 17 2.2
S_pericallosal 1760 1124 1701 1.736 0.569 0.116 0.019 25 1.5
S_postcentral 3698 2437 5005 2.219 0.570 0.108 0.020 26 3.2
S_precentral-inf-part 1475 979 2288 2.534 0.384 0.098 0.016 7 1.1
S_precentral-sup-part 1756 1169 2616 2.481 0.378 0.103 0.017 11 1.4
S_suborbital 955 653 1506 2.531 0.499 0.125 0.026 9 1.0
S_subparietal 1563 1080 2262 2.260 0.405 0.124 0.025 12 1.7
S_temporal_inf 2023 1394 2790 2.499 0.589 0.112 0.018 13 1.8
S_temporal_sup 7336 4968 11214 2.388 0.449 0.105 0.019 54 6.1
S_temporal_transverse 561 388 711 2.398 0.425 0.107 0.014 3 0.4
