StructName NumVert SurfArea GrayVol ThickAvg ThickStd MeanCurv GausCurv FoldInd CurvInd
G_and_S_frontomargin 1063 828 2410 2.438 0.705 0.153 0.032 18 1.5
G_and_S_occipital_inf 1031 709 1854 2.378 0.591 0.139 0.031 12 1.3
G_and_S_paracentral 1470 855 2623 2.484 0.517 0.111 0.026 15 1.4
G_and_S_subcentral 1282 870 3280 3.106 0.502 0.123 0.021 16 1.1
G_and_S_transv_frontopol 588 505 1769 2.650 0.641 0.172 0.036 14 1.0
G_and_S_cingul-Ant 2180 1537 4960 3.019 0.611 0.120 0.024 24 2.4
G_and_S_cingul-Mid-Ant 1160 783 2239 2.874 0.379 0.104 0.017 8 0.8
G_and_S_cingul-Mid-Post 1199 848 2298 2.608 0.524 0.119 0.025 11 1.3
G_cingul-Post-dorsal 594 439 1593 2.928 0.658 0.174 0.045 11 1.2
G_cingul-Post-ventral 224 144 525 3.085 0.653 0.125 0.032 3 0.3
G_cuneus 1600 1149 2291 1.780 0.546 0.163 0.037 24 2.6
G_front_inf-Opercular 1222 859 3665 3.007 0.629 0.133 0.028 18 1.4
G_front_inf-Orbital 381 261 1095 3.046 0.582 0.138 0.030 5 0.4
G_front_inf-Triangul 900 576 2392 2.901 0.577 0.128 0.027 12 1.0
G_front_middle 4184 2952 11115 2.868 0.600 0.139 0.030 68 5.0
G_front_sup 6145 4248 17426 3.249 0.548 0.134 0.030 83 7.1
G_Ins_lg_and_S_cent_ins 577 389 1394 3.305 0.857 0.128 0.045 7 0.9
G_insular_short 667 466 2391 3.868 0.803 0.131 0.031 11 0.9
G_occipital_middle 2185 1437 5121 2.646 0.510 0.142 0.028 32 2.7
G_occipital_sup 1274 855 2596 2.486 0.607 0.145 0.033 18 1.5
G_oc-temp_lat-fusifor 1482 1019 4174 3.134 0.526 0.133 0.031 21 1.9
G_oc-temp_med-Lingual 2496 1726 4557 2.150 0.769 0.156 0.039 40 3.7
G_oc-temp_med-Parahip 1590 1046 4550 3.182 0.807 0.125 0.027 19 1.7
G_orbital 2043 1568 5950 2.905 0.586 0.147 0.038 43 2.8
G_pariet_inf-Angular 2596 1814 6524 2.742 0.612 0.133 0.027 39 2.6
G_pariet_inf-Supramar 2164 1485 5801 3.063 0.507 0.133 0.025 28 2.2
G_parietal_sup 2390 1700 5299 2.402 0.562 0.131 0.027 36 2.5
G_postcentral 2065 1271 3995 2.420 0.647 0.117 0.023 25 2.0
G_precentral 2772 1634 6875 3.107 0.520 0.107 0.022 26 2.5
G_precuneus 2256 1637 5938 2.770 0.495 0.152 0.033 36 3.1
G_rectus 1000 756 2737 2.710 0.602 0.131 0.040 22 1.8
G_subcallosal 589 406 996 2.524 1.028 0.138 0.059 9 1.2
G_temp_sup-G_T_transv 415 253 926 3.007 0.450 0.122 0.025 6 0.4
G_temp_sup-Lateral 1580 1009 5356 3.542 0.700 0.128 0.025 21 1.6
G_temp_sup-Plan_polar 494 331 1608 3.748 0.623 0.081 0.016 2 0.3
G_temp_sup-Plan_tempo 820 548 1784 2.788 0.592 0.096 0.017 6 0.6
G_temporal_inf 2512 1787 7829 3.123 0.661 0.138 0.031 40 3.3
G_temporal_middle 1999 1447 6868 3.259 0.752 0.128 0.025 27 2.2
Lat_Fis-ant-Horizont 331 234 598 2.798 0.681 0.132 0.019 4 0.3
Lat_Fis-ant-Vertical 352 239 499 2.440 0.431 0.086 0.011 1 0.1
Lat_Fis-post 904 600 1283 2.708 0.445 0.103 0.019 4 0.8
Pole_occipital 1673 1191 3198 2.180 0.617 0.140 0.031 22 2.4
Pole_temporal 1309 1028 5330 3.300 0.835 0.157 0.044 23 2.5
S_calcarine 2136 1453 2502 2.032 0.569 0.126 0.026 19 2.5
S_central 2959 2011 3588 2.124 0.657 0.107 0.022 16 2.8
S_cingul-Marginalis 895 594 1116 2.123 0.380 0.100 0.014 5 0.6
S_circular_insula_ant 507 347 863 3.136 0.415 0.103 0.020 2 0.5
S_circular_insula_inf 1358 887 2320 3.249 0.595 0.085 0.016 5 0.9
S_circular_insula_sup 1519 1002 2335 2.928 0.400 0.101 0.019 7 1.2
S_collat_transv_ant 1032 696 1816 2.708 0.537 0.103 0.015 7 0.7
S_collat_transv_post 458 310 466 1.946 0.334 0.143 0.030 5 0.6
S_front_inf 2149 1419 3132 2.356 0.404 0.091 0.015 10 1.2
S_front_middle 1090 789 1771 2.291 0.441 0.119 0.022 9 1.1
S_front_sup 2750 1865 4203 2.458 0.400 0.094 0.016 13 1.9
S_interm_prim-Jensen 115 85 195 2.274 0.678 0.141 0.019 1 0.1
S_intrapariet_and_P_trans 2985 1962 3984 2.224 0.379 0.104 0.016 18 2.1
S_oc_middle_and_Lunatus 968 658 1209 2.068 0.393 0.133 0.025 10 1.1
S_oc_sup_and_transversal 1297 856 1572 2.092 0.306 0.101 0.016 8 0.9
S_occipital_ant 871 569 1149 2.389 0.489 0.108 0.018 6 0.7
S_oc-temp_lat 735 494 1117 2.553 0.491 0.106 0.018 4 0.6
S_oc-temp_med_and_Lingual 1964 1331 2871 2.475 0.466 0.111 0.020 12 1.9
S_orbital_lateral 351 235 457 2.202 0.464 0.110 0.016 2 0.3
S_orbital_med-olfact 619 430 889 2.445 0.555 0.114 0.018 5 0.5
S_orbital-H_Shaped 1124 790 2050 2.749 0.492 0.124 0.023 9 1.2
S_parieto_occipital 1638 1079 2282 2.369 0.624 0.109 0.019 11 1.3
S_pericallosal 1137 714 1214 2.050 0.605 0.120 0.020 15 1.0
S_postcentral 2734 1805 3684 2.300 0.487 0.107 0.018 18 2.3
S_precentral-inf-part 1171 764 1764 2.654 0.391 0.095 0.013 5 0.7
S_precentral-sup-part 1475 957 2188 2.632 0.430 0.103 0.018 9 1.1
S_suborbital 577 395 908 2.577 0.821 0.116 0.017 4 0.5
S_subparietal 1161 826 1725 2.262 0.324 0.118 0.023 9 1.3
S_temporal_inf 1589 1068 2309 2.366 0.574 0.102 0.013 10 1.0
S_temporal_sup 5218 3454 8282 2.541 0.527 0.097 0.017 32 3.7
S_temporal_transverse 168 117 315 3.129 0.417 0.093 0.013 1 0.1
