StructName NumVert SurfArea GrayVol ThickAvg ThickStd MeanCurv GausCurv FoldInd CurvInd
G_and_S_frontomargin 981 753 2146 2.397 0.710 0.158 0.033 18 1.3
G_and_S_occipital_inf 1035 717 1860 2.311 0.726 0.144 0.036 12 1.5
G_and_S_paracentral 1465 819 2469 2.460 0.573 0.107 0.025 14 1.4
G_and_S_subcentral 1235 820 3081 3.063 0.542 0.120 0.024 14 1.1
G_and_S_transv_frontopol 533 473 1529 2.512 0.723 0.171 0.040 9 1.0
G_and_S_cingul-Ant 1994 1431 4392 2.943 0.555 0.128 0.029 24 2.9
G_and_S_cingul-Mid-Ant 1065 716 2085 2.793 0.427 0.108 0.017 8 0.7
G_and_S_cingul-Mid-Post 1220 866 2305 2.593 0.550 0.116 0.028 11 1.4
G_cingul-Post-dorsal 603 449 1628 2.916 0.681 0.182 0.053 13 1.6
G_cingul-Post-ventral 245 159 544 3.084 0.744 0.119 0.032 3 0.2
G_cuneus 1675 1191 2174 1.676 0.557 0.160 0.036 24 2.7
G_front_inf-Opercular 1275 867 3746 3.059 0.597 0.133 0.029 18 1.5
G_front_inf-Orbital 320 203 954 3.187 0.544 0.135 0.028 4 0.4
G_front_inf-Triangul 1041 658 2731 2.950 0.638 0.126 0.025 13 1.1
G_front_middle 4222 3010 11276 2.870 0.666 0.143 0.031 64 5.5
G_front_sup 6082 4230 17114 3.213 0.582 0.134 0.030 77 7.1
G_Ins_lg_and_S_cent_ins 543 368 1366 3.450 0.687 0.131 0.054 40 1.6
G_insular_short 739 491 2438 3.810 0.772 0.127 0.028 10 0.9
G_occipital_middle 2259 1428 5063 2.641 0.573 0.135 0.028 30 2.6
G_occipital_sup 1322 868 2536 2.406 0.697 0.141 0.032 18 1.6
G_oc-temp_lat-fusifor 1580 1060 4398 3.116 0.575 0.131 0.030 19 1.9
G_oc-temp_med-Lingual 2563 1833 4329 1.988 0.721 0.159 0.041 37 4.3
G_oc-temp_med-Parahip 1519 977 4453 3.356 0.866 0.118 0.029 15 1.6
G_orbital 2071 1597 5878 2.842 0.644 0.150 0.044 43 3.7
G_pariet_inf-Angular 2600 1807 6515 2.742 0.654 0.132 0.027 35 2.7
G_pariet_inf-Supramar 2104 1408 5438 3.016 0.525 0.132 0.025 27 2.1
G_parietal_sup 2628 1831 5736 2.379 0.639 0.126 0.027 35 2.7
G_postcentral 2178 1291 3868 2.317 0.708 0.111 0.022 23 2.1
G_precentral 2747 1571 6743 3.130 0.603 0.104 0.023 26 2.5
G_precuneus 2324 1624 5781 2.701 0.573 0.146 0.031 34 3.1
G_rectus 995 746 2536 2.547 0.608 0.132 0.038 19 1.5
G_subcallosal 567 401 1104 2.760 1.048 0.149 0.055 11 1.2
G_temp_sup-G_T_transv 450 284 1012 3.009 0.443 0.134 0.032 7 0.6
G_temp_sup-Lateral 1660 1054 5594 3.547 0.736 0.127 0.028 22 1.8
G_temp_sup-Plan_polar 556 365 1721 3.747 0.703 0.077 0.017 2 0.3
G_temp_sup-Plan_tempo 819 549 1786 2.773 0.605 0.102 0.020 7 0.7
G_temporal_inf 2600 1809 7736 3.058 0.697 0.139 0.032 45 3.6
G_temporal_middle 2135 1453 7059 3.297 0.771 0.124 0.027 29 2.3
Lat_Fis-ant-Horizont 388 261 684 2.880 0.674 0.125 0.018 4 0.3
Lat_Fis-ant-Vertical 344 244 512 2.463 0.441 0.091 0.010 1 0.1
Lat_Fis-post 929 625 1296 2.607 0.432 0.106 0.020 5 0.9
Pole_occipital 1852 1178 3003 2.073 0.681 0.122 0.029 20 2.4
Pole_temporal 1328 1036 5372 3.528 0.713 0.153 0.047 21 2.4
S_calcarine 2142 1467 2239 1.805 0.595 0.137 0.027 23 2.7
S_central 3093 2101 3713 2.090 0.690 0.106 0.021 18 2.7
S_cingul-Marginalis 911 602 1105 2.061 0.455 0.099 0.014 5 0.6
S_circular_insula_ant 502 341 867 3.217 0.374 0.108 0.020 2 0.5
S_circular_insula_inf 1293 840 2085 3.130 0.560 0.092 0.018 6 1.0
S_circular_insula_sup 1523 1009 2253 2.854 0.419 0.104 0.019 7 1.3
S_collat_transv_ant 982 664 1605 2.657 0.448 0.108 0.017 7 0.7
S_collat_transv_post 469 330 507 1.962 0.290 0.152 0.034 5 0.7
S_front_inf 2095 1368 2943 2.300 0.408 0.092 0.015 10 1.2
S_front_middle 990 717 1636 2.247 0.503 0.128 0.027 11 1.2
S_front_sup 2968 2009 4528 2.399 0.457 0.094 0.016 15 2.0
S_interm_prim-Jensen 164 120 303 2.403 0.526 0.141 0.018 2 0.1
S_intrapariet_and_P_trans 2875 1869 3777 2.177 0.435 0.103 0.015 18 1.9
S_oc_middle_and_Lunatus 900 617 1013 2.024 0.354 0.134 0.023 9 0.9
S_oc_sup_and_transversal 1292 859 1477 2.003 0.346 0.107 0.018 9 1.0
S_occipital_ant 936 625 1311 2.382 0.493 0.108 0.020 7 0.7
S_oc-temp_lat 794 542 1318 2.683 0.488 0.111 0.019 5 0.7
S_oc-temp_med_and_Lingual 1956 1322 2769 2.415 0.496 0.112 0.020 13 1.8
S_orbital_lateral 349 242 488 2.319 0.387 0.112 0.016 2 0.2
S_orbital_med-olfact 635 428 846 2.314 0.589 0.109 0.012 5 0.3
S_orbital-H_Shaped 1227 826 2254 2.904 0.552 0.110 0.020 8 1.1
S_parieto_occipital 1658 1081 2236 2.335 0.621 0.110 0.019 11 1.4
S_pericallosal 1077 693 1360 2.289 0.679 0.129 0.020 16 1.0
S_postcentral 2729 1797 3467 2.191 0.534 0.106 0.018 17 2.2
S_precentral-inf-part 1227 797 1859 2.669 0.374 0.092 0.012 6 0.6
S_precentral-sup-part 1556 1026 2310 2.617 0.492 0.108 0.019 10 1.3
S_suborbital 642 450 1003 2.455 0.793 0.125 0.020 5 0.6
S_subparietal 1110 765 1577 2.206 0.413 0.117 0.023 9 1.2
S_temporal_inf 1725 1170 2513 2.369 0.542 0.103 0.014 11 1.1
S_temporal_sup 5219 3460 8079 2.491 0.507 0.097 0.017 31 3.5
S_temporal_transverse 133 91 261 3.146 0.251 0.077 0.010 0 0.1
