StructName NumVert SurfArea GrayVol ThickAvg ThickStd MeanCurv GausCurv FoldInd CurvInd
G_and_S_frontomargin 1073 803 2321 2.420 0.682 0.150 0.030 18 1.3
G_and_S_occipital_inf 1069 746 2097 2.403 0.746 0.143 0.036 13 1.5
G_and_S_paracentral 1440 825 2483 2.435 0.628 0.107 0.023 12 1.3
G_and_S_subcentral 1227 801 3148 3.245 0.529 0.121 0.023 14 1.1
G_and_S_transv_frontopol 595 493 1714 2.695 0.698 0.167 0.038 13 0.9
G_and_S_cingul-Ant 2137 1525 4862 3.002 0.566 0.120 0.025 24 2.3
G_and_S_cingul-Mid-Ant 1217 808 2359 2.861 0.427 0.108 0.018 9 1.0
G_and_S_cingul-Mid-Post 1227 868 2325 2.603 0.549 0.118 0.026 12 1.4
G_cingul-Post-dorsal 626 463 1674 2.902 0.704 0.172 0.039 11 1.1
G_cingul-Post-ventral 249 165 564 3.009 0.662 0.123 0.028 3 0.2
G_cuneus 1624 1223 2191 1.648 0.550 0.170 0.040 24 2.8
G_front_inf-Opercular 1271 865 3754 3.075 0.597 0.131 0.028 18 1.5
G_front_inf-Orbital 460 286 1224 3.227 0.556 0.114 0.024 5 0.4
G_front_inf-Triangul 986 635 2684 2.979 0.607 0.129 0.025 13 1.1
G_front_middle 4237 3014 11417 2.886 0.674 0.141 0.029 63 5.2
G_front_sup 6213 4186 17373 3.266 0.607 0.131 0.028 76 7.0
G_Ins_lg_and_S_cent_ins 604 399 1484 3.577 0.618 0.113 0.030 5 0.8
G_insular_short 785 518 2626 3.862 0.738 0.117 0.030 10 0.9
G_occipital_middle 2306 1496 5281 2.632 0.591 0.137 0.029 32 2.7
G_occipital_sup 1329 905 2595 2.359 0.685 0.147 0.035 19 1.9
G_oc-temp_lat-fusifor 1618 1089 4461 3.121 0.524 0.132 0.031 20 2.1
G_oc-temp_med-Lingual 2573 1881 4514 1.989 0.721 0.160 0.041 38 4.3
G_oc-temp_med-Parahip 1714 1121 4265 2.841 0.973 0.135 0.046 23 3.7
G_orbital 2099 1597 5754 2.821 0.780 0.151 0.040 41 3.3
G_pariet_inf-Angular 2687 1843 6775 2.782 0.662 0.134 0.027 38 2.8
G_pariet_inf-Supramar 2185 1481 5844 3.126 0.515 0.132 0.026 28 2.3
G_parietal_sup 2418 1712 5445 2.412 0.692 0.135 0.029 34 2.8
G_postcentral 2229 1362 4025 2.307 0.685 0.116 0.024 23 2.2
G_precentral 2747 1545 6812 3.174 0.596 0.100 0.023 24 2.4
G_precuneus 2255 1611 6002 2.767 0.594 0.152 0.032 33 3.1
G_rectus 981 768 2535 2.579 0.630 0.148 0.045 21 2.1
G_subcallosal 434 281 807 2.794 0.992 0.123 0.046 10 0.5
G_temp_sup-G_T_transv 407 245 943 3.131 0.384 0.132 0.031 6 0.4
G_temp_sup-Lateral 1669 1061 5715 3.621 0.731 0.127 0.028 23 1.9
G_temp_sup-Plan_polar 595 395 1775 3.743 0.620 0.095 0.024 3 0.6
G_temp_sup-Plan_tempo 806 536 1747 2.801 0.638 0.096 0.018 6 0.6
G_temporal_inf 2534 1810 7802 3.067 0.705 0.141 0.035 42 3.6
G_temporal_middle 2069 1436 7059 3.329 0.781 0.123 0.024 25 2.3
Lat_Fis-ant-Horizont 335 239 629 2.971 0.634 0.136 0.020 4 0.3
Lat_Fis-ant-Vertical 340 238 519 2.563 0.433 0.089 0.011 1 0.1
Lat_Fis-post 873 578 1215 2.744 0.460 0.103 0.020 4 0.8
Pole_occipital 1839 1254 3182 2.026 0.696 0.135 0.033 20 2.8
Pole_temporal 1423 1077 5223 3.346 0.841 0.159 0.049 24 2.6
S_calcarine 2072 1428 2136 1.803 0.582 0.140 0.029 23 2.8
S_central 3075 2067 3560 2.041 0.698 0.107 0.020 18 2.6
S_cingul-Marginalis 920 591 1073 2.076 0.454 0.096 0.013 5 0.6
S_circular_insula_ant 480 328 812 3.191 0.387 0.108 0.021 2 0.5
S_circular_insula_inf 1298 859 2189 3.278 0.610 0.089 0.017 6 0.9
S_circular_insula_sup 1555 1015 2336 2.965 0.367 0.102 0.019 7 1.3
S_collat_transv_ant 1022 685 1709 2.666 0.499 0.103 0.017 7 0.7
S_collat_transv_post 473 323 489 1.934 0.373 0.150 0.031 6 0.6
S_front_inf 2110 1368 3016 2.377 0.409 0.091 0.015 11 1.2
S_front_middle 1070 768 1762 2.276 0.500 0.120 0.023 9 1.1
S_front_sup 2843 1909 4260 2.402 0.476 0.093 0.016 13 1.9
S_interm_prim-Jensen 136 101 253 2.490 0.639 0.119 0.014 1 0.1
S_intrapariet_and_P_trans 2995 1962 4020 2.237 0.413 0.102 0.015 18 1.9
S_oc_middle_and_Lunatus 931 641 1055 1.986 0.321 0.132 0.022 9 1.0
S_oc_sup_and_transversal 1275 844 1469 2.015 0.346 0.105 0.017 8 0.9
S_occipital_ant 739 494 1018 2.398 0.499 0.113 0.019 6 0.6
S_oc-temp_lat 795 525 1234 2.648 0.449 0.103 0.017 4 0.6
S_oc-temp_med_and_Lingual 1983 1320 2724 2.384 0.501 0.108 0.020 12 1.7
S_orbital_lateral 382 252 492 2.234 0.455 0.107 0.015 2 0.3
S_orbital_med-olfact 628 421 846 2.321 0.572 0.107 0.014 4 0.3
S_orbital-H_Shaped 1237 836 2345 2.933 0.626 0.113 0.021 8 1.1
S_parieto_occipital 1656 1100 2197 2.255 0.559 0.113 0.020 12 1.4
S_pericallosal 1113 702 1161 1.993 0.705 0.112 0.018 15 0.9
S_postcentral 2744 1781 3508 2.276 0.549 0.103 0.018 16 2.2
S_precentral-inf-part 1212 799 1893 2.715 0.378 0.093 0.014 5 0.7
S_precentral-sup-part 1517 990 2268 2.672 0.458 0.106 0.019 10 1.3
S_suborbital 596 401 848 2.369 0.774 0.122 0.020 5 0.5
S_subparietal 1127 801 1647 2.229 0.406 0.121 0.025 10 1.3
S_temporal_inf 1628 1096 2501 2.443 0.563 0.110 0.016 13 1.2
S_temporal_sup 5434 3592 8468 2.552 0.496 0.097 0.017 33 3.8
S_temporal_transverse 170 119 339 3.266 0.355 0.088 0.012 1 0.1
