StructName NumVert SurfArea GrayVol ThickAvg ThickStd MeanCurv GausCurv FoldInd CurvInd
G_and_S_frontomargin 1054 799 2220 2.385 0.648 0.157 0.030 17 1.3
G_and_S_occipital_inf 1041 718 1724 2.240 0.612 0.139 0.035 12 1.5
G_and_S_paracentral 1460 818 2454 2.416 0.516 0.106 0.023 15 1.3
G_and_S_subcentral 1226 808 3088 3.050 0.498 0.122 0.022 15 1.1
G_and_S_transv_frontopol 600 500 1634 2.575 0.646 0.166 0.035 13 0.8
G_and_S_cingul-Ant 2096 1422 4546 3.031 0.565 0.117 0.024 25 2.2
G_and_S_cingul-Mid-Ant 1044 704 2066 2.817 0.377 0.112 0.019 8 0.8
G_and_S_cingul-Mid-Post 1249 867 2369 2.599 0.531 0.115 0.024 11 1.3
G_cingul-Post-dorsal 619 451 1600 2.896 0.642 0.178 0.052 13 1.5
G_cingul-Post-ventral 251 162 565 3.109 0.628 0.121 0.030 3 0.2
G_cuneus 1691 1218 2242 1.689 0.551 0.163 0.037 25 2.7
G_front_inf-Opercular 1251 844 3647 3.027 0.592 0.127 0.027 17 1.4
G_front_inf-Orbital 361 227 998 3.152 0.486 0.125 0.020 4 0.3
G_front_inf-Triangul 1106 707 2950 2.954 0.556 0.129 0.026 17 1.1
G_front_middle 4196 2891 11052 2.916 0.658 0.136 0.028 67 4.9
G_front_sup 6244 4247 17075 3.182 0.602 0.128 0.027 75 6.6
G_Ins_lg_and_S_cent_ins 565 385 1412 3.403 0.675 0.118 0.033 6 0.7
G_insular_short 718 472 2408 3.856 0.735 0.119 0.028 11 0.8
G_occipital_middle 2451 1540 5482 2.630 0.499 0.138 0.028 37 2.8
G_occipital_sup 1258 842 2472 2.372 0.631 0.145 0.033 17 1.7
G_oc-temp_lat-fusifor 1501 1033 4192 3.080 0.540 0.136 0.032 21 2.1
G_oc-temp_med-Lingual 2545 1823 4245 1.958 0.727 0.157 0.037 36 4.0
G_oc-temp_med-Parahip 1559 1003 4537 3.268 0.933 0.121 0.028 18 1.8
G_orbital 2043 1561 6052 3.000 0.613 0.148 0.037 43 3.1
G_pariet_inf-Angular 2589 1776 6330 2.707 0.611 0.130 0.026 38 2.6
G_pariet_inf-Supramar 2341 1583 6018 2.991 0.514 0.128 0.025 29 2.3
G_parietal_sup 2601 1759 5612 2.436 0.587 0.126 0.025 36 2.5
G_postcentral 2135 1260 4011 2.427 0.677 0.112 0.021 24 1.8
G_precentral 2771 1529 6859 3.218 0.541 0.095 0.020 23 2.2
G_precuneus 2325 1681 5700 2.684 0.506 0.150 0.031 35 3.0
G_rectus 1037 800 2664 2.650 0.700 0.140 0.040 19 1.9
G_subcallosal 584 387 1014 2.693 0.868 0.129 0.059 9 1.4
G_temp_sup-G_T_transv 416 252 947 3.062 0.429 0.135 0.027 7 0.5
G_temp_sup-Lateral 1646 1020 5498 3.558 0.712 0.123 0.024 22 1.7
G_temp_sup-Plan_polar 522 346 1543 3.917 0.628 0.094 0.022 2 0.5
G_temp_sup-Plan_tempo 869 581 1914 2.823 0.590 0.103 0.020 8 0.7
G_temporal_inf 2538 1746 7457 3.030 0.715 0.137 0.032 50 3.7
G_temporal_middle 2221 1494 7054 3.276 0.765 0.117 0.022 28 2.0
Lat_Fis-ant-Horizont 326 221 538 2.567 0.486 0.129 0.017 3 0.3
Lat_Fis-ant-Vertical 370 252 547 2.506 0.448 0.088 0.011 1 0.2
Lat_Fis-post 950 633 1328 2.654 0.407 0.107 0.020 5 0.8
Pole_occipital 1939 1251 3206 2.077 0.658 0.125 0.028 21 2.4
Pole_temporal 1346 1045 5641 3.722 0.746 0.151 0.033 21 1.8
S_calcarine 2127 1444 2323 1.925 0.580 0.130 0.027 21 2.7
S_central 3087 2073 3831 2.152 0.677 0.103 0.021 17 2.7
S_cingul-Marginalis 909 599 1129 2.150 0.457 0.095 0.014 5 0.6
S_circular_insula_ant 469 318 796 3.090 0.413 0.108 0.021 2 0.5
S_circular_insula_inf 1341 914 2386 3.361 0.620 0.099 0.020 7 1.3
S_circular_insula_sup 1608 1060 2346 2.755 0.384 0.104 0.019 8 1.3
S_collat_transv_ant 1021 686 1681 2.687 0.481 0.103 0.017 7 0.7
S_collat_transv_post 481 323 482 1.941 0.333 0.139 0.031 5 0.6
S_front_inf 2116 1394 3134 2.383 0.383 0.092 0.014 10 1.2
S_front_middle 1032 739 1742 2.359 0.461 0.120 0.024 9 1.1
S_front_sup 3035 2055 4729 2.485 0.430 0.093 0.015 15 2.0
S_interm_prim-Jensen 184 134 358 2.405 0.612 0.135 0.021 2 0.2
S_intrapariet_and_P_trans 2869 1893 3850 2.210 0.379 0.105 0.015 17 2.0
S_oc_middle_and_Lunatus 932 645 1057 1.939 0.329 0.132 0.021 8 1.0
S_oc_sup_and_transversal 1291 857 1563 2.131 0.300 0.102 0.016 8 0.9
S_occipital_ant 939 610 1219 2.405 0.458 0.111 0.018 7 0.7
S_oc-temp_lat 768 521 1198 2.576 0.475 0.108 0.018 4 0.6
S_oc-temp_med_and_Lingual 2026 1353 2895 2.459 0.479 0.108 0.020 12 1.8
S_orbital_lateral 398 271 532 2.338 0.475 0.108 0.014 2 0.3
S_orbital_med-olfact 567 388 804 2.467 0.608 0.106 0.015 4 0.3
S_orbital-H_Shaped 1135 778 2069 2.819 0.553 0.118 0.020 8 1.1
S_parieto_occipital 1672 1112 2348 2.334 0.490 0.113 0.019 12 1.4
S_pericallosal 1077 707 1307 2.173 0.679 0.121 0.021 15 0.9
S_postcentral 2781 1822 3650 2.254 0.484 0.106 0.018 20 2.4
S_precentral-inf-part 1271 821 1968 2.696 0.340 0.093 0.012 6 0.7
S_precentral-sup-part 1458 979 2289 2.714 0.437 0.109 0.018 10 1.1
S_suborbital 669 474 1007 2.357 0.676 0.128 0.020 7 0.6
S_subparietal 1059 734 1524 2.234 0.341 0.118 0.025 9 1.2
S_temporal_inf 1772 1196 2725 2.443 0.579 0.105 0.016 12 1.3
S_temporal_sup 5325 3484 8312 2.508 0.497 0.096 0.016 33 3.8
S_temporal_transverse 210 141 379 3.086 0.413 0.090 0.011 1 0.1
