StructName NumVert SurfArea GrayVol ThickAvg ThickStd MeanCurv GausCurv FoldInd CurvInd
G_and_S_frontomargin 982 792 2222 2.312 0.704 0.160 0.038 18 1.4
G_and_S_occipital_inf 1050 742 1897 2.298 0.657 0.136 0.033 12 1.3
G_and_S_paracentral 1482 923 2600 2.346 0.594 0.132 0.042 19 2.5
G_and_S_subcentral 1128 776 2910 3.001 0.644 0.126 0.031 14 1.2
G_and_S_transv_frontopol 514 457 1722 2.702 0.847 0.163 0.039 11 0.7
G_and_S_cingul-Ant 1711 1183 3886 2.988 0.694 0.111 0.023 13 1.5
G_and_S_cingul-Mid-Ant 1225 837 2426 2.763 0.485 0.107 0.019 9 1.0
G_and_S_cingul-Mid-Post 1251 890 2403 2.612 0.478 0.116 0.022 13 1.3
G_cingul-Post-dorsal 599 434 1688 3.013 0.783 0.160 0.038 10 1.0
G_cingul-Post-ventral 231 157 565 3.232 0.565 0.114 0.033 3 0.2
G_cuneus 1430 1166 2763 2.058 0.551 0.174 0.048 26 2.3
G_front_inf-Opercular 1230 921 3734 2.917 0.681 0.139 0.039 20 1.8
G_front_inf-Orbital 350 237 1035 3.041 0.666 0.128 0.024 5 0.3
G_front_inf-Triangul 1019 682 2872 2.988 0.682 0.125 0.028 16 0.9
G_front_middle 4084 2978 11894 2.876 0.787 0.147 0.038 74 5.9
G_front_sup 6345 4505 18721 3.189 0.704 0.134 0.032 85 7.5
G_Ins_lg_and_S_cent_ins 532 404 1384 3.338 0.821 0.151 0.052 9 1.0
G_insular_short 684 536 2771 3.953 0.678 0.127 0.033 8 0.8
G_occipital_middle 2461 1626 5614 2.598 0.644 0.137 0.032 37 3.1
G_occipital_sup 1146 796 2527 2.505 0.634 0.143 0.034 16 1.4
G_oc-temp_lat-fusifor 1454 1069 4445 3.109 0.498 0.142 0.038 28 2.2
G_oc-temp_med-Lingual 2074 1688 4985 2.408 0.738 0.173 0.041 38 3.9
G_oc-temp_med-Parahip 1359 960 4248 3.224 0.868 0.125 0.028 16 1.5
G_orbital 2087 1670 6082 2.732 0.749 0.159 0.042 50 3.4
G_pariet_inf-Angular 2572 1802 6779 2.739 0.751 0.130 0.028 37 2.7
G_pariet_inf-Supramar 2187 1527 6044 3.007 0.665 0.133 0.033 32 2.6
G_parietal_sup 2510 1791 6048 2.468 0.677 0.128 0.029 36 2.5
G_postcentral 2268 1445 4264 2.338 0.757 0.120 0.035 28 3.1
G_precentral 2652 1689 7210 3.089 0.645 0.108 0.032 29 2.8
G_precuneus 2250 1688 6019 2.714 0.550 0.150 0.032 34 2.9
G_rectus 1386 918 2986 2.441 0.788 0.135 0.041 24 2.3
G_subcallosal 575 398 1009 2.804 0.956 0.147 0.055 10 1.3
G_temp_sup-G_T_transv 475 321 1055 3.008 0.412 0.108 0.019 4 0.4
G_temp_sup-Lateral 1854 1281 5023 2.833 1.100 0.163 0.052 31 4.4
G_temp_sup-Plan_polar 664 442 2046 3.810 0.626 0.085 0.018 4 0.4
G_temp_sup-Plan_tempo 718 485 1624 2.788 0.726 0.107 0.027 7 0.6
G_temporal_inf 2403 1776 7717 3.015 0.837 0.139 0.032 39 3.2
G_temporal_middle 2200 1546 7558 3.286 0.824 0.122 0.027 29 2.2
Lat_Fis-ant-Horizont 312 223 551 2.587 0.712 0.128 0.020 3 0.2
Lat_Fis-ant-Vertical 341 231 492 2.364 0.397 0.083 0.012 1 0.1
Lat_Fis-post 949 619 1353 2.624 0.496 0.099 0.020 4 0.8
Pole_occipital 1698 1255 2923 1.997 0.594 0.145 0.035 23 2.9
Pole_temporal 1406 1116 5821 3.345 0.895 0.146 0.040 21 2.0
S_calcarine 1895 1290 2503 2.187 0.627 0.119 0.025 15 2.1
S_central 3053 2013 3768 2.133 0.657 0.097 0.018 15 2.3
S_cingul-Marginalis 925 605 1166 2.057 0.436 0.090 0.012 4 0.5
S_circular_insula_ant 477 316 783 3.017 0.444 0.103 0.021 2 0.5
S_circular_insula_inf 1287 834 2220 3.143 0.768 0.083 0.013 5 0.7
S_circular_insula_sup 1505 981 2188 2.694 0.436 0.099 0.019 7 1.3
S_collat_transv_ant 1010 679 1608 2.431 0.502 0.103 0.017 7 0.6
S_collat_transv_post 425 284 425 1.903 0.322 0.138 0.031 4 0.6
S_front_inf 2059 1343 2900 2.181 0.475 0.092 0.015 10 1.3
S_front_middle 881 632 1417 2.164 0.546 0.120 0.025 8 0.9
S_front_sup 3036 2053 4683 2.287 0.512 0.093 0.017 15 2.2
S_interm_prim-Jensen 187 136 391 2.293 0.796 0.131 0.019 2 0.1
S_intrapariet_and_P_trans 2920 1918 3818 2.077 0.421 0.101 0.016 17 2.0
S_oc_middle_and_Lunatus 875 574 938 1.915 0.370 0.120 0.020 7 0.9
S_oc_sup_and_transversal 1229 808 1498 2.101 0.297 0.100 0.016 7 0.9
S_occipital_ant 777 524 1054 2.244 0.437 0.117 0.020 7 0.7
S_oc-temp_lat 727 498 1186 2.535 0.479 0.111 0.020 4 0.6
S_oc-temp_med_and_Lingual 1902 1266 2704 2.424 0.453 0.104 0.018 11 1.6
S_orbital_lateral 391 261 483 2.030 0.500 0.103 0.015 2 0.3
S_orbital_med-olfact 734 491 982 2.331 0.633 0.095 0.017 4 0.6
S_orbital-H_Shaped 1165 819 2152 2.690 0.550 0.117 0.023 8 1.2
S_parieto_occipital 1544 1018 2156 2.269 0.495 0.104 0.019 10 1.2
S_pericallosal 1200 755 1415 2.146 0.823 0.116 0.019 16 0.9
S_postcentral 2682 1759 3460 2.142 0.533 0.104 0.018 16 2.2
S_precentral-inf-part 1212 790 1822 2.531 0.456 0.091 0.014 5 0.7
S_precentral-sup-part 1435 938 2025 2.431 0.538 0.102 0.020 8 1.2
S_suborbital 663 446 1074 2.536 0.766 0.113 0.018 5 0.6
S_subparietal 1049 711 1560 2.308 0.449 0.114 0.023 9 1.1
S_temporal_inf 1853 1215 2808 2.381 0.650 0.104 0.017 13 1.4
S_temporal_sup 5361 3577 8735 2.525 0.565 0.095 0.017 31 3.9
S_temporal_transverse 239 149 505 2.938 0.503 0.054 0.008 0 0.1
