StructName NumVert SurfArea GrayVol ThickAvg ThickStd MeanCurv GausCurv FoldInd CurvInd
G_and_S_frontomargin 1146 849 2560 2.531 0.660 0.150 0.032 20 1.4
G_and_S_occipital_inf 1069 743 1897 2.341 0.652 0.140 0.033 12 1.4
G_and_S_paracentral 1491 829 2492 2.448 0.524 0.103 0.022 13 1.2
G_and_S_subcentral 1254 828 3009 3.028 0.504 0.120 0.022 15 1.1
G_and_S_transv_frontopol 608 511 1675 2.589 0.661 0.171 0.043 13 1.1
G_and_S_cingul-Ant 2172 1542 4875 2.941 0.596 0.128 0.027 29 2.8
G_and_S_cingul-Mid-Ant 1043 683 1975 2.801 0.372 0.103 0.016 7 0.7
G_and_S_cingul-Mid-Post 1231 856 2311 2.618 0.538 0.116 0.024 12 1.3
G_cingul-Post-dorsal 619 448 1618 2.929 0.671 0.172 0.036 12 1.0
G_cingul-Post-ventral 285 192 660 2.918 0.557 0.128 0.035 4 0.3
G_cuneus 1716 1245 2299 1.671 0.547 0.164 0.038 25 2.9
G_front_inf-Opercular 1205 853 3571 2.961 0.603 0.138 0.031 18 1.6
G_front_inf-Orbital 335 228 1021 3.179 0.532 0.136 0.027 4 0.3
G_front_inf-Triangul 1019 694 2798 2.885 0.538 0.130 0.024 14 1.0
G_front_middle 4414 3057 11606 2.922 0.615 0.140 0.029 70 5.3
G_front_sup 6440 4399 17694 3.206 0.553 0.133 0.029 80 7.4
G_Ins_lg_and_S_cent_ins 557 394 1281 3.096 0.762 0.123 0.036 6 0.8
G_insular_short 703 488 2366 3.750 0.759 0.127 0.030 11 0.9
G_occipital_middle 2252 1469 5072 2.619 0.523 0.141 0.029 33 2.6
G_occipital_sup 1253 854 2454 2.396 0.638 0.146 0.034 18 1.6
G_oc-temp_lat-fusifor 1493 998 4125 3.141 0.489 0.132 0.030 19 2.0
G_oc-temp_med-Lingual 2623 1879 4368 1.980 0.726 0.157 0.037 38 4.0
G_oc-temp_med-Parahip 1611 1054 4264 3.065 0.819 0.124 0.034 16 2.2
G_orbital 2075 1578 5462 2.727 0.752 0.152 0.045 45 4.0
G_pariet_inf-Angular 2603 1801 6530 2.729 0.637 0.132 0.026 36 2.7
G_pariet_inf-Supramar 2150 1448 5637 3.048 0.509 0.131 0.025 26 2.1
G_parietal_sup 2572 1803 5594 2.369 0.583 0.129 0.026 36 2.6
G_postcentral 2181 1339 4001 2.340 0.662 0.114 0.022 22 2.1
G_precentral 2782 1571 6789 3.142 0.510 0.101 0.023 26 2.3
G_precuneus 2298 1633 5668 2.706 0.522 0.152 0.032 35 3.2
G_rectus 1171 890 2789 2.496 0.702 0.161 0.054 28 2.8
G_subcallosal 528 346 941 2.717 1.031 0.119 0.044 9 0.6
G_temp_sup-G_T_transv 391 239 844 2.986 0.472 0.130 0.030 5 0.4
G_temp_sup-Lateral 1639 1062 5499 3.535 0.675 0.128 0.024 21 1.6
G_temp_sup-Plan_polar 540 365 1548 3.643 0.657 0.110 0.028 4 0.6
G_temp_sup-Plan_tempo 818 556 1816 2.818 0.629 0.099 0.017 6 0.6
G_temporal_inf 2464 1759 7535 3.034 0.664 0.138 0.029 38 3.2
G_temporal_middle 2125 1459 6951 3.245 0.813 0.123 0.024 27 2.2
Lat_Fis-ant-Horizont 344 236 593 2.743 0.595 0.132 0.016 4 0.2
Lat_Fis-ant-Vertical 354 238 485 2.392 0.412 0.089 0.011 1 0.1
Lat_Fis-post 911 614 1282 2.646 0.416 0.107 0.021 5 0.8
Pole_occipital 1853 1236 3044 2.032 0.635 0.128 0.030 20 2.5
Pole_temporal 1435 1083 5536 3.578 0.772 0.152 0.044 21 2.5
S_calcarine 2131 1431 2219 1.877 0.601 0.136 0.028 22 2.8
S_central 2978 2005 3479 2.038 0.676 0.104 0.019 17 2.4
S_cingul-Marginalis 913 597 1111 2.075 0.442 0.097 0.014 5 0.6
S_circular_insula_ant 516 348 841 3.100 0.414 0.104 0.020 2 0.5
S_circular_insula_inf 1397 921 2432 3.353 0.585 0.086 0.016 5 1.0
S_circular_insula_sup 1561 1033 2291 2.795 0.446 0.105 0.020 8 1.3
S_collat_transv_ant 1016 690 1813 2.717 0.564 0.104 0.015 7 0.7
S_collat_transv_post 493 328 476 1.901 0.352 0.146 0.033 6 0.6
S_front_inf 2173 1408 3149 2.355 0.410 0.093 0.015 11 1.2
S_front_middle 1071 766 1834 2.399 0.468 0.122 0.024 11 1.0
S_front_sup 2824 1880 4349 2.498 0.457 0.092 0.016 14 1.8
S_interm_prim-Jensen 148 110 257 2.369 0.557 0.128 0.014 1 0.1
S_intrapariet_and_P_trans 2899 1919 3887 2.207 0.409 0.104 0.015 18 1.9
S_oc_middle_and_Lunatus 915 621 1059 2.010 0.390 0.132 0.023 9 1.0
S_oc_sup_and_transversal 1249 828 1471 2.032 0.303 0.105 0.017 8 1.0
S_occipital_ant 903 583 1162 2.373 0.473 0.114 0.019 7 0.7
S_oc-temp_lat 804 546 1309 2.621 0.493 0.115 0.022 6 0.7
S_oc-temp_med_and_Lingual 1946 1310 2785 2.450 0.461 0.108 0.020 13 1.7
S_orbital_lateral 371 246 477 2.272 0.389 0.105 0.015 2 0.2
S_orbital_med-olfact 702 474 879 2.165 0.473 0.109 0.018 5 0.5
S_orbital-H_Shaped 1269 863 2379 2.870 0.595 0.114 0.023 10 1.3
S_parieto_occipital 1658 1102 2264 2.286 0.534 0.112 0.019 12 1.3
S_pericallosal 1013 645 1176 2.074 0.693 0.128 0.021 16 1.0
S_postcentral 2716 1773 3554 2.283 0.479 0.105 0.017 17 2.2
S_precentral-inf-part 1254 827 1917 2.587 0.366 0.095 0.013 6 0.7
S_precentral-sup-part 1480 974 2161 2.620 0.431 0.107 0.018 9 1.2
S_suborbital 540 358 757 2.450 0.685 0.116 0.016 4 0.4
S_subparietal 1103 744 1538 2.206 0.370 0.115 0.024 9 1.2
S_temporal_inf 1677 1126 2570 2.458 0.592 0.106 0.015 11 1.1
S_temporal_sup 5256 3468 8429 2.562 0.518 0.096 0.016 31 3.5
S_temporal_transverse 183 121 343 3.118 0.300 0.089 0.012 1 0.1
