StructName NumVert SurfArea GrayVol ThickAvg ThickStd MeanCurv GausCurv FoldInd CurvInd
G_and_S_frontomargin 1075 800 2055 2.147 0.621 0.150 0.033 23 1.4
G_and_S_occipital_inf 1139 777 2006 2.401 0.820 0.141 0.037 13 1.7
G_and_S_paracentral 1418 793 2360 2.444 0.578 0.108 0.022 13 1.3
G_and_S_subcentral 1207 828 2997 3.023 0.535 0.124 0.025 15 1.2
G_and_S_transv_frontopol 534 444 1590 2.620 0.637 0.175 0.041 14 1.0
G_and_S_cingul-Ant 1968 1393 4523 3.054 0.617 0.118 0.024 19 2.0
G_and_S_cingul-Mid-Ant 1012 691 2009 2.819 0.360 0.106 0.013 8 0.6
G_and_S_cingul-Mid-Post 1125 785 2130 2.625 0.530 0.114 0.024 10 1.1
G_cingul-Post-dorsal 648 422 1548 3.062 0.571 0.149 0.036 10 1.1
G_cingul-Post-ventral 225 148 483 2.935 0.695 0.145 0.046 4 0.4
G_cuneus 1774 1195 2226 1.725 0.524 0.155 0.039 23 3.3
G_front_inf-Opercular 1193 853 3368 2.881 0.488 0.130 0.031 16 1.5
G_front_inf-Orbital 351 235 1029 3.147 0.478 0.123 0.025 4 0.3
G_front_inf-Triangul 948 652 2520 2.809 0.477 0.125 0.024 14 0.9
G_front_middle 3799 2830 9633 2.639 0.606 0.150 0.037 73 6.1
G_front_sup 5972 4154 16011 3.125 0.610 0.133 0.028 76 7.1
G_Ins_lg_and_S_cent_ins 534 369 1248 3.313 0.655 0.120 0.035 5 0.8
G_insular_short 697 471 2537 3.946 0.754 0.115 0.027 9 0.8
G_occipital_middle 2296 1427 4860 2.568 0.488 0.138 0.031 35 2.9
G_occipital_sup 1310 816 2140 2.275 0.593 0.139 0.032 17 1.7
G_oc-temp_lat-fusifor 1616 1084 4256 3.040 0.678 0.137 0.038 22 2.7
G_oc-temp_med-Lingual 2799 1968 3739 1.717 0.623 0.158 0.044 40 5.4
G_oc-temp_med-Parahip 1495 957 4375 3.296 0.806 0.116 0.026 16 1.4
G_orbital 1944 1453 5445 2.884 0.713 0.141 0.033 36 2.5
G_pariet_inf-Angular 2351 1690 5539 2.579 0.577 0.135 0.030 35 2.8
G_pariet_inf-Supramar 2127 1517 5556 2.986 0.518 0.137 0.028 28 2.4
G_parietal_sup 2523 1719 5243 2.359 0.527 0.133 0.029 35 2.9
G_postcentral 2030 1262 3736 2.304 0.616 0.114 0.024 22 2.0
G_precentral 2590 1542 6226 2.997 0.531 0.105 0.022 25 2.1
G_precuneus 2218 1519 5196 2.755 0.465 0.141 0.032 31 2.9
G_rectus 1012 720 2405 2.669 0.694 0.134 0.034 18 1.4
G_subcallosal 442 314 755 2.531 0.969 0.141 0.040 5 0.7
G_temp_sup-G_T_transv 412 243 967 3.168 0.408 0.121 0.022 5 0.3
G_temp_sup-Lateral 1532 1017 5155 3.530 0.659 0.128 0.025 21 1.6
G_temp_sup-Plan_polar 492 339 1546 3.794 0.600 0.085 0.014 2 0.3
G_temp_sup-Plan_tempo 737 493 1614 2.726 0.651 0.095 0.023 6 0.7
G_temporal_inf 2143 1517 6566 3.069 0.773 0.142 0.031 36 3.0
G_temporal_middle 1974 1478 6597 3.151 0.778 0.135 0.031 30 2.7
Lat_Fis-ant-Horizont 338 233 581 2.641 0.378 0.131 0.018 4 0.3
Lat_Fis-ant-Vertical 322 220 417 2.357 0.370 0.092 0.012 1 0.2
Lat_Fis-post 878 593 1228 2.654 0.468 0.102 0.020 4 0.8
Pole_occipital 1925 1252 2810 1.792 0.664 0.125 0.032 19 2.7
Pole_temporal 1369 1048 5563 3.627 0.740 0.153 0.040 21 2.4
S_calcarine 2138 1497 2174 1.766 0.695 0.136 0.031 24 2.8
S_central 2814 1898 3316 2.025 0.656 0.104 0.021 17 2.5
S_cingul-Marginalis 892 601 1126 2.148 0.394 0.098 0.013 5 0.5
S_circular_insula_ant 443 304 761 3.135 0.453 0.103 0.022 2 0.4
S_circular_insula_inf 1290 857 2203 3.220 0.672 0.088 0.014 5 0.8
S_circular_insula_sup 1442 945 2146 2.949 0.403 0.100 0.018 7 1.0
S_collat_transv_ant 954 631 1547 2.691 0.488 0.096 0.014 6 0.5
S_collat_transv_post 496 348 484 1.835 0.400 0.161 0.036 7 0.7
S_front_inf 1944 1299 2709 2.245 0.402 0.093 0.016 9 1.3
S_front_middle 977 734 1587 2.024 0.487 0.126 0.024 11 1.1
S_front_sup 2553 1759 3575 2.172 0.505 0.096 0.015 13 1.7
S_interm_prim-Jensen 126 99 179 1.990 0.428 0.129 0.015 1 0.1
S_intrapariet_and_P_trans 2950 1980 3864 2.145 0.418 0.105 0.016 18 2.0
S_oc_middle_and_Lunatus 860 590 940 1.972 0.397 0.133 0.025 8 1.0
S_oc_sup_and_transversal 1262 851 1594 2.184 0.375 0.103 0.017 8 0.9
S_occipital_ant 784 523 1115 2.435 0.562 0.109 0.019 6 0.6
S_oc-temp_lat 752 508 1226 2.801 0.438 0.107 0.019 4 0.6
S_oc-temp_med_and_Lingual 2066 1403 2925 2.419 0.476 0.109 0.020 12 1.9
S_orbital_lateral 310 212 370 1.956 0.512 0.116 0.017 2 0.3
S_orbital_med-olfact 677 459 917 2.309 0.604 0.110 0.014 5 0.4
S_orbital-H_Shaped 1125 782 2095 2.852 0.556 0.117 0.022 8 1.0
S_parieto_occipital 1722 1151 2355 2.381 0.682 0.115 0.020 13 1.4
S_pericallosal 896 605 1092 2.265 0.709 0.149 0.025 18 1.2
S_postcentral 2566 1715 3301 2.221 0.499 0.108 0.019 17 2.1
S_precentral-inf-part 1135 768 1762 2.607 0.482 0.094 0.013 5 0.7
S_precentral-sup-part 1386 921 2056 2.633 0.521 0.104 0.018 8 1.0
S_suborbital 597 397 961 2.677 0.864 0.109 0.017 4 0.4
S_subparietal 1155 805 1692 2.373 0.382 0.121 0.027 10 1.4
S_temporal_inf 1541 1060 2548 2.596 0.627 0.106 0.017 11 1.2
S_temporal_sup 5148 3455 8306 2.558 0.528 0.098 0.017 32 3.9
S_temporal_transverse 161 120 337 3.169 0.394 0.088 0.011 1 0.1
