StructName NumVert SurfArea GrayVol ThickAvg ThickStd MeanCurv GausCurv FoldInd CurvInd
G_and_S_frontomargin 1095 822 2211 2.270 0.661 0.151 0.032 17 1.4
G_and_S_occipital_inf 1027 716 1798 2.355 0.588 0.139 0.034 12 1.4
G_and_S_paracentral 1469 827 2597 2.494 0.560 0.105 0.021 13 1.3
G_and_S_subcentral 1222 790 3076 3.188 0.535 0.118 0.022 13 1.1
G_and_S_transv_frontopol 560 477 1487 2.459 0.626 0.164 0.035 10 0.9
G_and_S_cingul-Ant 2037 1428 4598 3.021 0.597 0.118 0.024 19 2.2
G_and_S_cingul-Mid-Ant 1067 714 2129 2.876 0.386 0.108 0.018 8 0.8
G_and_S_cingul-Mid-Post 1215 877 2351 2.621 0.548 0.120 0.023 15 1.2
G_cingul-Post-dorsal 638 467 1642 2.935 0.674 0.172 0.040 11 1.1
G_cingul-Post-ventral 248 161 573 3.112 0.681 0.116 0.031 3 0.2
G_cuneus 1687 1227 2308 1.705 0.529 0.166 0.038 24 2.8
G_front_inf-Opercular 1203 848 3694 3.046 0.615 0.133 0.029 18 1.4
G_front_inf-Orbital 429 267 1052 2.715 0.785 0.122 0.040 5 0.6
G_front_inf-Triangul 959 635 2590 2.880 0.592 0.130 0.026 13 1.1
G_front_middle 4172 2996 11060 2.850 0.638 0.144 0.030 67 5.5
G_front_sup 6169 4263 17133 3.205 0.595 0.136 0.030 84 7.7
G_Ins_lg_and_S_cent_ins 617 413 1292 2.894 1.071 0.123 0.035 7 0.8
G_insular_short 749 525 2404 3.529 0.984 0.133 0.036 11 1.0
G_occipital_middle 2301 1501 5296 2.655 0.533 0.140 0.029 33 2.7
G_occipital_sup 1219 823 2413 2.403 0.655 0.147 0.034 17 1.6
G_oc-temp_lat-fusifor 1586 1073 4341 3.103 0.530 0.132 0.032 20 2.1
G_oc-temp_med-Lingual 2503 1790 4269 2.012 0.716 0.159 0.038 38 3.9
G_oc-temp_med-Parahip 1451 940 4269 3.223 0.950 0.124 0.037 17 2.0
G_orbital 2115 1644 5766 2.699 0.693 0.161 0.049 44 4.4
G_pariet_inf-Angular 2524 1784 6225 2.677 0.622 0.133 0.028 35 2.7
G_pariet_inf-Supramar 2186 1459 5734 3.076 0.519 0.129 0.024 27 2.1
G_parietal_sup 2471 1783 5483 2.374 0.565 0.134 0.027 39 2.6
G_postcentral 2099 1293 3977 2.393 0.660 0.115 0.021 22 1.9
G_precentral 2739 1592 6937 3.165 0.536 0.102 0.020 24 2.1
G_precuneus 2170 1533 5413 2.703 0.524 0.152 0.031 34 3.0
G_rectus 1112 823 2885 2.632 0.642 0.136 0.039 20 1.8
G_subcallosal 441 291 753 2.658 0.976 0.129 0.056 12 1.0
G_temp_sup-G_T_transv 453 262 1016 3.169 0.434 0.114 0.025 6 0.4
G_temp_sup-Lateral 1726 1089 5855 3.532 0.691 0.128 0.028 23 2.0
G_temp_sup-Plan_polar 583 407 1306 2.551 0.839 0.096 0.030 3 0.5
G_temp_sup-Plan_tempo 813 549 1809 2.786 0.682 0.094 0.016 6 0.5
G_temporal_inf 2481 1745 7571 3.058 0.714 0.136 0.029 37 3.1
G_temporal_middle 1936 1343 6645 3.300 0.741 0.122 0.025 24 2.1
Lat_Fis-ant-Horizont 355 240 595 2.668 0.774 0.128 0.021 4 0.3
Lat_Fis-ant-Vertical 324 225 464 2.381 0.483 0.089 0.010 1 0.1
Lat_Fis-post 885 589 1255 2.718 0.480 0.104 0.020 4 0.8
Pole_occipital 1773 1201 3256 2.146 0.667 0.130 0.029 20 2.3
Pole_temporal 1356 1046 4951 3.094 0.848 0.159 0.056 21 3.0
S_calcarine 2120 1447 2280 1.876 0.574 0.134 0.028 22 2.5
S_central 3027 2045 3614 2.079 0.674 0.106 0.020 17 2.6
S_cingul-Marginalis 916 604 1129 2.136 0.423 0.099 0.014 5 0.6
S_circular_insula_ant 492 330 809 2.919 0.529 0.108 0.021 2 0.5
S_circular_insula_inf 1337 889 2253 3.200 0.621 0.091 0.017 5 1.0
S_circular_insula_sup 1516 1000 2287 2.874 0.401 0.101 0.018 7 1.2
S_collat_transv_ant 962 637 1586 2.623 0.598 0.106 0.017 7 0.7
S_collat_transv_post 492 337 519 1.984 0.388 0.147 0.030 6 0.6
S_front_inf 2132 1387 2966 2.272 0.412 0.091 0.014 10 1.2
S_front_middle 1048 759 1761 2.286 0.476 0.122 0.024 12 1.1
S_front_sup 2759 1854 4131 2.394 0.467 0.091 0.014 12 1.7
S_interm_prim-Jensen 158 117 278 2.278 0.636 0.131 0.027 3 0.2
S_intrapariet_and_P_trans 3013 1993 4103 2.225 0.413 0.106 0.016 18 2.1
S_oc_middle_and_Lunatus 853 583 966 2.015 0.365 0.128 0.022 7 0.9
S_oc_sup_and_transversal 1280 850 1499 2.048 0.339 0.105 0.017 8 1.0
S_occipital_ant 831 548 1098 2.377 0.503 0.106 0.018 6 0.6
S_oc-temp_lat 744 489 1098 2.517 0.453 0.104 0.018 4 0.5
S_oc-temp_med_and_Lingual 1931 1288 2726 2.431 0.504 0.108 0.020 12 1.7
S_orbital_lateral 371 249 468 2.205 0.614 0.109 0.015 2 0.3
S_orbital_med-olfact 638 423 852 2.262 0.539 0.104 0.015 5 0.4
S_orbital-H_Shaped 1215 840 2079 2.585 0.608 0.124 0.032 11 1.6
S_parieto_occipital 1649 1097 2268 2.330 0.590 0.113 0.020 12 1.4
S_pericallosal 1021 647 1208 2.072 0.755 0.129 0.020 16 0.9
S_postcentral 2731 1784 3575 2.301 0.537 0.104 0.018 16 2.2
S_precentral-inf-part 1184 780 1783 2.622 0.392 0.095 0.012 5 0.7
S_precentral-sup-part 1492 966 2187 2.694 0.432 0.103 0.018 9 1.2
S_suborbital 612 420 880 2.335 0.877 0.119 0.016 5 0.5
S_subparietal 1182 837 1712 2.216 0.373 0.117 0.022 10 1.2
S_temporal_inf 1749 1171 2585 2.411 0.642 0.111 0.016 13 1.4
S_temporal_sup 5315 3542 8333 2.532 0.523 0.098 0.016 32 3.7
S_temporal_transverse 154 104 304 3.242 0.328 0.071 0.008 0 0.1
