StructName NumVert SurfArea GrayVol ThickAvg ThickStd MeanCurv GausCurv FoldInd CurvInd
G_and_S_frontomargin 1012 779 2135 2.337 0.641 0.149 0.032 21 1.2
G_and_S_occipital_inf 1079 743 1845 2.315 0.594 0.142 0.034 13 1.4
G_and_S_paracentral 1485 808 2564 2.539 0.545 0.104 0.021 13 1.2
G_and_S_subcentral 1201 828 2858 2.940 0.413 0.131 0.021 16 1.0
G_and_S_transv_frontopol 595 526 1861 2.634 0.602 0.180 0.046 17 1.2
G_and_S_cingul-Ant 2075 1465 4585 2.977 0.565 0.120 0.024 21 2.0
G_and_S_cingul-Mid-Ant 1044 701 2055 2.872 0.387 0.108 0.018 8 0.8
G_and_S_cingul-Mid-Post 1296 901 2391 2.626 0.505 0.112 0.021 11 1.2
G_cingul-Post-dorsal 707 496 1699 2.915 0.640 0.167 0.040 14 1.1
G_cingul-Post-ventral 266 175 580 2.933 0.615 0.127 0.034 6 0.3
G_cuneus 1714 1217 2214 1.684 0.513 0.161 0.038 23 2.8
G_front_inf-Opercular 1131 810 3200 2.899 0.473 0.138 0.030 19 1.4
G_front_inf-Orbital 366 253 1043 3.028 0.448 0.143 0.028 6 0.4
G_front_inf-Triangul 896 641 2376 2.703 0.451 0.136 0.027 14 1.0
G_front_middle 4078 3020 10297 2.690 0.588 0.146 0.030 73 5.0
G_front_sup 6108 4239 16981 3.218 0.547 0.135 0.029 84 6.9
G_Ins_lg_and_S_cent_ins 602 408 1431 3.435 0.563 0.125 0.043 7 1.1
G_insular_short 687 467 2300 3.776 0.765 0.121 0.031 10 0.8
G_occipital_middle 2345 1488 5174 2.664 0.486 0.135 0.029 32 2.8
G_occipital_sup 1341 877 2413 2.326 0.582 0.143 0.033 17 1.8
G_oc-temp_lat-fusifor 1484 1012 4049 3.081 0.453 0.135 0.030 21 1.9
G_oc-temp_med-Lingual 2561 1724 4280 2.070 0.712 0.150 0.039 37 4.0
G_oc-temp_med-Parahip 1573 1013 4521 3.201 0.764 0.115 0.024 15 1.4
G_orbital 2030 1555 5723 2.834 0.702 0.143 0.037 38 2.9
G_pariet_inf-Angular 2538 1761 6184 2.747 0.561 0.133 0.026 38 2.5
G_pariet_inf-Supramar 2144 1476 5431 2.964 0.428 0.133 0.026 27 2.3
G_parietal_sup 2596 1751 5763 2.487 0.604 0.128 0.026 35 2.6
G_postcentral 2172 1354 4131 2.365 0.592 0.114 0.023 25 2.0
G_precentral 2682 1614 6525 3.031 0.515 0.107 0.023 26 2.4
G_precuneus 2269 1574 5686 2.813 0.532 0.146 0.032 31 3.2
G_rectus 982 746 2686 2.612 0.581 0.131 0.035 17 1.4
G_subcallosal 433 294 732 2.560 0.972 0.123 0.052 6 0.7
G_temp_sup-G_T_transv 432 270 1000 3.086 0.386 0.127 0.025 6 0.4
G_temp_sup-Lateral 1611 1027 5147 3.492 0.660 0.124 0.025 24 1.6
G_temp_sup-Plan_polar 557 380 1641 3.624 0.676 0.093 0.018 3 0.4
G_temp_sup-Plan_tempo 837 563 1828 2.849 0.538 0.098 0.018 6 0.6
G_temporal_inf 2386 1750 6944 2.950 0.618 0.141 0.031 44 3.0
G_temporal_middle 1944 1461 6585 3.158 0.638 0.134 0.027 32 2.3
Lat_Fis-ant-Horizont 356 252 654 2.575 0.504 0.128 0.019 4 0.3
Lat_Fis-ant-Vertical 370 249 501 2.334 0.391 0.086 0.010 1 0.1
Lat_Fis-post 880 595 1261 2.705 0.424 0.107 0.019 5 0.7
Pole_occipital 1821 1222 2820 1.914 0.684 0.131 0.029 18 2.3
Pole_temporal 1440 1082 5605 3.534 0.809 0.148 0.035 21 2.2
S_calcarine 2095 1441 2057 1.725 0.619 0.142 0.030 25 2.8
S_central 2930 1975 3533 2.081 0.645 0.103 0.020 17 2.4
S_cingul-Marginalis 909 604 1163 2.175 0.420 0.099 0.014 5 0.6
S_circular_insula_ant 552 369 895 2.962 0.451 0.105 0.022 2 0.6
S_circular_insula_inf 1313 862 2173 3.098 0.558 0.087 0.012 5 0.8
S_circular_insula_sup 1554 1028 2284 2.780 0.364 0.105 0.019 7 1.3
S_collat_transv_ant 990 675 1661 2.494 0.572 0.104 0.015 7 0.7
S_collat_transv_post 459 326 478 1.926 0.369 0.157 0.031 6 0.6
S_front_inf 2028 1353 2867 2.248 0.369 0.095 0.015 10 1.3
S_front_middle 1060 785 1824 2.200 0.504 0.126 0.026 12 1.1
S_front_sup 2766 1875 4016 2.306 0.423 0.095 0.016 14 1.9
S_interm_prim-Jensen 119 87 153 1.954 0.272 0.126 0.015 1 0.1
S_intrapariet_and_P_trans 3038 2011 4131 2.264 0.397 0.105 0.015 19 2.0
S_oc_middle_and_Lunatus 903 615 1010 1.992 0.389 0.130 0.023 8 0.9
S_oc_sup_and_transversal 1303 865 1600 2.104 0.362 0.106 0.018 9 1.0
S_occipital_ant 769 511 1112 2.401 0.447 0.112 0.020 6 0.6
S_oc-temp_lat 756 514 1173 2.562 0.489 0.115 0.021 5 0.6
S_oc-temp_med_and_Lingual 1998 1368 2956 2.474 0.456 0.112 0.021 13 1.9
S_orbital_lateral 331 227 417 2.139 0.512 0.116 0.019 2 0.3
S_orbital_med-olfact 634 428 818 2.194 0.554 0.109 0.016 5 0.3
S_orbital-H_Shaped 1199 832 2153 2.761 0.536 0.118 0.022 9 1.1
S_parieto_occipital 1677 1121 2321 2.338 0.519 0.116 0.020 13 1.4
S_pericallosal 1235 780 1376 2.078 0.761 0.116 0.018 17 1.0
S_postcentral 2611 1728 3438 2.281 0.489 0.109 0.018 17 2.2
S_precentral-inf-part 1231 810 1869 2.548 0.386 0.096 0.013 6 0.7
S_precentral-sup-part 1444 941 2067 2.525 0.421 0.106 0.018 9 1.2
S_suborbital 626 446 950 2.383 0.687 0.119 0.017 5 0.5
S_subparietal 1089 763 1557 2.341 0.384 0.117 0.022 8 1.2
S_temporal_inf 1617 1108 2557 2.508 0.509 0.106 0.016 10 1.2
S_temporal_sup 5352 3541 8447 2.545 0.472 0.098 0.016 35 3.6
S_temporal_transverse 162 111 318 3.322 0.388 0.094 0.014 1 0.1
