StructName NumVert SurfArea GrayVol ThickAvg ThickStd MeanCurv GausCurv FoldInd CurvInd
G_and_S_frontomargin 1069 816 2180 2.257 0.716 0.157 0.031 18 1.5
G_and_S_occipital_inf 1142 814 2119 2.274 0.838 0.150 0.037 14 1.8
G_and_S_paracentral 1323 796 2432 2.490 0.533 0.111 0.022 12 1.2
G_and_S_subcentral 1230 831 3099 3.130 0.564 0.125 0.022 15 1.1
G_and_S_transv_frontopol 551 484 1592 2.509 0.655 0.176 0.042 11 1.1
G_and_S_cingul-Ant 2176 1555 4757 2.828 0.655 0.126 0.027 27 2.7
G_and_S_cingul-Mid-Ant 1079 730 2135 2.768 0.400 0.108 0.017 9 0.8
G_and_S_cingul-Mid-Post 1235 875 2284 2.518 0.557 0.124 0.025 15 1.4
G_cingul-Post-dorsal 593 432 1504 2.813 0.762 0.158 0.044 9 1.1
G_cingul-Post-ventral 267 181 597 3.032 0.651 0.125 0.030 4 0.3
G_cuneus 1711 1282 2068 1.532 0.551 0.171 0.040 25 3.0
G_front_inf-Opercular 1198 865 3539 2.891 0.629 0.137 0.029 18 1.3
G_front_inf-Orbital 322 222 937 2.929 0.559 0.149 0.026 5 0.3
G_front_inf-Triangul 987 692 2728 2.815 0.634 0.141 0.026 15 1.1
G_front_middle 3883 2941 10349 2.708 0.692 0.152 0.031 74 5.4
G_front_sup 5942 4311 16909 3.130 0.634 0.141 0.030 82 7.5
G_Ins_lg_and_S_cent_ins 522 347 1237 3.352 0.672 0.111 0.030 4 0.6
G_insular_short 711 462 2341 3.821 0.723 0.126 0.033 9 1.0
G_occipital_middle 2330 1462 5150 2.685 0.603 0.133 0.028 31 2.6
G_occipital_sup 1445 906 2477 2.291 0.720 0.140 0.036 20 2.0
G_oc-temp_lat-fusifor 1501 1052 4163 3.080 0.631 0.137 0.034 21 2.2
G_oc-temp_med-Lingual 2653 1966 3957 1.778 0.676 0.157 0.040 37 4.3
G_oc-temp_med-Parahip 1488 965 4433 3.265 0.824 0.115 0.023 14 1.4
G_orbital 2070 1644 5623 2.731 0.710 0.152 0.043 38 3.9
G_pariet_inf-Angular 2632 1832 6567 2.783 0.641 0.135 0.027 37 2.8
G_pariet_inf-Supramar 1994 1385 5407 3.080 0.528 0.133 0.026 23 2.0
G_parietal_sup 2583 1842 5676 2.394 0.627 0.132 0.027 35 2.7
G_postcentral 2086 1306 4061 2.403 0.681 0.119 0.023 24 2.1
G_precentral 2597 1565 6766 3.165 0.529 0.106 0.022 24 2.3
G_precuneus 2300 1647 5975 2.763 0.613 0.150 0.031 35 3.3
G_rectus 1179 829 2593 2.346 0.675 0.147 0.044 56 2.4
G_subcallosal 613 405 1109 2.811 0.858 0.120 0.037 12 1.0
G_temp_sup-G_T_transv 438 264 989 3.103 0.451 0.132 0.033 7 0.5
G_temp_sup-Lateral 1626 1064 5548 3.550 0.705 0.130 0.026 22 1.7
G_temp_sup-Plan_polar 534 357 1607 3.770 0.680 0.094 0.023 2 0.6
G_temp_sup-Plan_tempo 787 542 1765 2.796 0.576 0.103 0.019 7 0.6
G_temporal_inf 2479 1790 7862 3.118 0.708 0.139 0.032 42 3.3
G_temporal_middle 2139 1473 7224 3.321 0.765 0.121 0.023 27 2.1
Lat_Fis-ant-Horizont 319 222 533 2.367 0.612 0.135 0.022 4 0.3
Lat_Fis-ant-Vertical 354 232 427 2.114 0.426 0.083 0.010 1 0.1
Lat_Fis-post 879 589 1247 2.772 0.396 0.108 0.020 5 0.8
Pole_occipital 1995 1322 2845 1.793 0.683 0.132 0.032 21 2.8
Pole_temporal 1378 1039 5632 3.621 0.844 0.155 0.041 21 2.3
S_calcarine 2124 1449 2055 1.698 0.631 0.140 0.030 25 2.8
S_central 2974 1994 3518 2.055 0.666 0.104 0.022 17 2.6
S_cingul-Marginalis 895 592 1146 2.124 0.418 0.098 0.014 5 0.6
S_circular_insula_ant 492 330 797 3.007 0.509 0.101 0.021 2 0.5
S_circular_insula_inf 1379 902 2436 3.436 0.627 0.082 0.013 5 0.8
S_circular_insula_sup 1593 1039 2302 2.745 0.439 0.105 0.019 8 1.4
S_collat_transv_ant 1061 715 1786 2.675 0.539 0.101 0.015 8 0.6
S_collat_transv_post 521 364 503 1.903 0.479 0.155 0.036 7 0.7
S_front_inf 2070 1347 2566 2.008 0.443 0.093 0.015 11 1.2
S_front_middle 1029 760 1722 2.112 0.566 0.126 0.024 10 1.2
S_front_sup 2724 1850 3940 2.248 0.474 0.092 0.016 14 1.8
S_interm_prim-Jensen 171 124 328 2.511 0.665 0.139 0.019 2 0.2
S_intrapariet_and_P_trans 2875 1892 3984 2.304 0.402 0.103 0.015 18 1.9
S_oc_middle_and_Lunatus 921 631 1008 1.981 0.421 0.136 0.024 9 1.0
S_oc_sup_and_transversal 1363 885 1633 2.090 0.371 0.104 0.018 9 1.0
S_occipital_ant 651 431 893 2.547 0.522 0.114 0.020 5 0.5
S_oc-temp_lat 809 540 1307 2.675 0.480 0.107 0.018 5 0.6
S_oc-temp_med_and_Lingual 2006 1331 2820 2.443 0.472 0.110 0.021 12 1.9
S_orbital_lateral 382 253 472 2.148 0.495 0.105 0.013 2 0.2
S_orbital_med-olfact 669 443 842 2.235 0.534 0.106 0.015 5 0.4
S_orbital-H_Shaped 1187 824 2151 2.687 0.562 0.118 0.024 9 1.2
S_parieto_occipital 1723 1122 2311 2.323 0.557 0.110 0.018 12 1.4
S_pericallosal 974 610 1024 2.014 0.655 0.125 0.020 15 0.8
S_postcentral 2700 1762 3515 2.244 0.531 0.105 0.017 18 2.1
S_precentral-inf-part 1183 783 1766 2.542 0.425 0.092 0.012 5 0.6
S_precentral-sup-part 1428 935 2059 2.597 0.505 0.108 0.018 9 1.1
S_suborbital 589 390 781 2.206 0.784 0.110 0.015 4 0.4
S_subparietal 1074 747 1521 2.181 0.355 0.118 0.023 9 1.0
S_temporal_inf 1679 1143 2611 2.482 0.527 0.109 0.017 12 1.2
S_temporal_sup 5519 3653 8753 2.577 0.522 0.097 0.016 34 3.8
S_temporal_transverse 190 131 391 3.212 0.399 0.078 0.010 1 0.1
