StructName NumVert SurfArea GrayVol ThickAvg ThickStd MeanCurv GausCurv FoldInd CurvInd
G_and_S_frontomargin 1026 806 2195 2.398 0.700 0.161 0.035 20 1.7
G_and_S_occipital_inf 1002 697 1779 2.322 0.640 0.140 0.034 12 1.3
G_and_S_paracentral 1468 797 2457 2.475 0.543 0.105 0.022 13 1.3
G_and_S_subcentral 1264 824 3153 3.168 0.535 0.119 0.021 15 1.0
G_and_S_transv_frontopol 645 544 1865 2.595 0.620 0.175 0.042 14 1.3
G_and_S_cingul-Ant 2149 1503 4597 2.932 0.550 0.117 0.025 21 2.5
G_and_S_cingul-Mid-Ant 1137 750 2234 2.834 0.379 0.107 0.018 9 0.8
G_and_S_cingul-Mid-Post 1242 852 2231 2.566 0.547 0.112 0.024 11 1.3
G_cingul-Post-dorsal 650 467 1653 2.855 0.685 0.175 0.043 13 1.3
G_cingul-Post-ventral 252 160 594 3.089 0.620 0.118 0.034 3 0.2
G_cuneus 1625 1203 2172 1.668 0.538 0.168 0.038 24 2.7
G_front_inf-Opercular 1271 854 3666 2.979 0.620 0.129 0.027 19 1.4
G_front_inf-Orbital 400 265 1115 3.048 0.545 0.127 0.023 5 0.3
G_front_inf-Triangul 1030 665 2578 2.795 0.597 0.130 0.024 13 1.0
G_front_middle 4100 2874 10906 2.913 0.656 0.136 0.029 64 4.8
G_front_sup 6177 4256 17490 3.214 0.567 0.133 0.028 81 7.0
G_Ins_lg_and_S_cent_ins 540 362 1356 3.553 0.635 0.101 0.027 4 0.5
G_insular_short 645 410 2243 3.925 0.761 0.120 0.027 9 0.7
G_occipital_middle 2156 1415 5038 2.650 0.511 0.140 0.029 31 2.7
G_occipital_sup 1302 879 2519 2.331 0.649 0.148 0.034 18 1.7
G_oc-temp_lat-fusifor 1542 1013 4261 3.133 0.494 0.130 0.030 20 1.9
G_oc-temp_med-Lingual 2493 1790 4264 2.019 0.723 0.157 0.038 35 4.0
G_oc-temp_med-Parahip 1515 961 4484 3.333 0.814 0.116 0.023 15 1.3
G_orbital 2031 1556 5906 2.911 0.598 0.150 0.039 43 3.6
G_pariet_inf-Angular 2580 1759 6425 2.748 0.665 0.133 0.027 38 2.8
G_pariet_inf-Supramar 2212 1479 5867 3.061 0.544 0.130 0.025 28 2.1
G_parietal_sup 2622 1821 5672 2.400 0.594 0.126 0.025 36 2.6
G_postcentral 2124 1260 3972 2.404 0.638 0.112 0.022 23 1.9
G_precentral 2846 1609 6989 3.153 0.548 0.100 0.020 25 2.4
G_precuneus 2279 1605 5599 2.714 0.542 0.147 0.032 33 3.2
G_rectus 1038 766 2667 2.611 0.647 0.138 0.035 20 1.6
G_subcallosal 522 336 931 2.686 0.894 0.110 0.046 8 0.7
G_temp_sup-G_T_transv 448 267 966 3.092 0.422 0.125 0.023 6 0.4
G_temp_sup-Lateral 1660 1045 5455 3.532 0.704 0.127 0.025 22 1.7
G_temp_sup-Plan_polar 518 350 1669 3.901 0.549 0.083 0.018 2 0.3
G_temp_sup-Plan_tempo 787 531 1790 2.821 0.646 0.093 0.016 6 0.5
G_temporal_inf 2486 1792 7864 3.142 0.658 0.141 0.030 41 3.1
G_temporal_middle 2054 1413 6877 3.307 0.749 0.123 0.024 27 2.1
Lat_Fis-ant-Horizont 330 220 540 2.586 0.542 0.128 0.016 3 0.2
Lat_Fis-ant-Vertical 332 228 451 2.298 0.427 0.090 0.012 1 0.1
Lat_Fis-post 893 598 1285 2.686 0.476 0.108 0.019 4 0.8
Pole_occipital 1802 1181 3064 2.070 0.677 0.127 0.030 20 2.2
Pole_temporal 1369 1035 5983 3.678 0.844 0.151 0.036 22 2.3
S_calcarine 2134 1408 2251 1.894 0.578 0.127 0.026 21 2.5
S_central 3047 2041 3708 2.118 0.676 0.101 0.019 16 2.4
S_cingul-Marginalis 906 591 1083 2.059 0.406 0.097 0.014 5 0.5
S_circular_insula_ant 515 342 885 3.217 0.440 0.103 0.020 2 0.5
S_circular_insula_inf 1378 904 2314 3.143 0.610 0.085 0.017 5 1.0
S_circular_insula_sup 1576 1039 2351 2.779 0.425 0.105 0.019 8 1.3
S_collat_transv_ant 993 667 1657 2.629 0.496 0.106 0.016 7 0.7
S_collat_transv_post 522 362 556 1.964 0.343 0.153 0.032 6 0.7
S_front_inf 2107 1360 2838 2.243 0.414 0.090 0.015 10 1.2
S_front_middle 1229 878 2102 2.272 0.518 0.121 0.025 12 1.3
S_front_sup 2815 1877 4224 2.439 0.444 0.092 0.015 14 1.8
S_interm_prim-Jensen 119 90 193 2.218 0.516 0.130 0.015 1 0.1
S_intrapariet_and_P_trans 2838 1849 3745 2.193 0.390 0.103 0.015 17 1.8
S_oc_middle_and_Lunatus 882 596 928 1.880 0.347 0.127 0.022 8 0.9
S_oc_sup_and_transversal 1331 876 1576 2.018 0.313 0.102 0.017 8 0.9
S_occipital_ant 737 488 982 2.368 0.492 0.114 0.020 6 0.6
S_oc-temp_lat 768 512 1192 2.601 0.465 0.108 0.020 5 0.6
S_oc-temp_med_and_Lingual 1942 1298 2697 2.399 0.465 0.109 0.020 12 1.7
S_orbital_lateral 339 235 427 2.109 0.404 0.114 0.015 2 0.2
S_orbital_med-olfact 655 437 901 2.385 0.608 0.097 0.012 4 0.3
S_orbital-H_Shaped 1182 825 2136 2.728 0.528 0.124 0.023 9 1.3
S_parieto_occipital 1682 1103 2269 2.252 0.522 0.109 0.019 12 1.4
S_pericallosal 991 626 1106 2.066 0.709 0.126 0.021 15 0.9
S_postcentral 2795 1826 3657 2.286 0.502 0.104 0.017 17 2.2
S_precentral-inf-part 1199 784 1819 2.672 0.348 0.093 0.012 5 0.7
S_precentral-sup-part 1527 988 2248 2.663 0.463 0.107 0.018 10 1.2
S_suborbital 638 427 943 2.425 0.722 0.112 0.017 5 0.5
S_subparietal 1134 787 1595 2.183 0.373 0.119 0.024 10 1.2
S_temporal_inf 1665 1106 2367 2.363 0.569 0.107 0.014 12 1.1
S_temporal_sup 5478 3613 8477 2.511 0.514 0.096 0.016 32 3.7
S_temporal_transverse 151 102 285 3.177 0.334 0.071 0.010 0 0.1
