StructName NumVert SurfArea GrayVol ThickAvg ThickStd MeanCurv GausCurv FoldInd CurvInd
G_and_S_frontomargin 1161 824 2201 2.293 0.617 0.126 0.026 15 1.3
G_and_S_occipital_inf 1372 952 2407 2.147 0.548 0.127 0.027 15 1.4
G_and_S_paracentral 1467 865 2080 2.197 0.612 0.107 0.023 12 1.3
G_and_S_subcentral 1618 1086 3632 2.833 0.483 0.133 0.025 20 1.6
G_and_S_transv_frontopol 771 553 1886 2.650 0.475 0.145 0.031 14 1.0
G_and_S_cingul-Ant 2042 1363 4019 2.853 0.601 0.111 0.022 16 1.9
G_and_S_cingul-Mid-Ant 1425 928 2267 2.495 0.378 0.097 0.015 7 1.0
G_and_S_cingul-Mid-Post 1246 832 2039 2.502 0.426 0.114 0.025 9 1.3
G_cingul-Post-dorsal 594 410 1478 2.928 0.569 0.156 0.039 9 1.0
G_cingul-Post-ventral 349 218 672 2.607 0.605 0.142 0.039 9 0.4
G_cuneus 2238 1579 2810 1.645 0.462 0.158 0.038 35 3.6
G_front_inf-Opercular 1026 693 2405 2.685 0.376 0.111 0.023 12 0.9
G_front_inf-Orbital 520 313 1215 2.689 0.565 0.114 0.026 6 0.6
G_front_inf-Triangul 1068 709 2509 2.723 0.481 0.133 0.026 16 1.2
G_front_middle 4742 3218 10607 2.596 0.559 0.131 0.027 69 5.4
G_front_sup 7969 5260 18575 2.828 0.556 0.122 0.025 82 8.1
G_Ins_lg_and_S_cent_ins 740 472 1731 3.299 0.574 0.110 0.026 6 0.7
G_insular_short 719 490 2111 3.331 0.711 0.119 0.035 10 0.9
G_occipital_middle 2132 1447 4011 2.240 0.556 0.142 0.031 31 2.7
G_occipital_sup 1305 860 2267 2.115 0.710 0.133 0.032 15 1.7
G_oc-temp_lat-fusifor 1831 1226 4393 2.805 0.583 0.127 0.031 34 2.2
G_oc-temp_med-Lingual 3245 2297 4769 1.833 0.606 0.157 0.043 50 5.8
G_oc-temp_med-Parahip 1215 715 3212 3.179 0.781 0.091 0.022 9 0.8
G_orbital 2087 1473 5307 2.911 0.607 0.137 0.031 37 2.8
G_pariet_inf-Angular 2877 2020 6100 2.383 0.521 0.134 0.028 42 3.2
G_pariet_inf-Supramar 2848 1904 6566 2.733 0.462 0.128 0.026 36 2.9
G_parietal_sup 3054 2094 5262 2.060 0.468 0.128 0.027 38 3.4
G_postcentral 3010 1887 4470 2.025 0.581 0.131 0.029 38 3.6
G_precentral 2319 1363 4785 2.644 0.450 0.102 0.021 22 1.8
G_precuneus 2328 1573 4440 2.403 0.519 0.130 0.029 30 2.7
G_rectus 857 621 2432 2.858 0.584 0.155 0.032 18 1.2
G_subcallosal 806 542 1230 2.506 0.791 0.135 0.044 10 1.4
G_temp_sup-G_T_transv 825 512 1767 2.740 0.380 0.138 0.031 11 1.0
G_temp_sup-Lateral 1955 1297 5808 3.212 0.622 0.133 0.026 29 1.9
G_temp_sup-Plan_polar 606 411 1718 3.519 0.602 0.111 0.020 4 0.5
G_temp_sup-Plan_tempo 877 563 1775 2.614 0.533 0.087 0.015 5 0.5
G_temporal_inf 2003 1367 5377 2.974 0.608 0.119 0.022 25 1.9
G_temporal_middle 2511 1758 7119 2.969 0.697 0.131 0.029 37 3.0
Lat_Fis-ant-Horizont 358 264 539 2.286 0.506 0.132 0.020 4 0.3
Lat_Fis-ant-Vertical 227 157 320 2.409 0.320 0.089 0.009 1 0.1
Lat_Fis-post 1214 802 1502 2.253 0.527 0.117 0.022 8 1.2
Pole_occipital 2517 1654 3532 1.901 0.483 0.149 0.034 39 3.6
Pole_temporal 1402 1036 5536 3.684 0.706 0.154 0.035 22 2.0
S_calcarine 2685 1824 2842 1.805 0.512 0.133 0.032 29 3.6
S_central 3160 2067 3335 1.883 0.530 0.101 0.018 19 2.4
S_cingul-Marginalis 999 673 1318 2.126 0.424 0.115 0.021 8 1.0
S_circular_insula_ant 528 345 744 2.636 0.358 0.088 0.015 2 0.3
S_circular_insula_inf 1647 1099 2415 2.742 0.498 0.096 0.018 8 1.4
S_circular_insula_sup 2027 1304 2801 2.686 0.476 0.105 0.018 10 1.7
S_collat_transv_ant 749 536 1691 2.936 0.647 0.117 0.019 9 0.6
S_collat_transv_post 521 345 517 1.782 0.343 0.128 0.027 4 0.6
S_front_inf 1739 1195 2717 2.220 0.469 0.112 0.020 14 1.5
S_front_middle 1524 1069 2035 2.120 0.393 0.113 0.023 11 1.4
S_front_sup 2705 1794 4083 2.398 0.360 0.096 0.017 17 1.8
S_interm_prim-Jensen 390 257 448 2.180 0.338 0.101 0.015 2 0.3
S_intrapariet_and_P_trans 3303 2190 3866 1.948 0.438 0.114 0.022 26 3.0
S_oc_middle_and_Lunatus 918 636 1011 1.870 0.384 0.140 0.029 9 1.2
S_oc_sup_and_transversal 1157 745 1230 1.907 0.340 0.101 0.018 6 0.9
S_occipital_ant 717 484 869 2.095 0.392 0.116 0.021 5 0.6
S_oc-temp_lat 969 649 1540 2.524 0.415 0.122 0.028 9 1.1
S_oc-temp_med_and_Lingual 2120 1441 2941 2.393 0.447 0.114 0.020 16 2.0
S_orbital_lateral 309 221 371 1.951 0.466 0.116 0.018 2 0.3
S_orbital_med-olfact 561 395 761 2.302 0.386 0.122 0.020 4 0.5
S_orbital-H_Shaped 1227 824 2017 2.577 0.494 0.117 0.025 11 1.2
S_parieto_occipital 2375 1588 2767 1.948 0.480 0.120 0.024 22 2.5
S_pericallosal 1182 745 1006 1.800 0.553 0.135 0.026 24 1.4
S_postcentral 3140 2099 3925 2.093 0.497 0.106 0.020 21 2.7
S_precentral-inf-part 1680 1091 2402 2.445 0.314 0.085 0.012 8 0.8
S_precentral-sup-part 1058 690 1311 2.272 0.466 0.082 0.011 4 0.6
S_suborbital 902 677 1697 2.618 0.591 0.153 0.032 18 1.4
S_subparietal 1103 746 1362 2.018 0.428 0.112 0.022 8 1.1
S_temporal_inf 1405 937 2081 2.536 0.645 0.099 0.014 7 0.9
S_temporal_sup 5409 3598 8377 2.443 0.447 0.107 0.019 40 4.3
S_temporal_transverse 389 270 512 2.140 0.369 0.098 0.010 2 0.2
