StructName NumVert SurfArea GrayVol ThickAvg ThickStd MeanCurv GausCurv FoldInd CurvInd
G_and_S_frontomargin 1192 854 2238 2.297 0.609 0.126 0.024 15 1.2
G_and_S_occipital_inf 1569 1082 2955 2.258 0.586 0.123 0.025 17 1.6
G_and_S_paracentral 1502 891 2185 2.165 0.582 0.109 0.024 14 1.4
G_and_S_subcentral 1681 1108 3761 2.917 0.524 0.126 0.024 18 1.6
G_and_S_transv_frontopol 859 605 2137 2.665 0.463 0.144 0.030 14 1.0
G_and_S_cingul-Ant 2235 1526 4410 2.766 0.538 0.120 0.025 25 2.5
G_and_S_cingul-Mid-Ant 1432 945 2416 2.590 0.378 0.095 0.015 8 1.1
G_and_S_cingul-Mid-Post 1282 852 2130 2.488 0.379 0.114 0.024 10 1.2
G_cingul-Post-dorsal 547 397 1398 2.845 0.569 0.161 0.039 9 0.9
G_cingul-Post-ventral 320 209 589 2.418 0.634 0.141 0.040 6 0.4
G_cuneus 2306 1554 2820 1.654 0.469 0.151 0.036 34 3.5
G_front_inf-Opercular 985 657 2244 2.651 0.371 0.115 0.023 13 0.9
G_front_inf-Orbital 470 304 1097 2.585 0.515 0.123 0.025 7 0.5
G_front_inf-Triangul 1087 726 2512 2.684 0.500 0.133 0.028 17 1.3
G_front_middle 4632 3163 10339 2.596 0.564 0.130 0.026 70 4.9
G_front_sup 7986 5221 18705 2.847 0.561 0.120 0.025 82 8.0
G_Ins_lg_and_S_cent_ins 722 468 1541 3.119 0.658 0.112 0.032 7 0.8
G_insular_short 761 544 2144 3.195 0.790 0.121 0.030 12 0.8
G_occipital_middle 1860 1233 3602 2.309 0.545 0.140 0.030 29 2.1
G_occipital_sup 1341 901 2380 2.102 0.702 0.139 0.032 16 1.8
G_oc-temp_lat-fusifor 1759 1182 4240 2.808 0.536 0.133 0.036 33 2.1
G_oc-temp_med-Lingual 3251 2255 4830 1.875 0.654 0.155 0.041 49 5.6
G_oc-temp_med-Parahip 1230 752 3338 3.111 0.794 0.102 0.033 9 1.4
G_orbital 2118 1520 5527 2.892 0.566 0.140 0.034 38 2.8
G_pariet_inf-Angular 2703 1836 5741 2.425 0.494 0.133 0.027 42 3.0
G_pariet_inf-Supramar 2895 1933 6747 2.754 0.481 0.126 0.024 37 2.7
G_parietal_sup 3273 2179 5352 2.069 0.465 0.123 0.025 40 3.2
G_postcentral 3127 1938 4647 2.057 0.636 0.130 0.031 39 3.9
G_precentral 2375 1389 4878 2.672 0.451 0.105 0.021 23 1.9
G_precuneus 2329 1555 4468 2.431 0.531 0.132 0.030 31 2.7
G_rectus 848 633 2344 2.795 0.499 0.148 0.036 17 1.3
G_subcallosal 789 540 1147 2.339 0.845 0.159 0.072 14 2.1
G_temp_sup-G_T_transv 824 476 1676 2.719 0.355 0.131 0.027 10 0.9
G_temp_sup-Lateral 1952 1293 5923 3.287 0.644 0.131 0.026 26 2.0
G_temp_sup-Plan_polar 619 414 1695 3.521 0.527 0.111 0.025 5 0.6
G_temp_sup-Plan_tempo 891 575 1794 2.596 0.527 0.088 0.015 5 0.6
G_temporal_inf 2404 1598 6518 3.017 0.630 0.122 0.025 32 2.7
G_temporal_middle 2500 1762 7517 3.112 0.695 0.133 0.027 38 2.9
Lat_Fis-ant-Horizont 399 272 542 2.222 0.453 0.131 0.023 5 0.3
Lat_Fis-ant-Vertical 237 168 355 2.382 0.343 0.091 0.011 1 0.1
Lat_Fis-post 1145 750 1383 2.207 0.518 0.116 0.021 7 1.1
Pole_occipital 2560 1687 3612 1.910 0.507 0.148 0.034 41 3.7
Pole_temporal 1555 1109 6021 3.628 0.706 0.146 0.033 22 2.3
S_calcarine 2744 1871 2913 1.808 0.529 0.130 0.030 29 3.5
S_central 3070 2028 3232 1.880 0.564 0.100 0.017 18 2.3
S_cingul-Marginalis 971 670 1302 2.103 0.444 0.120 0.021 8 0.9
S_circular_insula_ant 561 366 799 2.694 0.427 0.088 0.016 2 0.4
S_circular_insula_inf 1627 1101 2385 2.722 0.514 0.101 0.019 9 1.4
S_circular_insula_sup 2044 1322 2855 2.647 0.480 0.106 0.019 11 1.7
S_collat_transv_ant 692 497 1530 2.970 0.704 0.117 0.025 9 0.7
S_collat_transv_post 444 287 442 1.899 0.371 0.126 0.026 3 0.5
S_front_inf 1746 1202 2688 2.192 0.457 0.114 0.021 15 1.6
S_front_middle 1549 1079 2044 2.089 0.367 0.110 0.019 12 1.2
S_front_sup 2758 1848 4294 2.418 0.387 0.097 0.018 18 2.0
S_interm_prim-Jensen 430 276 496 2.201 0.298 0.098 0.015 2 0.3
S_intrapariet_and_P_trans 3155 2108 3791 1.984 0.441 0.115 0.020 26 2.8
S_oc_middle_and_Lunatus 961 648 1015 1.826 0.347 0.141 0.029 10 1.2
S_oc_sup_and_transversal 1193 768 1304 1.904 0.317 0.104 0.019 7 1.0
S_occipital_ant 553 372 612 1.969 0.420 0.116 0.020 3 0.5
S_oc-temp_lat 839 569 1211 2.483 0.410 0.113 0.025 5 0.8
S_oc-temp_med_and_Lingual 2134 1447 2992 2.452 0.455 0.116 0.021 16 2.1
S_orbital_lateral 355 258 428 1.921 0.487 0.123 0.022 2 0.4
S_orbital_med-olfact 604 434 895 2.409 0.482 0.128 0.021 5 0.6
S_orbital-H_Shaped 1226 844 2114 2.704 0.538 0.123 0.025 12 1.1
S_parieto_occipital 2485 1639 2915 1.954 0.484 0.117 0.024 22 2.5
S_pericallosal 1142 696 845 1.599 0.496 0.130 0.024 22 1.2
S_postcentral 3175 2116 3975 2.113 0.493 0.107 0.020 25 3.0
S_precentral-inf-part 1767 1138 2526 2.451 0.315 0.084 0.011 8 0.9
S_precentral-sup-part 1060 686 1297 2.257 0.460 0.079 0.011 3 0.6
S_suborbital 904 628 1426 2.464 0.536 0.136 0.022 13 0.9
S_subparietal 1235 828 1587 2.056 0.464 0.119 0.023 10 1.3
S_temporal_inf 1425 968 2198 2.626 0.606 0.101 0.014 8 1.0
S_temporal_sup 6080 4064 9608 2.435 0.452 0.109 0.019 48 4.7
S_temporal_transverse 460 316 676 2.456 0.528 0.103 0.012 3 0.3
