StructName NumVert SurfArea GrayVol ThickAvg ThickStd MeanCurv GausCurv FoldInd CurvInd
G_and_S_frontomargin 1210 852 2295 2.316 0.579 0.123 0.025 15 1.2
G_and_S_occipital_inf 1421 980 2817 2.287 0.667 0.125 0.024 16 1.4
G_and_S_paracentral 1444 896 2315 2.237 0.554 0.112 0.023 14 1.2
G_and_S_subcentral 1615 1070 3818 2.959 0.505 0.127 0.024 18 1.6
G_and_S_transv_frontopol 786 568 2074 2.592 0.631 0.148 0.034 13 1.1
G_and_S_cingul-Ant 2166 1464 4343 2.834 0.558 0.112 0.021 18 2.0
G_and_S_cingul-Mid-Ant 1498 982 2412 2.559 0.388 0.093 0.015 8 1.1
G_and_S_cingul-Mid-Post 1270 838 2132 2.570 0.448 0.110 0.023 9 1.3
G_cingul-Post-dorsal 546 385 1526 3.101 0.587 0.160 0.043 9 1.0
G_cingul-Post-ventral 307 214 623 2.541 0.714 0.142 0.034 4 0.4
G_cuneus 2195 1525 2746 1.629 0.459 0.157 0.035 34 3.4
G_front_inf-Opercular 1041 705 2370 2.645 0.401 0.108 0.019 11 0.8
G_front_inf-Orbital 508 321 1143 2.558 0.538 0.125 0.026 7 0.6
G_front_inf-Triangul 1095 731 2583 2.737 0.562 0.135 0.028 17 1.2
G_front_middle 4624 3110 10232 2.629 0.519 0.128 0.025 64 4.7
G_front_sup 8085 5336 19088 2.859 0.551 0.123 0.026 89 8.4
G_Ins_lg_and_S_cent_ins 750 472 1607 3.221 0.606 0.120 0.033 10 0.9
G_insular_short 753 506 2159 3.314 0.713 0.119 0.028 10 0.8
G_occipital_middle 1689 1186 3413 2.273 0.590 0.147 0.030 29 2.0
G_occipital_sup 1296 901 2259 2.107 0.586 0.139 0.026 17 1.5
G_oc-temp_lat-fusifor 1842 1215 4672 2.902 0.625 0.129 0.034 28 2.6
G_oc-temp_med-Lingual 3406 2396 4867 1.809 0.629 0.156 0.044 52 6.3
G_oc-temp_med-Parahip 1294 816 3339 3.050 0.894 0.117 0.040 16 2.2
G_orbital 2084 1454 5508 2.939 0.632 0.134 0.029 33 2.6
G_pariet_inf-Angular 2574 1837 5642 2.402 0.516 0.134 0.028 39 2.8
G_pariet_inf-Supramar 2771 1894 6389 2.690 0.505 0.130 0.025 35 2.8
G_parietal_sup 3115 2194 5427 2.080 0.445 0.129 0.026 43 3.1
G_postcentral 2992 1932 4755 2.078 0.621 0.137 0.029 39 3.7
G_precentral 2436 1422 5125 2.726 0.502 0.106 0.022 23 2.1
G_precuneus 2371 1595 5015 2.510 0.553 0.131 0.028 32 2.7
G_rectus 845 642 2384 2.769 0.669 0.158 0.037 20 1.3
G_subcallosal 655 467 1180 2.690 0.881 0.167 0.073 12 2.0
G_temp_sup-G_T_transv 861 515 1754 2.764 0.507 0.133 0.032 12 1.1
G_temp_sup-Lateral 1963 1288 6167 3.363 0.681 0.131 0.025 26 2.0
G_temp_sup-Plan_polar 639 442 1749 3.457 0.526 0.108 0.021 5 0.6
G_temp_sup-Plan_tempo 918 589 1896 2.681 0.551 0.092 0.016 6 0.6
G_temporal_inf 2042 1454 5905 3.026 0.657 0.125 0.024 26 2.2
G_temporal_middle 2515 1708 7536 3.108 0.757 0.128 0.028 35 3.0
Lat_Fis-ant-Horizont 321 228 444 2.319 0.438 0.129 0.019 3 0.2
Lat_Fis-ant-Vertical 278 193 397 2.278 0.418 0.087 0.010 1 0.1
Lat_Fis-post 1171 772 1427 2.249 0.502 0.119 0.023 8 1.2
Pole_occipital 2337 1637 3659 1.951 0.541 0.156 0.033 40 3.3
Pole_temporal 1381 1049 5458 3.718 0.685 0.158 0.042 21 2.2
S_calcarine 2642 1812 2716 1.764 0.523 0.132 0.029 28 3.4
S_central 3092 2046 3233 1.879 0.536 0.103 0.019 19 2.5
S_cingul-Marginalis 943 641 1269 2.184 0.369 0.114 0.020 8 0.8
S_circular_insula_ant 498 339 761 2.866 0.433 0.093 0.016 2 0.4
S_circular_insula_inf 1507 1038 2183 2.722 0.546 0.104 0.017 9 1.3
S_circular_insula_sup 2030 1318 2850 2.668 0.526 0.106 0.019 11 1.7
S_collat_transv_ant 707 523 1752 3.120 0.772 0.120 0.021 8 0.7
S_collat_transv_post 435 292 456 1.885 0.354 0.130 0.027 3 0.6
S_front_inf 1773 1207 2790 2.324 0.500 0.116 0.021 16 1.6
S_front_middle 1536 1065 2047 2.205 0.389 0.112 0.019 12 1.2
S_front_sup 2985 2047 4845 2.469 0.382 0.105 0.021 22 2.7
S_interm_prim-Jensen 430 294 529 2.240 0.297 0.108 0.020 2 0.4
S_intrapariet_and_P_trans 3055 2067 3819 2.035 0.443 0.112 0.019 24 2.6
S_oc_middle_and_Lunatus 971 652 1023 1.841 0.350 0.138 0.028 10 1.2
S_oc_sup_and_transversal 1120 723 1166 1.823 0.321 0.102 0.018 6 0.8
S_occipital_ant 633 408 687 2.095 0.448 0.108 0.020 3 0.6
S_oc-temp_lat 927 626 1534 2.638 0.459 0.121 0.025 9 0.9
S_oc-temp_med_and_Lingual 2170 1466 3020 2.348 0.475 0.116 0.021 17 2.0
S_orbital_lateral 382 273 483 2.066 0.384 0.123 0.022 3 0.4
S_orbital_med-olfact 593 411 869 2.442 0.743 0.124 0.019 5 0.4
S_orbital-H_Shaped 1238 867 2099 2.504 0.555 0.127 0.029 13 1.5
S_parieto_occipital 2372 1594 2759 1.937 0.492 0.116 0.023 20 2.2
S_pericallosal 1224 770 1145 1.901 0.542 0.127 0.022 20 1.2
S_postcentral 3122 2136 4190 2.180 0.507 0.108 0.021 23 2.8
S_precentral-inf-part 1689 1113 2558 2.527 0.308 0.086 0.012 9 0.8
S_precentral-sup-part 1045 686 1387 2.454 0.448 0.079 0.012 3 0.5
S_suborbital 703 507 1078 2.438 0.770 0.131 0.023 7 0.7
S_subparietal 1126 776 1473 2.101 0.428 0.115 0.023 8 1.1
S_temporal_inf 1357 912 2101 2.711 0.698 0.101 0.014 7 0.9
S_temporal_sup 6008 4070 9837 2.466 0.499 0.111 0.019 48 4.7
S_temporal_transverse 499 349 758 2.572 0.568 0.106 0.009 3 0.2
