StructName NumVert SurfArea GrayVol ThickAvg ThickStd MeanCurv GausCurv FoldInd CurvInd
G_and_S_frontomargin 1217 838 2291 2.411 0.566 0.123 0.026 17 1.3
G_and_S_occipital_inf 1495 1027 2943 2.305 0.680 0.121 0.026 16 1.6
G_and_S_paracentral 1448 867 2072 2.132 0.501 0.110 0.022 13 1.2
G_and_S_subcentral 1636 1096 3868 2.968 0.505 0.126 0.024 19 1.6
G_and_S_transv_frontopol 711 520 1889 2.726 0.479 0.149 0.034 14 0.9
G_and_S_cingul-Ant 2155 1492 4354 2.800 0.525 0.118 0.022 20 2.2
G_and_S_cingul-Mid-Ant 1536 1007 2516 2.580 0.343 0.093 0.012 8 0.9
G_and_S_cingul-Mid-Post 1234 844 2223 2.631 0.428 0.111 0.022 9 1.1
G_cingul-Post-dorsal 529 368 1386 3.075 0.560 0.154 0.039 9 0.9
G_cingul-Post-ventral 311 206 563 2.444 0.714 0.148 0.055 5 0.6
G_cuneus 2234 1504 2499 1.566 0.362 0.149 0.034 31 3.3
G_front_inf-Opercular 1072 692 2380 2.681 0.382 0.106 0.021 11 0.9
G_front_inf-Orbital 510 323 1243 2.702 0.495 0.121 0.025 7 0.5
G_front_inf-Triangul 1019 697 2506 2.789 0.473 0.136 0.027 16 1.1
G_front_middle 4607 3233 9910 2.491 0.478 0.130 0.026 73 4.8
G_front_sup 8167 5405 18776 2.813 0.531 0.123 0.025 97 8.0
G_Ins_lg_and_S_cent_ins 663 438 1624 3.410 0.474 0.112 0.024 7 0.5
G_insular_short 722 499 2227 3.445 0.808 0.116 0.029 11 0.8
G_occipital_middle 1802 1212 3519 2.320 0.500 0.136 0.031 26 2.1
G_occipital_sup 1414 895 2311 2.136 0.650 0.130 0.029 16 1.7
G_oc-temp_lat-fusifor 1998 1289 4994 2.962 0.588 0.123 0.026 35 2.0
G_oc-temp_med-Lingual 3443 2419 4742 1.769 0.685 0.159 0.042 56 6.1
G_oc-temp_med-Parahip 1327 746 3393 3.196 0.882 0.091 0.028 15 1.3
G_orbital 2288 1541 5596 2.912 0.635 0.132 0.033 39 2.9
G_pariet_inf-Angular 2546 1717 5207 2.412 0.437 0.131 0.027 37 2.7
G_pariet_inf-Supramar 2843 1955 6526 2.715 0.441 0.129 0.026 35 3.0
G_parietal_sup 3235 2176 5561 2.143 0.449 0.124 0.024 41 3.1
G_postcentral 2999 1897 4341 1.996 0.529 0.131 0.028 39 3.6
G_precentral 2313 1410 4895 2.667 0.473 0.104 0.021 23 1.9
G_precuneus 2335 1577 4591 2.492 0.530 0.129 0.026 31 2.4
G_rectus 826 549 2198 2.798 0.695 0.133 0.031 14 1.1
G_subcallosal 812 528 1279 2.484 0.987 0.129 0.056 12 2.0
G_temp_sup-G_T_transv 793 494 1748 2.811 0.465 0.139 0.030 11 0.9
G_temp_sup-Lateral 1939 1313 6228 3.355 0.641 0.135 0.025 28 2.1
G_temp_sup-Plan_polar 629 424 1902 3.720 0.560 0.107 0.020 5 0.5
G_temp_sup-Plan_tempo 815 545 1678 2.553 0.518 0.092 0.015 5 0.5
G_temporal_inf 2080 1384 5872 3.126 0.612 0.115 0.021 26 1.9
G_temporal_middle 2383 1664 7239 3.207 0.629 0.131 0.027 38 2.6
Lat_Fis-ant-Horizont 398 273 549 2.317 0.392 0.121 0.016 4 0.2
Lat_Fis-ant-Vertical 278 187 363 2.212 0.378 0.081 0.010 1 0.1
Lat_Fis-post 1163 782 1487 2.341 0.479 0.118 0.023 8 1.2
Pole_occipital 2525 1628 3336 1.837 0.483 0.150 0.034 41 3.9
Pole_temporal 1467 1044 5854 3.816 0.729 0.142 0.032 22 1.9
S_calcarine 2665 1827 2937 1.864 0.578 0.132 0.031 30 3.6
S_central 2963 1976 3157 1.862 0.552 0.103 0.019 19 2.3
S_cingul-Marginalis 904 610 1223 2.262 0.406 0.112 0.020 7 0.8
S_circular_insula_ant 565 380 881 2.965 0.430 0.092 0.015 2 0.4
S_circular_insula_inf 1592 1083 2353 2.754 0.647 0.104 0.019 10 1.4
S_circular_insula_sup 1928 1262 2842 2.805 0.477 0.102 0.017 9 1.5
S_collat_transv_ant 740 529 1586 3.053 0.742 0.115 0.019 8 0.6
S_collat_transv_post 494 341 557 1.978 0.441 0.132 0.028 4 0.6
S_front_inf 1643 1140 2556 2.262 0.402 0.112 0.019 14 1.5
S_front_middle 1582 1081 2078 2.071 0.383 0.112 0.020 14 1.2
S_front_sup 2777 1882 4369 2.444 0.377 0.097 0.017 18 1.9
S_interm_prim-Jensen 492 351 612 2.161 0.431 0.121 0.026 3 0.6
S_intrapariet_and_P_trans 3159 2141 3877 2.016 0.422 0.115 0.019 26 2.6
S_oc_middle_and_Lunatus 980 671 1058 1.829 0.351 0.138 0.029 10 1.3
S_oc_sup_and_transversal 1145 755 1259 1.923 0.325 0.107 0.019 7 1.0
S_occipital_ant 604 393 694 2.147 0.407 0.108 0.019 4 0.5
S_oc-temp_lat 951 639 1410 2.522 0.427 0.110 0.023 7 0.8
S_oc-temp_med_and_Lingual 2122 1455 3068 2.501 0.461 0.116 0.021 17 2.0
S_orbital_lateral 357 260 467 2.113 0.516 0.123 0.021 3 0.3
S_orbital_med-olfact 622 428 813 2.304 0.455 0.118 0.015 5 0.4
S_orbital-H_Shaped 1246 860 2232 2.774 0.488 0.119 0.023 12 1.2
S_parieto_occipital 2382 1585 2837 1.998 0.510 0.117 0.023 21 2.3
S_pericallosal 1136 724 957 1.668 0.546 0.135 0.025 22 1.4
S_postcentral 3137 2157 4095 2.142 0.519 0.111 0.021 27 2.9
S_precentral-inf-part 1610 1063 2372 2.467 0.313 0.087 0.012 9 0.8
S_precentral-sup-part 1031 680 1337 2.380 0.455 0.077 0.011 3 0.5
S_suborbital 678 482 939 2.272 0.543 0.127 0.017 6 0.5
S_subparietal 1157 785 1581 2.160 0.487 0.114 0.021 9 1.1
S_temporal_inf 1328 911 2064 2.729 0.611 0.102 0.015 8 0.8
S_temporal_sup 6085 4112 9918 2.497 0.462 0.109 0.019 51 4.7
S_temporal_transverse 440 310 652 2.451 0.527 0.103 0.010 3 0.2
