StructName NumVert SurfArea GrayVol ThickAvg ThickStd MeanCurv GausCurv FoldInd CurvInd
G_and_S_frontomargin 1103 802 2186 2.371 0.600 0.132 0.024 14 1.2
G_and_S_occipital_inf 1542 1065 3170 2.334 0.722 0.123 0.024 17 1.5
G_and_S_paracentral 1455 952 2483 2.260 0.527 0.116 0.025 15 1.3
G_and_S_subcentral 1753 1145 3993 2.928 0.545 0.125 0.024 19 1.7
G_and_S_transv_frontopol 786 593 2118 2.602 0.585 0.158 0.035 14 1.1
G_and_S_cingul-Ant 2413 1635 4896 2.826 0.582 0.116 0.023 22 2.3
G_and_S_cingul-Mid-Ant 1257 830 2090 2.484 0.355 0.092 0.014 7 0.8
G_and_S_cingul-Mid-Post 1207 816 2032 2.533 0.452 0.114 0.025 10 1.2
G_cingul-Post-dorsal 616 446 1687 3.023 0.598 0.169 0.045 10 1.3
G_cingul-Post-ventral 284 180 537 2.492 0.688 0.130 0.034 4 0.3
G_cuneus 2232 1583 2882 1.656 0.498 0.162 0.037 35 3.6
G_front_inf-Opercular 986 658 2243 2.637 0.380 0.113 0.025 11 0.9
G_front_inf-Orbital 490 323 1202 2.629 0.602 0.129 0.025 7 0.5
G_front_inf-Triangul 1061 739 2565 2.705 0.524 0.139 0.028 18 1.2
G_front_middle 4830 3349 10395 2.533 0.510 0.130 0.025 64 5.2
G_front_sup 7928 5394 19064 2.827 0.548 0.127 0.026 90 8.3
G_Ins_lg_and_S_cent_ins 768 519 1659 3.063 0.681 0.120 0.036 7 0.9
G_insular_short 720 486 2144 3.394 0.739 0.120 0.029 9 0.8
G_occipital_middle 1833 1264 3854 2.365 0.627 0.145 0.030 28 2.2
G_occipital_sup 1268 877 2356 2.195 0.623 0.134 0.027 16 1.4
G_oc-temp_lat-fusifor 1843 1255 4734 2.868 0.698 0.136 0.036 30 2.6
G_oc-temp_med-Lingual 3341 2411 4933 1.827 0.675 0.162 0.045 52 6.3
G_oc-temp_med-Parahip 1273 783 3082 2.892 0.940 0.114 0.044 23 2.5
G_orbital 2062 1500 5529 2.924 0.623 0.142 0.032 35 3.0
G_pariet_inf-Angular 2494 1744 5564 2.484 0.525 0.135 0.026 38 2.7
G_pariet_inf-Supramar 2903 2007 6998 2.747 0.505 0.131 0.027 38 3.2
G_parietal_sup 3048 2174 5580 2.140 0.446 0.129 0.026 43 3.3
G_postcentral 2821 1936 4618 2.052 0.567 0.143 0.032 40 3.6
G_precentral 2249 1397 5158 2.769 0.487 0.112 0.022 22 2.0
G_precuneus 2352 1647 5174 2.540 0.548 0.135 0.029 32 2.7
G_rectus 844 627 2404 2.820 0.627 0.152 0.039 17 1.6
G_subcallosal 629 442 1110 2.749 0.900 0.149 0.058 12 1.4
G_temp_sup-G_T_transv 796 496 1673 2.712 0.436 0.137 0.031 11 1.0
G_temp_sup-Lateral 2020 1322 6122 3.308 0.681 0.132 0.026 27 2.1
G_temp_sup-Plan_polar 611 423 1744 3.563 0.564 0.115 0.024 5 0.6
G_temp_sup-Plan_tempo 885 561 1815 2.697 0.524 0.092 0.015 6 0.6
G_temporal_inf 2132 1490 6176 3.072 0.643 0.126 0.022 28 2.2
G_temporal_middle 2475 1746 7827 3.163 0.753 0.133 0.027 38 2.6
Lat_Fis-ant-Horizont 389 262 498 2.154 0.396 0.122 0.018 4 0.2
Lat_Fis-ant-Vertical 236 160 294 2.133 0.429 0.091 0.010 1 0.1
Lat_Fis-post 1199 778 1429 2.211 0.505 0.115 0.024 8 1.2
Pole_occipital 2608 1741 4040 2.012 0.600 0.152 0.034 41 3.8
Pole_temporal 1383 1075 6091 3.784 0.747 0.158 0.041 20 2.4
S_calcarine 2607 1821 2696 1.740 0.504 0.138 0.032 29 3.7
S_central 3010 2005 3278 1.914 0.514 0.105 0.020 18 2.6
S_cingul-Marginalis 941 643 1246 2.187 0.391 0.116 0.022 8 0.9
S_circular_insula_ant 537 358 800 2.793 0.446 0.090 0.015 2 0.4
S_circular_insula_inf 1610 1083 2460 2.852 0.583 0.092 0.015 7 1.1
S_circular_insula_sup 2044 1299 2754 2.603 0.554 0.104 0.019 10 1.8
S_collat_transv_ant 657 496 1706 3.149 0.790 0.118 0.021 9 0.6
S_collat_transv_post 431 285 442 1.927 0.420 0.130 0.023 3 0.5
S_front_inf 1715 1163 2661 2.299 0.474 0.115 0.022 15 1.6
S_front_middle 1570 1058 2075 2.201 0.367 0.110 0.019 11 1.2
S_front_sup 2781 1884 4405 2.443 0.344 0.099 0.018 18 1.9
S_interm_prim-Jensen 489 333 620 2.283 0.353 0.107 0.017 3 0.4
S_intrapariet_and_P_trans 2980 1993 3752 2.047 0.411 0.114 0.020 24 2.6
S_oc_middle_and_Lunatus 920 632 970 1.854 0.341 0.142 0.031 10 1.2
S_oc_sup_and_transversal 1125 724 1243 1.979 0.371 0.104 0.019 6 0.9
S_occipital_ant 718 477 851 2.139 0.413 0.117 0.021 5 0.7
S_oc-temp_lat 909 607 1371 2.549 0.528 0.113 0.024 7 0.8
S_oc-temp_med_and_Lingual 2143 1455 2954 2.346 0.483 0.114 0.020 17 1.8
S_orbital_lateral 351 251 442 2.069 0.414 0.122 0.021 2 0.4
S_orbital_med-olfact 598 416 807 2.257 0.486 0.121 0.016 5 0.4
S_orbital-H_Shaped 1254 848 2095 2.556 0.557 0.119 0.025 12 1.2
S_parieto_occipital 2475 1654 2981 1.978 0.479 0.119 0.023 21 2.5
S_pericallosal 1150 733 987 1.788 0.519 0.140 0.025 19 1.3
S_postcentral 3181 2144 4156 2.171 0.476 0.111 0.021 28 3.1
S_precentral-inf-part 1769 1136 2582 2.508 0.327 0.087 0.013 9 1.1
S_precentral-sup-part 1020 661 1289 2.399 0.422 0.084 0.013 3 0.6
S_suborbital 666 491 1093 2.471 0.700 0.138 0.025 7 0.8
S_subparietal 1130 765 1494 2.179 0.397 0.112 0.024 8 1.1
S_temporal_inf 1298 873 1943 2.639 0.621 0.104 0.014 7 0.9
S_temporal_sup 6000 4001 9614 2.472 0.475 0.112 0.020 48 4.9
S_temporal_transverse 446 305 597 2.299 0.437 0.109 0.011 3 0.2
