StructName NumVert SurfArea GrayVol ThickAvg ThickStd MeanCurv GausCurv FoldInd CurvInd
G_and_S_frontomargin 1182 805 2270 2.564 0.586 0.124 0.025 12 1.2
G_and_S_occipital_inf 1481 1049 2842 2.211 0.656 0.127 0.025 17 1.6
G_and_S_paracentral 1477 877 2137 2.169 0.541 0.116 0.027 16 1.6
G_and_S_subcentral 1666 1100 3748 2.916 0.525 0.133 0.025 20 1.7
G_and_S_transv_frontopol 780 589 2190 2.814 0.483 0.161 0.037 15 1.3
G_and_S_cingul-Ant 2295 1570 4436 2.705 0.584 0.120 0.025 24 2.5
G_and_S_cingul-Mid-Ant 1440 937 2302 2.529 0.359 0.094 0.015 8 1.1
G_and_S_cingul-Mid-Post 1214 816 2096 2.555 0.404 0.114 0.025 10 1.2
G_cingul-Post-dorsal 582 399 1525 2.969 0.550 0.162 0.045 10 1.2
G_cingul-Post-ventral 323 215 561 2.324 0.731 0.150 0.045 5 0.4
G_cuneus 2289 1528 2601 1.583 0.399 0.152 0.036 34 3.4
G_front_inf-Opercular 1015 661 2355 2.717 0.404 0.110 0.025 11 1.0
G_front_inf-Orbital 530 323 1199 2.670 0.539 0.120 0.029 8 0.6
G_front_inf-Triangul 1077 689 2557 2.829 0.517 0.132 0.027 16 1.2
G_front_middle 4609 3225 10227 2.548 0.481 0.134 0.028 66 5.5
G_front_sup 8007 5382 18476 2.775 0.558 0.126 0.028 95 9.2
G_Ins_lg_and_S_cent_ins 711 480 1681 3.276 0.561 0.132 0.035 9 0.8
G_insular_short 743 511 2272 3.416 0.794 0.116 0.026 11 0.7
G_occipital_middle 1864 1235 3421 2.234 0.530 0.141 0.031 26 2.2
G_occipital_sup 1401 883 2254 2.101 0.646 0.130 0.029 16 1.7
G_oc-temp_lat-fusifor 1850 1239 4569 2.871 0.666 0.137 0.036 32 2.9
G_oc-temp_med-Lingual 3286 2325 4597 1.771 0.620 0.159 0.046 53 6.4
G_oc-temp_med-Parahip 1239 756 3139 3.106 0.754 0.101 0.031 11 1.5
G_orbital 2204 1535 5491 2.886 0.613 0.140 0.039 34 3.4
G_pariet_inf-Angular 2651 1738 5334 2.395 0.505 0.130 0.028 41 2.9
G_pariet_inf-Supramar 2911 1963 6627 2.721 0.481 0.130 0.027 36 3.2
G_parietal_sup 3191 2106 5229 2.086 0.485 0.122 0.025 38 3.3
G_postcentral 3119 1931 4553 2.052 0.597 0.127 0.030 38 3.6
G_precentral 2330 1380 4923 2.700 0.495 0.107 0.024 25 2.0
G_precuneus 2337 1562 4641 2.450 0.486 0.130 0.030 32 2.8
G_rectus 888 639 2415 2.782 0.664 0.150 0.051 16 2.1
G_subcallosal 710 479 1129 2.451 0.987 0.133 0.050 9 1.1
G_temp_sup-G_T_transv 823 478 1698 2.766 0.413 0.132 0.032 11 0.9
G_temp_sup-Lateral 2004 1358 6461 3.369 0.638 0.137 0.030 30 2.3
G_temp_sup-Plan_polar 620 423 1831 3.633 0.550 0.109 0.026 4 0.6
G_temp_sup-Plan_tempo 853 553 1770 2.664 0.544 0.092 0.016 5 0.6
G_temporal_inf 2185 1502 6069 3.048 0.584 0.124 0.024 29 2.3
G_temporal_middle 2413 1692 7239 3.125 0.643 0.133 0.029 38 2.7
Lat_Fis-ant-Horizont 337 247 491 2.289 0.392 0.142 0.022 4 0.2
Lat_Fis-ant-Vertical 276 194 388 2.327 0.379 0.090 0.010 1 0.1
Lat_Fis-post 1155 771 1406 2.224 0.541 0.121 0.025 8 1.3
Pole_occipital 2605 1690 3644 1.910 0.541 0.147 0.032 39 3.7
Pole_temporal 1512 1079 5920 3.693 0.766 0.150 0.039 23 2.4
S_calcarine 2681 1852 2757 1.767 0.541 0.136 0.030 28 3.8
S_central 3051 2042 3237 1.862 0.539 0.107 0.020 20 2.6
S_cingul-Marginalis 953 651 1290 2.184 0.405 0.119 0.021 8 1.0
S_circular_insula_ant 525 366 861 3.032 0.412 0.096 0.016 2 0.4
S_circular_insula_inf 1586 1084 2353 2.805 0.537 0.106 0.022 9 1.8
S_circular_insula_sup 2033 1306 2872 2.724 0.530 0.103 0.018 10 1.7
S_collat_transv_ant 670 504 1691 3.195 0.771 0.122 0.025 8 0.7
S_collat_transv_post 446 301 454 1.892 0.399 0.131 0.025 4 0.6
S_front_inf 1685 1148 2605 2.301 0.513 0.117 0.021 15 1.6
S_front_middle 1551 1070 2079 2.196 0.432 0.112 0.021 11 1.3
S_front_sup 2713 1830 4242 2.413 0.379 0.096 0.017 16 1.9
S_interm_prim-Jensen 449 297 510 2.156 0.406 0.110 0.018 3 0.4
S_intrapariet_and_P_trans 3155 2085 3728 1.971 0.447 0.113 0.020 24 2.7
S_oc_middle_and_Lunatus 925 629 952 1.818 0.332 0.141 0.030 10 1.2
S_oc_sup_and_transversal 1114 716 1123 1.815 0.366 0.104 0.019 7 0.9
S_occipital_ant 645 423 728 2.038 0.406 0.111 0.020 4 0.6
S_oc-temp_lat 869 593 1390 2.593 0.497 0.120 0.026 7 0.8
S_oc-temp_med_and_Lingual 2110 1473 2921 2.364 0.466 0.119 0.024 17 2.1
S_orbital_lateral 378 265 482 2.187 0.379 0.122 0.022 3 0.4
S_orbital_med-olfact 564 399 827 2.567 0.482 0.126 0.022 5 0.5
S_orbital-H_Shaped 1280 884 2218 2.721 0.614 0.125 0.026 13 1.4
S_parieto_occipital 2494 1640 2870 1.943 0.517 0.117 0.023 22 2.4
S_pericallosal 1142 714 912 1.657 0.573 0.133 0.030 21 1.6
S_postcentral 3142 2134 3935 2.082 0.476 0.112 0.021 22 3.0
S_precentral-inf-part 1691 1100 2527 2.504 0.345 0.084 0.011 8 0.9
S_precentral-sup-part 976 644 1232 2.344 0.490 0.082 0.012 3 0.6
S_suborbital 717 517 1138 2.535 0.749 0.131 0.022 9 0.7
S_subparietal 1112 751 1389 2.063 0.400 0.111 0.022 8 1.0
S_temporal_inf 1424 980 2239 2.713 0.589 0.106 0.014 9 1.0
S_temporal_sup 5987 4001 9665 2.500 0.443 0.109 0.018 49 4.7
S_temporal_transverse 456 318 657 2.365 0.554 0.104 0.011 3 0.2
