StructName NumVert SurfArea GrayVol ThickAvg ThickStd MeanCurv GausCurv FoldInd CurvInd
G_and_S_frontomargin 1218 825 2185 2.384 0.554 0.120 0.024 13 1.2
G_and_S_occipital_inf 1555 1064 2974 2.311 0.665 0.122 0.024 16 1.5
G_and_S_paracentral 1537 962 2359 2.170 0.524 0.110 0.021 14 1.3
G_and_S_subcentral 1625 1102 3677 2.882 0.484 0.131 0.024 19 1.6
G_and_S_transv_frontopol 731 528 1814 2.680 0.474 0.145 0.034 11 1.0
G_and_S_cingul-Ant 2213 1522 4352 2.753 0.600 0.119 0.027 28 2.5
G_and_S_cingul-Mid-Ant 1408 927 2249 2.517 0.333 0.094 0.014 8 1.0
G_and_S_cingul-Mid-Post 1208 824 1995 2.484 0.393 0.112 0.024 9 1.2
G_cingul-Post-dorsal 537 376 1438 3.074 0.604 0.160 0.042 8 1.0
G_cingul-Post-ventral 345 226 635 2.422 0.699 0.142 0.034 6 0.4
G_cuneus 2154 1497 2500 1.577 0.402 0.155 0.035 31 3.3
G_front_inf-Opercular 986 669 2209 2.586 0.360 0.111 0.026 11 0.9
G_front_inf-Orbital 479 302 1127 2.637 0.593 0.126 0.028 7 0.6
G_front_inf-Triangul 1105 743 2640 2.755 0.461 0.135 0.026 16 1.2
G_front_middle 4549 3205 10219 2.547 0.505 0.133 0.029 66 5.5
G_front_sup 7998 5384 18739 2.812 0.560 0.124 0.027 91 8.4
G_Ins_lg_and_S_cent_ins 691 479 1643 3.244 0.563 0.121 0.032 7 0.7
G_insular_short 802 550 2309 3.277 0.845 0.119 0.030 10 0.9
G_occipital_middle 1767 1206 3458 2.279 0.520 0.144 0.031 28 2.0
G_occipital_sup 1341 877 2233 2.100 0.644 0.133 0.028 16 1.6
G_oc-temp_lat-fusifor 1770 1196 4331 2.830 0.594 0.128 0.031 30 2.1
G_oc-temp_med-Lingual 3236 2345 4661 1.779 0.630 0.158 0.042 49 5.6
G_oc-temp_med-Parahip 1230 745 3068 3.035 0.818 0.102 0.033 10 1.5
G_orbital 2239 1561 5681 2.926 0.604 0.137 0.031 33 2.8
G_pariet_inf-Angular 2663 1812 5781 2.475 0.550 0.132 0.027 39 3.0
G_pariet_inf-Supramar 2868 1927 6785 2.772 0.458 0.125 0.024 36 2.8
G_parietal_sup 3202 2205 5545 2.102 0.453 0.128 0.026 44 3.3
G_postcentral 3084 1951 4632 2.053 0.618 0.130 0.030 38 3.8
G_precentral 2299 1380 4876 2.687 0.495 0.107 0.023 22 2.0
G_precuneus 2289 1593 4614 2.468 0.540 0.136 0.029 32 2.6
G_rectus 795 549 2030 2.661 0.595 0.133 0.039 21 1.2
G_subcallosal 759 551 1167 2.321 0.817 0.143 0.050 10 1.3
G_temp_sup-G_T_transv 769 477 1697 2.800 0.416 0.139 0.027 10 0.8
G_temp_sup-Lateral 1956 1317 5932 3.311 0.572 0.133 0.027 27 2.2
G_temp_sup-Plan_polar 658 443 1899 3.549 0.624 0.105 0.020 5 0.5
G_temp_sup-Plan_tempo 852 556 1719 2.609 0.524 0.090 0.015 5 0.5
G_temporal_inf 2117 1442 5842 3.061 0.619 0.123 0.023 27 2.4
G_temporal_middle 2454 1737 7112 3.026 0.630 0.133 0.027 39 2.6
Lat_Fis-ant-Horizont 425 295 602 2.323 0.563 0.119 0.019 4 0.2
Lat_Fis-ant-Vertical 234 163 340 2.378 0.394 0.088 0.010 1 0.1
Lat_Fis-post 1132 759 1426 2.299 0.516 0.118 0.024 7 1.2
Pole_occipital 2604 1749 3758 1.915 0.502 0.153 0.035 42 3.9
Pole_temporal 1440 1066 5825 3.672 0.741 0.148 0.036 21 2.0
S_calcarine 2650 1813 2776 1.793 0.563 0.134 0.030 29 3.4
S_central 3034 2024 3151 1.836 0.527 0.106 0.020 19 2.6
S_cingul-Marginalis 986 661 1316 2.197 0.462 0.115 0.020 8 0.9
S_circular_insula_ant 544 372 846 2.866 0.437 0.091 0.015 2 0.4
S_circular_insula_inf 1537 1068 2301 2.800 0.585 0.108 0.019 9 1.4
S_circular_insula_sup 1910 1241 2666 2.663 0.481 0.107 0.019 10 1.7
S_collat_transv_ant 728 542 1754 3.083 0.680 0.125 0.025 11 0.8
S_collat_transv_post 457 300 467 1.920 0.430 0.130 0.025 4 0.6
S_front_inf 1618 1138 2470 2.242 0.458 0.118 0.021 14 1.4
S_front_middle 1500 1051 2072 2.177 0.374 0.112 0.021 11 1.3
S_front_sup 2801 1896 4342 2.389 0.361 0.098 0.019 18 2.1
S_interm_prim-Jensen 436 293 529 2.242 0.335 0.108 0.017 2 0.3
S_intrapariet_and_P_trans 3157 2119 3755 1.982 0.410 0.114 0.019 25 2.7
S_oc_middle_and_Lunatus 984 664 1065 1.877 0.334 0.137 0.029 10 1.3
S_oc_sup_and_transversal 1168 759 1296 1.917 0.352 0.102 0.018 7 0.9
S_occipital_ant 571 385 664 2.132 0.455 0.115 0.022 4 0.5
S_oc-temp_lat 940 661 1589 2.513 0.443 0.119 0.027 8 0.9
S_oc-temp_med_and_Lingual 2017 1375 2806 2.451 0.437 0.113 0.019 15 1.7
S_orbital_lateral 374 271 501 2.144 0.374 0.125 0.022 3 0.4
S_orbital_med-olfact 607 417 873 2.552 0.480 0.119 0.019 5 0.5
S_orbital-H_Shaped 1247 862 2181 2.682 0.538 0.126 0.027 13 1.4
S_parieto_occipital 2515 1666 2911 1.957 0.474 0.119 0.024 22 2.6
S_pericallosal 1176 750 1019 1.793 0.517 0.127 0.024 20 1.4
S_postcentral 3101 2084 3993 2.159 0.498 0.108 0.020 23 2.7
S_precentral-inf-part 1747 1131 2552 2.449 0.333 0.083 0.011 9 0.8
S_precentral-sup-part 1049 685 1299 2.282 0.450 0.081 0.011 3 0.6
S_suborbital 860 641 1432 2.478 0.705 0.152 0.030 15 1.1
S_subparietal 1201 816 1604 2.073 0.465 0.116 0.024 10 1.3
S_temporal_inf 1330 908 2070 2.649 0.602 0.104 0.015 8 0.9
S_temporal_sup 6014 4081 9670 2.476 0.463 0.110 0.019 49 4.6
S_temporal_transverse 481 323 655 2.451 0.487 0.103 0.010 3 0.3
