StructName NumVert SurfArea GrayVol ThickAvg ThickStd MeanCurv GausCurv FoldInd CurvInd
G_and_S_frontomargin 1224 846 2224 2.279 0.548 0.125 0.023 15 1.3
G_and_S_occipital_inf 1548 1055 2850 2.174 0.675 0.123 0.024 17 1.5
G_and_S_paracentral 1549 925 2311 2.177 0.581 0.109 0.024 14 1.5
G_and_S_subcentral 1695 1146 3960 2.930 0.513 0.129 0.025 19 1.8
G_and_S_transv_frontopol 695 508 1807 2.572 0.662 0.154 0.032 13 0.9
G_and_S_cingul-Ant 2249 1505 4418 2.838 0.588 0.113 0.021 19 2.0
G_and_S_cingul-Mid-Ant 1387 908 2209 2.491 0.387 0.096 0.014 8 1.0
G_and_S_cingul-Mid-Post 1228 829 2131 2.516 0.434 0.110 0.023 10 1.0
G_cingul-Post-dorsal 558 381 1465 3.014 0.626 0.152 0.039 8 0.9
G_cingul-Post-ventral 291 190 522 2.336 0.655 0.160 0.050 9 0.5
G_cuneus 2158 1500 2702 1.642 0.409 0.155 0.035 33 3.3
G_front_inf-Opercular 1032 692 2323 2.658 0.369 0.109 0.022 11 0.9
G_front_inf-Orbital 604 384 1387 2.566 0.596 0.128 0.024 8 0.7
G_front_inf-Triangul 1127 740 2538 2.667 0.572 0.130 0.026 16 1.3
G_front_middle 4858 3277 10243 2.558 0.516 0.129 0.026 62 5.2
G_front_sup 8240 5469 19212 2.809 0.571 0.123 0.026 92 8.4
G_Ins_lg_and_S_cent_ins 716 473 1661 3.231 0.638 0.107 0.031 6 0.7
G_insular_short 753 509 2143 3.284 0.747 0.124 0.032 10 1.0
G_occipital_middle 1838 1320 3585 2.199 0.576 0.152 0.032 31 2.4
G_occipital_sup 1337 911 2300 2.108 0.595 0.136 0.029 16 1.7
G_oc-temp_lat-fusifor 1837 1224 4422 2.718 0.736 0.136 0.041 33 3.5
G_oc-temp_med-Lingual 3267 2292 4927 1.875 0.662 0.153 0.044 49 5.7
G_oc-temp_med-Parahip 1208 712 2895 2.919 0.879 0.107 0.035 14 1.8
G_orbital 2060 1448 5316 2.904 0.712 0.133 0.031 31 2.6
G_pariet_inf-Angular 2591 1841 5543 2.381 0.497 0.135 0.026 37 2.9
G_pariet_inf-Supramar 2733 1887 6193 2.615 0.521 0.132 0.026 34 2.9
G_parietal_sup 3136 2169 5451 2.101 0.446 0.125 0.024 39 3.2
G_postcentral 2946 1877 4460 2.036 0.585 0.134 0.029 38 3.6
G_precentral 2406 1407 5098 2.725 0.522 0.104 0.023 21 2.0
G_precuneus 2373 1624 4918 2.458 0.530 0.131 0.028 32 2.7
G_rectus 904 674 2425 2.692 0.623 0.154 0.037 18 1.3
G_subcallosal 685 473 1084 2.457 0.853 0.125 0.046 9 1.0
G_temp_sup-G_T_transv 821 489 1685 2.754 0.419 0.130 0.028 10 0.9
G_temp_sup-Lateral 2144 1372 6404 3.272 0.696 0.129 0.025 28 2.2
G_temp_sup-Plan_polar 575 388 1630 3.779 0.533 0.095 0.019 3 0.4
G_temp_sup-Plan_tempo 916 574 1768 2.582 0.596 0.089 0.015 5 0.6
G_temporal_inf 2067 1450 5327 2.815 0.647 0.128 0.025 28 2.3
G_temporal_middle 2415 1686 7258 3.063 0.799 0.131 0.027 34 2.7
Lat_Fis-ant-Horizont 306 214 389 2.136 0.424 0.131 0.021 3 0.2
Lat_Fis-ant-Vertical 237 168 330 2.199 0.374 0.093 0.010 1 0.1
Lat_Fis-post 1184 777 1416 2.182 0.460 0.116 0.024 8 1.2
Pole_occipital 2513 1705 3759 1.929 0.525 0.152 0.032 40 3.4
Pole_temporal 1444 1118 5926 3.608 0.757 0.154 0.037 20 2.3
S_calcarine 2620 1736 2765 1.823 0.569 0.125 0.029 26 3.3
S_central 3078 2033 3268 1.882 0.546 0.102 0.019 18 2.4
S_cingul-Marginalis 1008 686 1345 2.137 0.379 0.116 0.022 9 1.0
S_circular_insula_ant 535 355 770 2.726 0.391 0.092 0.017 2 0.4
S_circular_insula_inf 1616 1095 2406 2.809 0.634 0.107 0.022 11 1.9
S_circular_insula_sup 1958 1248 2632 2.631 0.524 0.105 0.019 10 1.7
S_collat_transv_ant 761 578 2002 3.011 0.712 0.128 0.024 11 0.8
S_collat_transv_post 452 310 477 1.849 0.403 0.135 0.028 4 0.6
S_front_inf 1771 1209 2740 2.244 0.450 0.113 0.020 16 1.5
S_front_middle 1411 967 1875 2.152 0.368 0.109 0.018 10 1.0
S_front_sup 2886 1929 4517 2.446 0.376 0.098 0.018 18 2.1
S_interm_prim-Jensen 445 292 513 2.098 0.283 0.106 0.017 2 0.3
S_intrapariet_and_P_trans 3240 2148 4027 2.024 0.448 0.111 0.020 25 2.7
S_oc_middle_and_Lunatus 878 583 874 1.776 0.327 0.137 0.028 9 1.0
S_oc_sup_and_transversal 1133 734 1171 1.821 0.342 0.105 0.018 7 0.9
S_occipital_ant 636 421 699 1.956 0.404 0.111 0.018 4 0.5
S_oc-temp_lat 781 517 1033 2.380 0.351 0.110 0.022 5 0.6
S_oc-temp_med_and_Lingual 2205 1470 2964 2.277 0.466 0.113 0.020 18 1.9
S_orbital_lateral 368 256 427 1.906 0.408 0.119 0.023 2 0.4
S_orbital_med-olfact 681 465 959 2.385 0.663 0.131 0.023 7 0.6
S_orbital-H_Shaped 1232 839 2114 2.587 0.583 0.118 0.026 11 1.2
S_parieto_occipital 2436 1626 2804 1.919 0.481 0.116 0.022 20 2.3
S_pericallosal 1194 743 982 1.795 0.531 0.126 0.022 19 1.1
S_postcentral 3094 2069 3819 2.080 0.486 0.108 0.024 25 3.3
S_precentral-inf-part 1762 1142 2568 2.516 0.313 0.086 0.012 9 0.9
S_precentral-sup-part 1121 739 1466 2.386 0.420 0.082 0.012 4 0.6
S_suborbital 600 437 842 2.273 0.779 0.133 0.020 5 0.6
S_subparietal 1203 811 1557 2.075 0.431 0.115 0.022 9 1.2
S_temporal_inf 1413 941 2187 2.558 0.701 0.106 0.015 9 1.0
S_temporal_sup 5901 3916 9110 2.386 0.498 0.109 0.019 47 4.6
S_temporal_transverse 454 317 630 2.386 0.532 0.111 0.011 3 0.2
