StructName NumVert SurfArea GrayVol ThickAvg ThickStd MeanCurv GausCurv FoldInd CurvInd
G_and_S_frontomargin 1265 856 2310 2.401 0.528 0.119 0.023 15 1.2
G_and_S_occipital_inf 1535 1055 3011 2.347 0.643 0.119 0.023 17 1.4
G_and_S_paracentral 1472 914 2209 2.175 0.535 0.112 0.023 13 1.3
G_and_S_subcentral 1682 1151 4051 2.984 0.512 0.135 0.026 20 1.8
G_and_S_transv_frontopol 766 570 2087 2.750 0.475 0.153 0.033 14 1.0
G_and_S_cingul-Ant 2339 1606 4791 2.802 0.570 0.118 0.024 26 2.4
G_and_S_cingul-Mid-Ant 1383 912 2279 2.545 0.349 0.094 0.015 7 1.0
G_and_S_cingul-Mid-Post 1200 810 2053 2.557 0.383 0.110 0.024 9 1.2
G_cingul-Post-dorsal 565 389 1493 3.061 0.538 0.154 0.036 8 0.9
G_cingul-Post-ventral 304 199 562 2.464 0.687 0.144 0.040 5 0.4
G_cuneus 2243 1542 2602 1.591 0.376 0.156 0.035 33 3.4
G_front_inf-Opercular 954 641 2309 2.710 0.391 0.114 0.025 12 0.8
G_front_inf-Orbital 548 355 1315 2.670 0.568 0.128 0.029 8 0.7
G_front_inf-Triangul 1026 717 2608 2.835 0.521 0.137 0.026 15 1.1
G_front_middle 4608 3246 10580 2.607 0.509 0.137 0.030 75 5.9
G_front_sup 7921 5323 18478 2.833 0.540 0.125 0.025 86 8.2
G_Ins_lg_and_S_cent_ins 713 480 1636 3.266 0.508 0.131 0.036 9 1.2
G_insular_short 739 516 2265 3.386 0.810 0.122 0.031 11 0.8
G_occipital_middle 1851 1247 3701 2.322 0.527 0.143 0.031 30 2.2
G_occipital_sup 1321 885 2306 2.143 0.649 0.134 0.028 16 1.5
G_oc-temp_lat-fusifor 1826 1213 4520 2.850 0.595 0.132 0.034 32 2.3
G_oc-temp_med-Lingual 3159 2297 4753 1.833 0.636 0.160 0.042 50 5.5
G_oc-temp_med-Parahip 1168 726 2794 2.911 0.863 0.103 0.030 10 1.2
G_orbital 2160 1526 5693 2.957 0.538 0.135 0.032 34 2.6
G_pariet_inf-Angular 2555 1713 5327 2.428 0.484 0.131 0.028 38 2.8
G_pariet_inf-Supramar 2891 2008 6947 2.734 0.498 0.130 0.027 35 3.2
G_parietal_sup 3267 2217 5637 2.126 0.462 0.124 0.024 40 3.1
G_postcentral 2892 1864 4622 2.120 0.649 0.136 0.031 39 3.7
G_precentral 2287 1374 5004 2.721 0.510 0.108 0.025 22 2.2
G_precuneus 2362 1595 4713 2.478 0.483 0.130 0.028 30 2.6
G_rectus 785 596 2273 2.794 0.589 0.148 0.040 13 1.6
G_subcallosal 731 517 1156 2.501 0.864 0.150 0.069 12 2.0
G_temp_sup-G_T_transv 753 463 1644 2.773 0.367 0.138 0.031 11 0.8
G_temp_sup-Lateral 1985 1360 6451 3.367 0.656 0.137 0.027 30 2.1
G_temp_sup-Plan_polar 635 439 1805 3.461 0.647 0.115 0.027 6 0.7
G_temp_sup-Plan_tempo 880 579 1805 2.611 0.484 0.092 0.016 6 0.6
G_temporal_inf 2093 1463 5794 2.990 0.630 0.127 0.024 28 2.3
G_temporal_middle 2307 1665 6964 3.075 0.664 0.133 0.028 35 2.6
Lat_Fis-ant-Horizont 376 266 536 2.308 0.365 0.119 0.016 3 0.2
Lat_Fis-ant-Vertical 239 164 344 2.410 0.409 0.088 0.010 1 0.1
Lat_Fis-post 1179 789 1495 2.309 0.532 0.119 0.024 8 1.3
Pole_occipital 2476 1672 3727 1.947 0.495 0.154 0.033 41 3.6
Pole_temporal 1459 1101 5856 3.640 0.728 0.153 0.039 23 2.3
S_calcarine 2634 1801 2717 1.771 0.547 0.133 0.030 28 3.5
S_central 3117 2067 3295 1.858 0.543 0.103 0.019 20 2.5
S_cingul-Marginalis 999 669 1319 2.169 0.422 0.115 0.020 8 0.9
S_circular_insula_ant 562 374 823 2.758 0.417 0.092 0.016 2 0.4
S_circular_insula_inf 1612 1099 2458 2.870 0.624 0.105 0.022 9 1.7
S_circular_insula_sup 2030 1300 2862 2.714 0.550 0.103 0.018 9 1.7
S_collat_transv_ant 778 594 1926 3.098 0.685 0.128 0.027 12 0.9
S_collat_transv_post 413 280 446 1.999 0.413 0.133 0.025 3 0.5
S_front_inf 1624 1141 2648 2.299 0.479 0.116 0.021 15 1.5
S_front_middle 1567 1092 2141 2.190 0.353 0.112 0.021 13 1.5
S_front_sup 2627 1779 4027 2.404 0.326 0.097 0.018 16 1.8
S_interm_prim-Jensen 422 273 489 2.283 0.329 0.104 0.016 2 0.4
S_intrapariet_and_P_trans 3052 2034 3645 1.979 0.412 0.115 0.021 25 2.7
S_oc_middle_and_Lunatus 892 614 988 1.914 0.311 0.140 0.029 9 1.1
S_oc_sup_and_transversal 1147 742 1257 1.930 0.332 0.103 0.019 7 0.9
S_occipital_ant 628 416 717 2.179 0.395 0.119 0.022 4 0.6
S_oc-temp_lat 964 661 1501 2.535 0.395 0.116 0.026 8 1.0
S_oc-temp_med_and_Lingual 2090 1439 2962 2.456 0.475 0.113 0.020 15 1.9
S_orbital_lateral 380 268 520 2.275 0.335 0.118 0.022 2 0.4
S_orbital_med-olfact 596 414 832 2.439 0.442 0.127 0.018 5 0.5
S_orbital-H_Shaped 1272 859 2246 2.730 0.526 0.119 0.024 13 1.3
S_parieto_occipital 2457 1634 2846 1.955 0.483 0.117 0.024 21 2.4
S_pericallosal 1114 728 1016 1.786 0.494 0.135 0.025 19 1.3
S_postcentral 3248 2178 4161 2.137 0.468 0.106 0.019 22 2.7
S_precentral-inf-part 1770 1146 2632 2.501 0.316 0.087 0.012 9 0.9
S_precentral-sup-part 1044 683 1324 2.354 0.466 0.081 0.013 3 0.6
S_suborbital 922 662 1534 2.459 0.608 0.147 0.029 16 1.2
S_subparietal 1115 768 1470 2.085 0.446 0.119 0.024 9 1.2
S_temporal_inf 1288 884 1972 2.660 0.616 0.107 0.016 7 1.0
S_temporal_sup 5962 4082 9912 2.491 0.459 0.114 0.021 54 5.0
S_temporal_transverse 438 309 634 2.422 0.516 0.103 0.011 3 0.2
