StructName NumVert SurfArea GrayVol ThickAvg ThickStd MeanCurv GausCurv FoldInd CurvInd
G_and_S_frontomargin 1120 807 2194 2.262 0.625 0.137 0.027 19 1.3
G_and_S_occipital_inf 1478 1024 3027 2.319 0.699 0.117 0.023 16 1.3
G_and_S_paracentral 1543 1063 2524 2.117 0.600 0.131 0.038 18 2.2
G_and_S_subcentral 1802 1234 4457 2.936 0.557 0.131 0.030 23 1.9
G_and_S_transv_frontopol 684 499 1739 2.602 0.675 0.143 0.032 13 0.8
G_and_S_cingul-Ant 2232 1544 4431 2.679 0.621 0.112 0.024 19 2.2
G_and_S_cingul-Mid-Ant 1523 1002 2633 2.517 0.482 0.092 0.015 8 1.1
G_and_S_cingul-Mid-Post 1347 909 2381 2.551 0.466 0.117 0.029 12 1.5
G_cingul-Post-dorsal 610 450 1904 3.173 0.640 0.175 0.051 12 1.4
G_cingul-Post-ventral 308 216 630 2.462 0.674 0.150 0.045 5 0.5
G_cuneus 2105 1539 2748 1.621 0.479 0.157 0.040 34 3.4
G_front_inf-Opercular 944 685 2432 2.729 0.400 0.115 0.027 12 0.9
G_front_inf-Orbital 510 325 1307 2.810 0.556 0.118 0.028 7 0.6
G_front_inf-Triangul 1101 750 3083 2.995 0.669 0.138 0.035 19 1.2
G_front_middle 4963 3434 12158 2.578 0.770 0.131 0.029 73 5.5
G_front_sup 8276 5717 20786 2.816 0.667 0.128 0.032 100 9.9
G_Ins_lg_and_S_cent_ins 668 468 1723 3.360 0.680 0.114 0.031 7 0.8
G_insular_short 727 579 2476 3.451 0.705 0.140 0.040 12 1.2
G_occipital_middle 1810 1256 4140 2.382 0.727 0.147 0.035 44 2.2
G_occipital_sup 1252 899 2311 2.110 0.580 0.138 0.030 16 1.5
G_oc-temp_lat-fusifor 2082 1446 5544 2.862 0.715 0.146 0.041 41 3.5
G_oc-temp_med-Lingual 3037 2305 5286 1.977 0.715 0.165 0.049 55 6.2
G_oc-temp_med-Parahip 1456 950 3172 2.556 0.976 0.138 0.049 23 2.9
G_orbital 2269 1632 6373 2.893 0.776 0.137 0.035 34 3.3
G_pariet_inf-Angular 2559 1831 5807 2.417 0.590 0.137 0.030 42 3.1
G_pariet_inf-Supramar 2761 1942 6895 2.649 0.618 0.129 0.027 37 3.0
G_parietal_sup 3036 2198 5766 2.107 0.533 0.133 0.029 43 3.3
G_postcentral 3206 2108 5580 2.166 0.708 0.138 0.044 47 5.1
G_precentral 2229 1451 5535 2.788 0.554 0.120 0.030 25 2.4
G_precuneus 2411 1755 5404 2.483 0.602 0.138 0.040 40 3.5
G_rectus 848 659 2496 2.722 0.711 0.150 0.043 18 1.4
G_subcallosal 695 465 1295 2.780 0.907 0.147 0.059 11 1.7
G_temp_sup-G_T_transv 724 504 1755 2.762 0.433 0.157 0.037 11 1.0
G_temp_sup-Lateral 2055 1364 6721 3.337 0.694 0.128 0.030 28 2.2
G_temp_sup-Plan_polar 665 489 2012 3.623 0.639 0.133 0.033 6 1.0
G_temp_sup-Plan_tempo 879 584 1909 2.627 0.632 0.090 0.017 5 0.6
G_temporal_inf 2157 1466 6172 2.945 0.802 0.125 0.032 30 3.0
G_temporal_middle 2451 1750 8187 3.176 0.759 0.133 0.030 45 2.8
Lat_Fis-ant-Horizont 358 252 495 2.132 0.568 0.125 0.022 4 0.3
Lat_Fis-ant-Vertical 304 208 413 2.160 0.354 0.083 0.010 1 0.1
Lat_Fis-post 1180 780 1521 2.292 0.468 0.118 0.025 8 1.3
Pole_occipital 2470 1696 4306 2.133 0.650 0.153 0.042 43 3.9
Pole_temporal 1337 1142 6153 3.728 0.754 0.166 0.045 24 2.1
S_calcarine 2550 1778 3270 2.068 0.585 0.125 0.029 24 3.2
S_central 3071 2003 3474 2.008 0.534 0.097 0.019 15 2.5
S_cingul-Marginalis 934 649 1315 2.179 0.465 0.112 0.022 8 0.9
S_circular_insula_ant 546 361 779 2.642 0.672 0.104 0.028 4 0.6
S_circular_insula_inf 1540 999 2207 2.820 0.553 0.094 0.018 7 1.2
S_circular_insula_sup 1929 1232 2615 2.568 0.501 0.106 0.022 9 1.9
S_collat_transv_ant 735 534 1630 2.989 0.902 0.118 0.026 8 0.8
S_collat_transv_post 429 285 464 1.881 0.389 0.121 0.023 2 0.5
S_front_inf 1569 1083 2405 2.133 0.518 0.115 0.022 13 1.6
S_front_middle 1497 1001 1909 2.024 0.384 0.110 0.020 11 1.2
S_front_sup 2893 1957 4499 2.368 0.388 0.099 0.019 18 2.3
S_interm_prim-Jensen 420 277 480 2.079 0.380 0.110 0.018 2 0.4
S_intrapariet_and_P_trans 3120 2110 3817 1.910 0.455 0.111 0.021 23 2.7
S_oc_middle_and_Lunatus 987 668 1052 1.727 0.359 0.132 0.028 10 1.2
S_oc_sup_and_transversal 1167 767 1286 1.808 0.309 0.103 0.019 7 0.9
S_occipital_ant 638 410 651 1.871 0.359 0.112 0.022 4 0.6
S_oc-temp_lat 944 613 1300 2.408 0.485 0.103 0.023 5 0.7
S_oc-temp_med_and_Lingual 2097 1428 3059 2.426 0.432 0.110 0.022 15 2.0
S_orbital_lateral 378 259 421 1.716 0.376 0.117 0.022 2 0.4
S_orbital_med-olfact 668 469 875 2.183 0.539 0.126 0.024 5 0.7
S_orbital-H_Shaped 1256 924 2401 2.574 0.718 0.126 0.029 14 1.5
S_parieto_occipital 2341 1567 2902 2.008 0.473 0.115 0.023 20 2.3
S_pericallosal 1197 721 911 1.528 0.530 0.115 0.023 16 1.1
S_postcentral 3145 2100 4061 2.067 0.451 0.103 0.019 20 2.7
S_precentral-inf-part 1929 1232 2820 2.312 0.413 0.084 0.013 13 1.1
S_precentral-sup-part 1097 699 1346 2.256 0.446 0.082 0.014 3 0.7
S_suborbital 1073 760 1726 2.308 0.607 0.140 0.028 17 1.3
S_subparietal 1190 803 1540 2.044 0.421 0.108 0.022 7 1.2
S_temporal_inf 1401 915 2025 2.400 0.660 0.101 0.014 8 0.9
S_temporal_sup 6100 4092 9930 2.397 0.545 0.107 0.019 48 4.9
S_temporal_transverse 463 307 623 2.370 0.451 0.099 0.013 3 0.3
