StructName NumVert SurfArea GrayVol ThickAvg ThickStd MeanCurv GausCurv FoldInd CurvInd
G_and_S_frontomargin 1179 842 2300 2.417 0.656 0.132 0.034 18 1.8
G_and_S_occipital_inf 1507 1067 3001 2.291 0.711 0.124 0.024 16 1.5
G_and_S_paracentral 1527 981 2394 2.209 0.580 0.117 0.025 14 1.6
G_and_S_subcentral 1673 1128 3912 2.922 0.528 0.134 0.026 20 1.8
G_and_S_transv_frontopol 691 542 2022 2.856 0.529 0.161 0.040 12 1.2
G_and_S_cingul-Ant 2208 1509 4548 2.827 0.617 0.117 0.025 19 2.5
G_and_S_cingul-Mid-Ant 1410 920 2312 2.546 0.385 0.094 0.015 8 1.0
G_and_S_cingul-Mid-Post 1188 803 2084 2.538 0.430 0.110 0.024 8 1.2
G_cingul-Post-dorsal 565 410 1493 3.019 0.577 0.162 0.042 9 1.0
G_cingul-Post-ventral 313 199 549 2.480 0.602 0.133 0.037 4 0.5
G_cuneus 2156 1563 2640 1.594 0.441 0.163 0.037 33 3.4
G_front_inf-Opercular 989 677 2302 2.692 0.377 0.113 0.025 12 0.9
G_front_inf-Orbital 546 350 1236 2.622 0.613 0.126 0.032 8 0.7
G_front_inf-Triangul 1065 723 2648 2.822 0.484 0.134 0.029 14 1.3
G_front_middle 4406 3148 10509 2.644 0.538 0.137 0.031 64 5.7
G_front_sup 7823 5424 18780 2.794 0.589 0.131 0.029 89 9.6
G_Ins_lg_and_S_cent_ins 703 476 1581 3.229 0.654 0.138 0.040 8 1.2
G_insular_short 775 545 2252 3.280 0.883 0.121 0.033 10 0.9
G_occipital_middle 1849 1260 3635 2.307 0.563 0.145 0.032 28 2.2
G_occipital_sup 1410 957 2305 1.983 0.638 0.138 0.031 16 1.8
G_oc-temp_lat-fusifor 1746 1180 4565 2.972 0.598 0.129 0.029 29 1.9
G_oc-temp_med-Lingual 3281 2401 4762 1.788 0.621 0.161 0.043 51 5.9
G_oc-temp_med-Parahip 1135 717 2860 2.993 0.836 0.105 0.033 10 1.1
G_orbital 2113 1502 5561 2.916 0.649 0.138 0.037 34 3.3
G_pariet_inf-Angular 2555 1724 5583 2.514 0.537 0.129 0.026 40 2.7
G_pariet_inf-Supramar 2783 1911 6771 2.782 0.480 0.129 0.026 34 2.9
G_parietal_sup 3083 2100 5361 2.095 0.494 0.125 0.026 38 3.4
G_postcentral 2984 1931 4765 2.130 0.641 0.133 0.032 36 3.9
G_precentral 2344 1479 4981 2.606 0.521 0.110 0.024 23 2.2
G_precuneus 2382 1629 4760 2.454 0.527 0.133 0.029 30 2.8
G_rectus 864 651 2647 2.891 0.660 0.153 0.045 15 1.8
G_subcallosal 685 451 932 2.186 0.820 0.143 0.060 12 1.4
G_temp_sup-G_T_transv 805 500 1739 2.809 0.423 0.141 0.038 12 1.1
G_temp_sup-Lateral 1992 1375 6432 3.275 0.648 0.137 0.027 30 2.3
G_temp_sup-Plan_polar 646 448 1768 3.356 0.660 0.112 0.025 5 0.6
G_temp_sup-Plan_tempo 870 571 1814 2.633 0.559 0.091 0.016 5 0.6
G_temporal_inf 2342 1614 6409 3.029 0.587 0.127 0.026 31 2.6
G_temporal_middle 2264 1638 6779 3.063 0.666 0.139 0.030 37 2.8
Lat_Fis-ant-Horizont 354 250 468 2.189 0.471 0.128 0.021 4 0.2
Lat_Fis-ant-Vertical 255 177 376 2.383 0.389 0.096 0.012 1 0.1
Lat_Fis-post 1204 798 1484 2.247 0.563 0.119 0.025 8 1.3
Pole_occipital 2507 1690 3522 1.851 0.504 0.152 0.033 39 3.7
Pole_temporal 1542 1116 5758 3.625 0.741 0.149 0.044 23 2.4
S_calcarine 2666 1792 2684 1.798 0.580 0.132 0.031 30 3.5
S_central 2934 1971 2964 1.802 0.577 0.110 0.022 20 2.7
S_cingul-Marginalis 964 644 1263 2.147 0.463 0.116 0.020 8 0.9
S_circular_insula_ant 557 378 867 2.876 0.435 0.099 0.018 2 0.4
S_circular_insula_inf 1610 1115 2518 2.886 0.596 0.106 0.020 8 1.6
S_circular_insula_sup 2014 1307 2819 2.704 0.552 0.105 0.019 10 1.7
S_collat_transv_ant 774 561 1777 3.016 0.717 0.127 0.027 12 0.8
S_collat_transv_post 454 300 491 2.030 0.455 0.127 0.023 3 0.5
S_front_inf 1659 1177 2704 2.263 0.482 0.120 0.024 16 1.7
S_front_middle 1364 966 2068 2.251 0.520 0.114 0.025 12 1.3
S_front_sup 2585 1738 4124 2.462 0.402 0.094 0.018 14 1.7
S_interm_prim-Jensen 495 328 579 2.132 0.337 0.105 0.018 3 0.4
S_intrapariet_and_P_trans 3282 2213 3910 1.969 0.435 0.117 0.021 27 3.0
S_oc_middle_and_Lunatus 997 664 1064 1.910 0.384 0.139 0.029 11 1.3
S_oc_sup_and_transversal 1149 747 1298 1.986 0.368 0.104 0.020 7 0.9
S_occipital_ant 631 410 704 2.109 0.370 0.114 0.022 4 0.6
S_oc-temp_lat 792 525 1058 2.451 0.372 0.104 0.021 4 0.6
S_oc-temp_med_and_Lingual 2040 1407 2977 2.500 0.484 0.117 0.020 16 1.8
S_orbital_lateral 387 275 527 2.134 0.362 0.121 0.021 3 0.4
S_orbital_med-olfact 582 403 839 2.502 0.584 0.119 0.017 4 0.4
S_orbital-H_Shaped 1165 838 2182 2.844 0.607 0.131 0.028 12 1.5
S_parieto_occipital 2426 1627 2892 1.976 0.483 0.120 0.025 21 2.6
S_pericallosal 1065 709 972 1.799 0.512 0.145 0.028 22 1.4
S_postcentral 3207 2125 4048 2.129 0.483 0.108 0.020 30 2.9
S_precentral-inf-part 1712 1117 2487 2.449 0.352 0.086 0.012 9 0.9
S_precentral-sup-part 1073 699 1340 2.331 0.493 0.083 0.013 4 0.6
S_suborbital 695 472 1213 2.737 0.906 0.120 0.024 6 0.7
S_subparietal 1105 756 1416 2.049 0.427 0.118 0.024 8 1.2
S_temporal_inf 1453 982 2335 2.726 0.681 0.099 0.014 7 0.9
S_temporal_sup 5985 4086 9972 2.480 0.457 0.112 0.020 52 4.9
S_temporal_transverse 457 309 618 2.315 0.496 0.103 0.013 3 0.3
