Index SegId NVoxels Volume_mm3 StructName normMean normStdDev normMin normMax normRange
1 4 11359 11551.3 Left-Lateral-Ventricle 14.0855 13.6350 0.0000 71.0000 71.0000
2 5 333 376.6 Left-Inf-Lat-Vent 37.9640 16.6550 0.0000 74.0000 74.0000
3 7 18457 19338.0 Left-Cerebellum-White-Matter 104.9774 9.4065 45.0000 142.0000 97.0000
4 8 67177 67210.2 Left-Cerebellum-Cortex 70.8696 16.1043 0.0000 153.0000 153.0000
5 10 9067 8884.8 Left-Thalamus 87.6335 11.0102 34.0000 127.0000 93.0000
6 11 3697 3636.5 Left-Caudate 69.1177 9.4332 34.0000 98.0000 64.0000
7 12 5255 5112.1 Left-Putamen 80.6856 8.8279 49.0000 106.0000 57.0000
8 13 2124 2095.2 Left-Pallidum 102.8974 6.8556 25.0000 123.0000 98.0000
9 14 1966 1970.6 3rd-Ventricle 19.5020 14.6591 0.0000 73.0000 73.0000
10 15 3294 3422.6 4th-Ventricle 20.0401 13.6722 0.0000 80.0000 80.0000
11 16 24749 25209.5 Brain-Stem 99.1882 10.6631 12.0000 138.0000 126.0000
12 17 4422 4273.3 Left-Hippocampus 66.9466 10.3057 16.0000 103.0000 87.0000
13 18 1589 1594.0 Left-Amygdala 69.1032 9.2697 32.0000 99.0000 67.0000
14 24 1411 1379.9 CSF 29.8653 16.1024 0.0000 97.0000 97.0000
15 26 522 500.2 Left-Accumbens-area 72.4272 7.8106 25.0000 90.0000 65.0000
16 28 4600 4559.3 Left-VentralDC 99.5248 13.5505 41.0000 137.0000 96.0000
17 30 0 0.0 Left-vessel 0.0000 0.0000 0.0000 0.0000 0.0000
18 31 759 701.0 Left-choroid-plexus 48.3123 14.8477 13.0000 83.0000 70.0000
19 43 10797 11008.2 Right-Lateral-Ventricle 14.0166 13.5504 0.0000 70.0000 70.0000
20 44 391 455.4 Right-Inf-Lat-Vent 36.9207 16.0482 0.0000 80.0000 80.0000
21 46 17505 18522.6 Right-Cerebellum-White-Matter 107.8131 9.3761 45.0000 141.0000 96.0000
22 47 68579 68841.7 Right-Cerebellum-Cortex 74.9308 16.9259 0.0000 127.0000 127.0000
23 49 8265 8026.4 Right-Thalamus 85.2513 11.3946 26.0000 115.0000 89.0000
24 50 3968 3881.1 Right-Caudate 65.0998 9.5264 31.0000 96.0000 65.0000
25 51 5213 5077.7 Right-Putamen 80.7107 9.6242 36.0000 108.0000 72.0000
26 52 2167 2169.1 Right-Pallidum 104.1874 6.8494 52.0000 126.0000 74.0000
27 53 4430 4273.2 Right-Hippocampus 68.6445 10.8035 9.0000 109.0000 100.0000
28 54 1800 1797.0 Right-Amygdala 70.3950 9.5838 32.0000 104.0000 72.0000
29 58 593 546.7 Right-Accumbens-area 69.6206 8.8560 33.0000 92.0000 59.0000
30 60 4731 4638.9 Right-VentralDC 99.5067 14.9658 38.0000 137.0000 99.0000
31 62 0 0.0 Right-vessel 0.0000 0.0000 0.0000 0.0000 0.0000
32 63 966 862.0 Right-choroid-plexus 48.6139 14.4693 7.0000 85.0000 78.0000
33 72 0 0.0 5th-Ventricle 0.0000 0.0000 0.0000 0.0000 0.0000
34 77 2875 2830.4 WM-hypointensities 70.1485 11.3774 22.0000 98.0000 76.0000
35 78 0 0.0 Left-WM-hypointensities 0.0000 0.0000 0.0000 0.0000 0.0000
36 79 0 0.0 Right-WM-hypointensities 0.0000 0.0000 0.0000 0.0000 0.0000
37 80 0 0.0 non-WM-hypointensities 0.0000 0.0000 0.0000 0.0000 0.0000
38 81 0 0.0 Left-non-WM-hypointensities 0.0000 0.0000 0.0000 0.0000 0.0000
39 82 0 0.0 Right-non-WM-hypointensities 0.0000 0.0000 0.0000 0.0000 0.0000
40 85 0 0.0 Optic-Chiasm 0.0000 0.0000 0.0000 0.0000 0.0000
41 251 828 854.9 CC_Posterior 124.2343 17.9213 50.0000 154.0000 104.0000
42 252 600 555.8 CC_Mid_Posterior 107.7500 26.4177 0.0000 146.0000 146.0000
43 253 936 854.7 CC_Central 98.1474 26.4544 9.0000 141.0000 132.0000
44 254 1029 974.8 CC_Mid_Anterior 96.4908 24.4175 8.0000 152.0000 144.0000
45 255 972 969.6 CC_Anterior 121.6389 21.4262 34.0000 163.0000 129.0000
