Index SegId NVoxels Volume_mm3 StructName normMean normStdDev normMin normMax normRange
1 4 10799 11247.3 Left-Lateral-Ventricle 13.2843 13.6444 0.0000 72.0000 72.0000
2 5 269 335.0 Left-Inf-Lat-Vent 41.7212 14.3836 6.0000 70.0000 64.0000
3 7 19758 20668.5 Left-Cerebellum-White-Matter 105.3409 8.7509 35.0000 126.0000 91.0000
4 8 72664 71049.0 Left-Cerebellum-Cortex 73.1919 16.3829 0.0000 114.0000 114.0000
5 10 9439 9091.3 Left-Thalamus 91.1711 11.8069 30.0000 114.0000 84.0000
6 11 3696 3626.9 Left-Caudate 72.3747 10.1413 37.0000 101.0000 64.0000
7 12 5097 5057.2 Left-Putamen 85.9231 7.4430 44.0000 108.0000 64.0000
8 13 2215 2205.8 Left-Pallidum 105.2817 5.6689 29.0000 121.0000 92.0000
9 14 1972 2075.4 3rd-Ventricle 18.7049 13.3605 0.0000 65.0000 65.0000
10 15 3241 3461.0 4th-Ventricle 25.5943 13.3221 3.0000 86.0000 83.0000
11 16 26749 26402.7 Brain-Stem 99.2743 13.3272 18.0000 153.0000 135.0000
12 17 4801 4593.6 Left-Hippocampus 69.3932 10.0969 17.0000 100.0000 83.0000
13 18 1618 1591.3 Left-Amygdala 71.4091 8.5191 36.0000 94.0000 58.0000
14 24 1482 1453.1 CSF 34.9008 14.9718 0.0000 101.0000 101.0000
15 26 479 479.9 Left-Accumbens-area 71.3653 6.9804 37.0000 85.0000 48.0000
16 28 5124 4959.2 Left-VentralDC 97.9128 15.3730 31.0000 124.0000 93.0000
17 30 0 0.0 Left-vessel 0.0000 0.0000 0.0000 0.0000 0.0000
18 31 834 773.2 Left-choroid-plexus 38.6139 16.0931 4.0000 76.0000 72.0000
19 43 10643 11053.3 Right-Lateral-Ventricle 14.0773 14.5041 0.0000 70.0000 70.0000
20 44 256 350.7 Right-Inf-Lat-Vent 41.0117 12.1460 10.0000 68.0000 58.0000
21 46 18519 19463.9 Right-Cerebellum-White-Matter 104.5749 8.0834 37.0000 127.0000 90.0000
22 47 71978 70273.4 Right-Cerebellum-Cortex 72.5825 16.1838 1.0000 116.0000 115.0000
23 49 8926 8517.8 Right-Thalamus 89.2268 11.7871 20.0000 112.0000 92.0000
24 50 3843 3727.4 Right-Caudate 70.4593 10.4189 31.0000 98.0000 67.0000
25 51 5186 5127.6 Right-Putamen 84.3178 8.3116 46.0000 106.0000 60.0000
26 52 2278 2258.7 Right-Pallidum 104.0399 5.3475 63.0000 120.0000 57.0000
27 53 4952 4721.4 Right-Hippocampus 71.5335 10.3943 10.0000 104.0000 94.0000
28 54 1871 1854.1 Right-Amygdala 71.9113 8.8498 32.0000 95.0000 63.0000
29 58 619 600.8 Right-Accumbens-area 69.8304 6.7903 34.0000 89.0000 55.0000
30 60 5167 4914.0 Right-VentralDC 96.7205 16.7170 14.0000 125.0000 111.0000
31 62 0 0.0 Right-vessel 0.0000 0.0000 0.0000 0.0000 0.0000
32 63 943 858.8 Right-choroid-plexus 39.9003 15.3507 3.0000 81.0000 78.0000
33 72 0 0.0 5th-Ventricle 0.0000 0.0000 0.0000 0.0000 0.0000
34 77 1817 1664.3 WM-hypointensities 61.6120 12.6577 27.0000 94.0000 67.0000
35 78 0 0.0 Left-WM-hypointensities 0.0000 0.0000 0.0000 0.0000 0.0000
36 79 0 0.0 Right-WM-hypointensities 0.0000 0.0000 0.0000 0.0000 0.0000
37 80 0 0.0 non-WM-hypointensities 0.0000 0.0000 0.0000 0.0000 0.0000
38 81 0 0.0 Left-non-WM-hypointensities 0.0000 0.0000 0.0000 0.0000 0.0000
39 82 0 0.0 Right-non-WM-hypointensities 0.0000 0.0000 0.0000 0.0000 0.0000
40 85 0 0.0 Optic-Chiasm 0.0000 0.0000 0.0000 0.0000 0.0000
41 251 899 838.5 CC_Posterior 101.7831 18.5611 34.0000 124.0000 90.0000
42 252 631 560.2 CC_Mid_Posterior 90.3280 23.9015 11.0000 122.0000 111.0000
43 253 864 785.7 CC_Central 88.3252 20.9886 20.0000 125.0000 105.0000
44 254 925 864.7 CC_Mid_Anterior 83.8086 21.5293 10.0000 117.0000 107.0000
45 255 964 906.5 CC_Anterior 100.9315 16.9835 28.0000 121.0000 93.0000
