Index SegId NVoxels Volume_mm3 StructName normMean normStdDev normMin normMax normRange
1 4 10577 11082.3 Left-Lateral-Ventricle 12.5421 13.1045 0.0000 66.0000 66.0000
2 5 247 320.0 Left-Inf-Lat-Vent 38.7287 14.2992 0.0000 70.0000 70.0000
3 7 19925 21022.0 Left-Cerebellum-White-Matter 104.6591 9.3435 26.0000 128.0000 102.0000
4 8 72265 70456.5 Left-Cerebellum-Cortex 71.7932 17.0842 0.0000 125.0000 125.0000
5 10 9472 9124.2 Left-Thalamus 91.2517 12.2411 23.0000 117.0000 94.0000
6 11 3558 3513.2 Left-Caudate 72.3676 10.2697 36.0000 98.0000 62.0000
7 12 4938 4954.6 Left-Putamen 87.0016 7.2642 49.0000 107.0000 58.0000
8 13 2246 2228.5 Left-Pallidum 105.1825 6.3627 35.0000 123.0000 88.0000
9 14 1922 2029.8 3rd-Ventricle 18.1769 13.3805 0.0000 64.0000 64.0000
10 15 3094 3361.9 4th-Ventricle 22.3251 13.1304 0.0000 84.0000 84.0000
11 16 26439 26095.5 Brain-Stem 99.0265 13.3419 6.0000 125.0000 119.0000
12 17 4750 4563.2 Left-Hippocampus 68.5076 10.3274 26.0000 104.0000 78.0000
13 18 1594 1600.5 Left-Amygdala 71.0238 8.5131 31.0000 95.0000 64.0000
14 24 1535 1509.7 CSF 35.3896 14.8748 3.0000 105.0000 102.0000
15 26 466 468.1 Left-Accumbens-area 71.0451 8.0690 17.0000 88.0000 71.0000
16 28 5089 4905.9 Left-VentralDC 98.3453 16.4141 19.0000 129.0000 110.0000
17 30 0 0.0 Left-vessel 0.0000 0.0000 0.0000 0.0000 0.0000
18 31 802 767.7 Left-choroid-plexus 37.5499 14.7508 2.0000 77.0000 75.0000
19 43 10264 10769.2 Right-Lateral-Ventricle 13.3785 13.6574 0.0000 68.0000 68.0000
20 44 237 329.5 Right-Inf-Lat-Vent 38.9451 12.2993 7.0000 66.0000 59.0000
21 46 18681 19725.2 Right-Cerebellum-White-Matter 104.2280 8.4017 35.0000 126.0000 91.0000
22 47 72230 70290.1 Right-Cerebellum-Cortex 71.9446 16.6701 0.0000 117.0000 117.0000
23 49 8815 8386.9 Right-Thalamus 89.5392 12.2294 23.0000 112.0000 89.0000
24 50 3789 3694.7 Right-Caudate 70.8778 10.7536 32.0000 100.0000 68.0000
25 51 5130 5087.7 Right-Putamen 85.5072 8.5956 41.0000 108.0000 67.0000
26 52 2303 2278.1 Right-Pallidum 104.6921 5.8993 33.0000 120.0000 87.0000
27 53 4940 4714.8 Right-Hippocampus 69.6472 10.6095 12.0000 104.0000 92.0000
28 54 1869 1878.9 Right-Amygdala 71.5955 9.2671 28.0000 93.0000 65.0000
29 58 599 578.6 Right-Accumbens-area 70.5175 6.8049 31.0000 89.0000 58.0000
30 60 5186 4932.1 Right-VentralDC 96.6452 17.5488 14.0000 129.0000 115.0000
31 62 0 0.0 Right-vessel 0.0000 0.0000 0.0000 0.0000 0.0000
32 63 964 880.3 Right-choroid-plexus 37.6058 15.3444 5.0000 77.0000 72.0000
33 72 0 0.0 5th-Ventricle 0.0000 0.0000 0.0000 0.0000 0.0000
34 77 1861 1664.8 WM-hypointensities 58.5325 13.2616 12.0000 91.0000 79.0000
35 78 0 0.0 Left-WM-hypointensities 0.0000 0.0000 0.0000 0.0000 0.0000
36 79 0 0.0 Right-WM-hypointensities 0.0000 0.0000 0.0000 0.0000 0.0000
37 80 0 0.0 non-WM-hypointensities 0.0000 0.0000 0.0000 0.0000 0.0000
38 81 0 0.0 Left-non-WM-hypointensities 0.0000 0.0000 0.0000 0.0000 0.0000
39 82 0 0.0 Right-non-WM-hypointensities 0.0000 0.0000 0.0000 0.0000 0.0000
40 85 0 0.0 Optic-Chiasm 0.0000 0.0000 0.0000 0.0000 0.0000
41 251 895 834.6 CC_Posterior 101.6257 18.9971 34.0000 119.0000 85.0000
42 252 658 582.9 CC_Mid_Posterior 88.9848 22.3047 17.0000 118.0000 101.0000
43 253 941 834.4 CC_Central 85.7375 22.1765 20.0000 118.0000 98.0000
44 254 998 927.4 CC_Mid_Anterior 82.7836 22.4665 10.0000 125.0000 115.0000
45 255 909 849.0 CC_Anterior 101.0572 15.9909 34.0000 119.0000 85.0000
