Index SegId NVoxels Volume_mm3 StructName normMean normStdDev normMin normMax normRange
1 4 10953 11282.2 Left-Lateral-Ventricle 14.0347 13.6642 0.0000 75.0000 75.0000
2 5 279 351.5 Left-Inf-Lat-Vent 41.0860 15.6055 2.0000 72.0000 70.0000
3 7 19938 20728.3 Left-Cerebellum-White-Matter 101.8170 9.3987 30.0000 136.0000 106.0000
4 8 67449 66111.1 Left-Cerebellum-Cortex 67.5976 16.1253 0.0000 123.0000 123.0000
5 10 9137 8851.2 Left-Thalamus 92.5245 11.5649 32.0000 116.0000 84.0000
6 11 3577 3541.9 Left-Caudate 74.2499 9.6107 38.0000 100.0000 62.0000
7 12 5058 5004.7 Left-Putamen 84.9361 7.7890 51.0000 107.0000 56.0000
8 13 2187 2134.0 Left-Pallidum 103.8889 5.8341 35.0000 117.0000 82.0000
9 14 1988 2064.0 3rd-Ventricle 20.8214 14.2582 1.0000 69.0000 68.0000
10 15 3274 3459.2 4th-Ventricle 22.4899 14.4042 0.0000 70.0000 70.0000
11 16 26171 26089.0 Brain-Stem 99.4289 12.8629 17.0000 146.0000 129.0000
12 17 4634 4469.2 Left-Hippocampus 68.4018 10.2500 14.0000 108.0000 94.0000
13 18 1656 1687.0 Left-Amygdala 70.0079 8.2544 37.0000 95.0000 58.0000
14 24 1411 1369.8 CSF 36.6088 15.2512 2.0000 100.0000 98.0000
15 26 468 461.8 Left-Accumbens-area 73.2927 7.8228 30.0000 88.0000 58.0000
16 28 5054 4912.4 Left-VentralDC 98.7770 14.0582 38.0000 130.0000 92.0000
17 30 0 0.0 Left-vessel 0.0000 0.0000 0.0000 0.0000 0.0000
18 31 806 740.7 Left-choroid-plexus 42.4442 14.9876 7.0000 76.0000 69.0000
19 43 10797 11077.6 Right-Lateral-Ventricle 13.5375 14.0568 0.0000 72.0000 72.0000
20 44 308 394.1 Right-Inf-Lat-Vent 38.7500 13.8017 3.0000 71.0000 68.0000
21 46 18555 19376.9 Right-Cerebellum-White-Matter 103.7094 9.0446 43.0000 134.0000 91.0000
22 47 67513 66274.5 Right-Cerebellum-Cortex 67.4762 16.6677 0.0000 125.0000 125.0000
23 49 8452 8102.9 Right-Thalamus 91.5329 11.1340 27.0000 120.0000 93.0000
24 50 3789 3718.8 Right-Caudate 72.2866 9.8924 36.0000 99.0000 63.0000
25 51 5188 5123.7 Right-Putamen 83.3414 7.4022 34.0000 109.0000 75.0000
26 52 2346 2325.8 Right-Pallidum 101.8589 5.8406 30.0000 115.0000 85.0000
27 53 4709 4520.5 Right-Hippocampus 69.2181 10.6597 15.0000 103.0000 88.0000
28 54 1918 1937.7 Right-Amygdala 71.0485 8.5288 34.0000 97.0000 63.0000
29 58 617 601.9 Right-Accumbens-area 73.1556 6.3753 42.0000 92.0000 50.0000
30 60 5122 4956.2 Right-VentralDC 98.1693 14.7670 17.0000 136.0000 119.0000
31 62 0 0.0 Right-vessel 0.0000 0.0000 0.0000 0.0000 0.0000
32 63 959 864.9 Right-choroid-plexus 42.8133 15.7681 4.0000 80.0000 76.0000
33 72 0 0.0 5th-Ventricle 0.0000 0.0000 0.0000 0.0000 0.0000
34 77 1695 1573.4 WM-hypointensities 63.8437 12.0134 34.0000 91.0000 57.0000
35 78 0 0.0 Left-WM-hypointensities 0.0000 0.0000 0.0000 0.0000 0.0000
36 79 0 0.0 Right-WM-hypointensities 0.0000 0.0000 0.0000 0.0000 0.0000
37 80 0 0.0 non-WM-hypointensities 0.0000 0.0000 0.0000 0.0000 0.0000
38 81 0 0.0 Left-non-WM-hypointensities 0.0000 0.0000 0.0000 0.0000 0.0000
39 82 0 0.0 Right-non-WM-hypointensities 0.0000 0.0000 0.0000 0.0000 0.0000
40 85 0 0.0 Optic-Chiasm 0.0000 0.0000 0.0000 0.0000 0.0000
41 251 857 805.5 CC_Posterior 99.7655 17.5839 31.0000 117.0000 86.0000
42 252 620 560.9 CC_Mid_Posterior 91.7419 21.3163 15.0000 118.0000 103.0000
43 253 903 813.5 CC_Central 86.7929 20.7963 22.0000 116.0000 94.0000
44 254 1020 960.1 CC_Mid_Anterior 83.6343 20.8700 22.0000 120.0000 98.0000
45 255 928 873.1 CC_Anterior 98.7295 15.7144 32.0000 120.0000 88.0000
