Index SegId NVoxels Volume_mm3 StructName normMean normStdDev normMin normMax normRange
1 4 10934 11396.0 Left-Lateral-Ventricle 12.6451 13.2297 0.0000 70.0000 70.0000
2 5 265 330.8 Left-Inf-Lat-Vent 38.8717 14.5495 0.0000 68.0000 68.0000
3 7 20259 21394.5 Left-Cerebellum-White-Matter 104.3501 9.8859 32.0000 131.0000 99.0000
4 8 69786 67960.4 Left-Cerebellum-Cortex 69.8515 17.3907 0.0000 125.0000 125.0000
5 10 9116 8766.1 Left-Thalamus 91.9457 12.5045 31.0000 119.0000 88.0000
6 11 3551 3498.9 Left-Caudate 72.3331 10.2854 34.0000 97.0000 63.0000
7 12 4905 4901.4 Left-Putamen 87.7470 7.2319 52.0000 109.0000 57.0000
8 13 2248 2229.7 Left-Pallidum 108.3625 6.5169 29.0000 136.0000 107.0000
9 14 1968 2067.2 3rd-Ventricle 18.7647 13.3401 0.0000 66.0000 66.0000
10 15 3164 3392.9 4th-Ventricle 19.4905 12.6074 0.0000 64.0000 64.0000
11 16 25927 25706.9 Brain-Stem 98.2839 13.8536 11.0000 127.0000 116.0000
12 17 4700 4550.4 Left-Hippocampus 68.0164 9.9077 23.0000 99.0000 76.0000
13 18 1598 1608.6 Left-Amygdala 73.0676 9.0463 35.0000 97.0000 62.0000
14 24 1521 1486.8 CSF 34.1341 15.0932 3.0000 105.0000 102.0000
15 26 432 424.8 Left-Accumbens-area 72.7917 7.6527 34.0000 88.0000 54.0000
16 28 4955 4761.4 Left-VentralDC 97.5195 15.4465 33.0000 127.0000 94.0000
17 30 0 0.0 Left-vessel 0.0000 0.0000 0.0000 0.0000 0.0000
18 31 862 811.4 Left-choroid-plexus 39.3480 14.8542 3.0000 76.0000 73.0000
19 43 10655 11123.4 Right-Lateral-Ventricle 13.1044 13.3700 0.0000 66.0000 66.0000
20 44 268 369.8 Right-Inf-Lat-Vent 39.0933 11.7002 7.0000 65.0000 58.0000
21 46 18698 19876.6 Right-Cerebellum-White-Matter 104.2413 9.0922 36.0000 129.0000 93.0000
22 47 71131 69111.9 Right-Cerebellum-Cortex 73.1045 17.3927 0.0000 121.0000 121.0000
23 49 8638 8175.0 Right-Thalamus 89.5829 12.3145 25.0000 114.0000 89.0000
24 50 3685 3622.0 Right-Caudate 70.7718 10.1392 33.0000 95.0000 62.0000
25 51 5057 5034.2 Right-Putamen 85.6884 8.4238 44.0000 109.0000 65.0000
26 52 2338 2312.7 Right-Pallidum 106.4277 6.0665 44.0000 121.0000 77.0000
27 53 4885 4678.1 Right-Hippocampus 69.6313 10.6842 9.0000 99.0000 90.0000
28 54 1871 1861.1 Right-Amygdala 71.9888 8.5764 32.0000 94.0000 62.0000
29 58 592 582.2 Right-Accumbens-area 71.7078 6.7691 40.0000 93.0000 53.0000
30 60 5038 4812.1 Right-VentralDC 96.7525 16.4669 17.0000 131.0000 114.0000
31 62 0 0.0 Right-vessel 0.0000 0.0000 0.0000 0.0000 0.0000
32 63 1060 971.3 Right-choroid-plexus 38.4792 14.3761 8.0000 77.0000 69.0000
33 72 0 0.0 5th-Ventricle 0.0000 0.0000 0.0000 0.0000 0.0000
34 77 1825 1648.7 WM-hypointensities 59.0685 12.6780 15.0000 92.0000 77.0000
35 78 0 0.0 Left-WM-hypointensities 0.0000 0.0000 0.0000 0.0000 0.0000
36 79 0 0.0 Right-WM-hypointensities 0.0000 0.0000 0.0000 0.0000 0.0000
37 80 0 0.0 non-WM-hypointensities 0.0000 0.0000 0.0000 0.0000 0.0000
38 81 0 0.0 Left-non-WM-hypointensities 0.0000 0.0000 0.0000 0.0000 0.0000
39 82 0 0.0 Right-non-WM-hypointensities 0.0000 0.0000 0.0000 0.0000 0.0000
40 85 0 0.0 Optic-Chiasm 0.0000 0.0000 0.0000 0.0000 0.0000
41 251 865 800.5 CC_Posterior 97.6127 17.9290 40.0000 116.0000 76.0000
42 252 645 576.4 CC_Mid_Posterior 91.9132 22.4079 16.0000 120.0000 104.0000
43 253 911 806.8 CC_Central 86.0022 22.6196 15.0000 118.0000 103.0000
44 254 952 886.4 CC_Mid_Anterior 81.9664 21.6633 13.0000 117.0000 104.0000
45 255 967 897.7 CC_Anterior 98.5791 16.4565 34.0000 117.0000 83.0000
