Index SegId NVoxels Volume_mm3 StructName normMean normStdDev normMin normMax normRange
1 4 10926 11261.4 Left-Lateral-Ventricle 15.0479 13.9702 0.0000 69.0000 69.0000
2 5 252 308.6 Left-Inf-Lat-Vent 41.9444 17.0181 0.0000 78.0000 78.0000
3 7 20417 21377.3 Left-Cerebellum-White-Matter 104.4909 8.5826 32.0000 128.0000 96.0000
4 8 68061 66655.0 Left-Cerebellum-Cortex 73.7855 16.5506 0.0000 120.0000 120.0000
5 10 9255 8966.8 Left-Thalamus 92.1864 11.0812 30.0000 117.0000 87.0000
6 11 3503 3417.1 Left-Caudate 75.7214 10.3698 42.0000 101.0000 59.0000
7 12 4906 4867.0 Left-Putamen 89.5308 6.5077 60.0000 105.0000 45.0000
8 13 2254 2221.4 Left-Pallidum 106.3878 5.1405 41.0000 120.0000 79.0000
9 14 1982 2066.6 3rd-Ventricle 20.3350 13.7151 0.0000 71.0000 71.0000
10 15 3273 3444.3 4th-Ventricle 25.1870 14.3077 0.0000 83.0000 83.0000
11 16 26225 26091.7 Brain-Stem 100.1775 12.6730 3.0000 136.0000 133.0000
12 17 4644 4442.1 Left-Hippocampus 73.0601 10.0898 24.0000 101.0000 77.0000
13 18 1592 1609.0 Left-Amygdala 76.6583 8.6977 39.0000 101.0000 62.0000
14 24 1482 1445.2 CSF 35.3995 15.5540 3.0000 118.0000 115.0000
15 26 446 444.8 Left-Accumbens-area 74.0538 7.4630 32.0000 88.0000 56.0000
16 28 5070 4892.0 Left-VentralDC 98.6953 13.8010 36.0000 130.0000 94.0000
17 30 0 0.0 Left-vessel 0.0000 0.0000 0.0000 0.0000 0.0000
18 31 834 772.2 Left-choroid-plexus 42.6583 14.3318 12.0000 77.0000 65.0000
19 43 11033 11298.2 Right-Lateral-Ventricle 13.6462 14.4250 0.0000 69.0000 69.0000
20 44 297 388.8 Right-Inf-Lat-Vent 42.2761 13.2172 4.0000 75.0000 71.0000
21 46 18788 19705.8 Right-Cerebellum-White-Matter 104.7188 8.4791 44.0000 130.0000 86.0000
22 47 67807 66616.5 Right-Cerebellum-Cortex 71.9732 17.0130 0.0000 126.0000 126.0000
23 49 8423 7987.7 Right-Thalamus 90.2011 11.1948 30.0000 112.0000 82.0000
24 50 3736 3672.3 Right-Caudate 72.6022 10.5560 36.0000 102.0000 66.0000
25 51 5028 4953.4 Right-Putamen 87.1661 7.0584 47.0000 105.0000 58.0000
26 52 2220 2209.4 Right-Pallidum 104.5730 4.8794 61.0000 118.0000 57.0000
27 53 4683 4510.7 Right-Hippocampus 72.6662 10.0523 27.0000 104.0000 77.0000
28 54 1806 1799.6 Right-Amygdala 75.9485 9.2852 40.0000 99.0000 59.0000
29 58 568 543.3 Right-Accumbens-area 74.7729 6.8111 47.0000 93.0000 46.0000
30 60 5273 5051.7 Right-VentralDC 98.0561 14.6459 25.0000 131.0000 106.0000
31 62 0 0.0 Right-vessel 0.0000 0.0000 0.0000 0.0000 0.0000
32 63 954 874.7 Right-choroid-plexus 42.0042 15.2689 7.0000 81.0000 74.0000
33 72 0 0.0 5th-Ventricle 0.0000 0.0000 0.0000 0.0000 0.0000
34 77 1784 1660.7 WM-hypointensities 64.2293 12.3355 30.0000 94.0000 64.0000
35 78 0 0.0 Left-WM-hypointensities 0.0000 0.0000 0.0000 0.0000 0.0000
36 79 0 0.0 Right-WM-hypointensities 0.0000 0.0000 0.0000 0.0000 0.0000
37 80 0 0.0 non-WM-hypointensities 0.0000 0.0000 0.0000 0.0000 0.0000
38 81 0 0.0 Left-non-WM-hypointensities 0.0000 0.0000 0.0000 0.0000 0.0000
39 82 0 0.0 Right-non-WM-hypointensities 0.0000 0.0000 0.0000 0.0000 0.0000
40 85 0 0.0 Optic-Chiasm 0.0000 0.0000 0.0000 0.0000 0.0000
41 251 853 799.1 CC_Posterior 99.6002 16.7009 34.0000 123.0000 89.0000
42 252 631 560.5 CC_Mid_Posterior 88.6593 20.4393 12.0000 129.0000 117.0000
43 253 901 809.7 CC_Central 86.5172 21.1456 13.0000 130.0000 117.0000
44 254 926 857.3 CC_Mid_Anterior 82.7225 19.5860 17.0000 124.0000 107.0000
45 255 945 899.2 CC_Anterior 101.2243 16.7558 31.0000 126.0000 95.0000
