Index SegId NVoxels Volume_mm3 StructName normMean normStdDev normMin normMax normRange
1 4 5199 5671.0 Left-Lateral-Ventricle 15.9956 14.8087 0.0000 65.0000 65.0000
2 5 233 302.7 Left-Inf-Lat-Vent 28.9528 16.1873 0.0000 66.0000 66.0000
3 7 17636 18388.5 Left-Cerebellum-White-Matter 103.2922 9.4401 33.0000 127.0000 94.0000
4 8 68311 66695.1 Left-Cerebellum-Cortex 66.7813 16.3548 0.0000 115.0000 115.0000
5 10 8861 8594.7 Left-Thalamus 91.4690 12.0483 23.0000 119.0000 96.0000
6 11 3141 3089.0 Left-Caudate 72.1436 9.8130 37.0000 99.0000 62.0000
7 12 4631 4625.5 Left-Putamen 87.5601 6.3679 53.0000 112.0000 59.0000
8 13 2104 2098.2 Left-Pallidum 105.4938 5.9268 53.0000 127.0000 74.0000
9 14 668 764.4 3rd-Ventricle 32.1257 17.0837 0.0000 72.0000 72.0000
10 15 1224 1379.5 4th-Ventricle 22.7304 15.6895 0.0000 72.0000 72.0000
11 16 26018 25748.1 Brain-Stem 99.3335 13.4171 8.0000 128.0000 120.0000
12 17 4534 4409.4 Left-Hippocampus 67.5503 11.5557 16.0000 107.0000 91.0000
13 18 1853 1863.9 Left-Amygdala 72.4949 9.2254 33.0000 100.0000 67.0000
14 24 1073 1131.5 CSF 40.6254 16.3763 2.0000 79.0000 77.0000
15 26 479 486.2 Left-Accumbens-area 72.6764 7.2877 28.0000 93.0000 65.0000
16 28 4692 4482.6 Left-VentralDC 98.0989 15.9797 18.0000 131.0000 113.0000
17 30 0 0.0 Left-vessel 0.0000 0.0000 0.0000 0.0000 0.0000
18 31 476 442.3 Left-choroid-plexus 31.4265 17.9331 0.0000 70.0000 70.0000
19 43 5346 5793.5 Right-Lateral-Ventricle 14.6886 14.7537 0.0000 74.0000 74.0000
20 44 130 180.3 Right-Inf-Lat-Vent 28.7538 15.1821 0.0000 70.0000 70.0000
21 46 17162 17868.8 Right-Cerebellum-White-Matter 103.3722 8.5977 32.0000 124.0000 92.0000
22 47 70802 69299.1 Right-Cerebellum-Cortex 68.3665 15.7579 2.0000 117.0000 115.0000
23 49 8520 8169.2 Right-Thalamus 91.6133 12.1908 19.0000 118.0000 99.0000
24 50 3107 3058.6 Right-Caudate 70.5478 10.2412 27.0000 95.0000 68.0000
25 51 4787 4782.1 Right-Putamen 85.2152 7.4740 47.0000 105.0000 58.0000
26 52 2095 2043.3 Right-Pallidum 104.8625 5.2636 78.0000 121.0000 43.0000
27 53 4493 4422.0 Right-Hippocampus 68.2281 10.3621 26.0000 106.0000 80.0000
28 54 1863 1896.4 Right-Amygdala 69.2190 8.9559 26.0000 94.0000 68.0000
29 58 538 519.5 Right-Accumbens-area 72.1989 7.4509 45.0000 92.0000 47.0000
30 60 4612 4360.0 Right-VentralDC 97.0195 17.1285 14.0000 137.0000 123.0000
31 62 0 0.0 Right-vessel 0.0000 0.0000 0.0000 0.0000 0.0000
32 63 624 573.0 Right-choroid-plexus 35.7019 15.5589 0.0000 76.0000 76.0000
33 72 0 0.0 5th-Ventricle 0.0000 0.0000 0.0000 0.0000 0.0000
34 77 1120 1010.6 WM-hypointensities 53.4295 14.1194 15.0000 87.0000 72.0000
35 78 0 0.0 Left-WM-hypointensities 0.0000 0.0000 0.0000 0.0000 0.0000
36 79 0 0.0 Right-WM-hypointensities 0.0000 0.0000 0.0000 0.0000 0.0000
37 80 0 0.0 non-WM-hypointensities 0.0000 0.0000 0.0000 0.0000 0.0000
38 81 0 0.0 Left-non-WM-hypointensities 0.0000 0.0000 0.0000 0.0000 0.0000
39 82 0 0.0 Right-non-WM-hypointensities 0.0000 0.0000 0.0000 0.0000 0.0000
40 85 0 0.0 Optic-Chiasm 0.0000 0.0000 0.0000 0.0000 0.0000
41 251 1146 1081.6 CC_Posterior 101.5942 17.2470 40.0000 124.0000 84.0000
42 252 751 673.3 CC_Mid_Posterior 96.5619 18.8366 15.0000 119.0000 104.0000
43 253 944 859.4 CC_Central 94.6653 18.6230 31.0000 119.0000 88.0000
44 254 1102 983.5 CC_Mid_Anterior 85.5780 21.0312 29.0000 116.0000 87.0000
45 255 1118 1056.3 CC_Anterior 100.9741 12.1644 50.0000 117.0000 67.0000
