Index SegId NVoxels Volume_mm3 StructName normMean normStdDev normMin normMax normRange
1 4 6002 6209.9 Left-Lateral-Ventricle 14.6330 15.2161 0.0000 71.0000 71.0000
2 5 425 478.0 Left-Inf-Lat-Vent 34.5082 16.7899 0.0000 74.0000 74.0000
3 7 16739 17631.0 Left-Cerebellum-White-Matter 106.8109 10.1565 42.0000 146.0000 104.0000
4 8 63467 63544.5 Left-Cerebellum-Cortex 69.3508 16.4924 0.0000 139.0000 139.0000
5 10 8239 7988.2 Left-Thalamus 86.0178 11.2406 42.0000 116.0000 74.0000
6 11 3278 3244.8 Left-Caudate 65.0061 8.3524 39.0000 91.0000 52.0000
7 12 4874 4792.1 Left-Putamen 74.8041 8.2841 51.0000 101.0000 50.0000
8 13 2060 2037.2 Left-Pallidum 98.9364 6.5063 55.0000 117.0000 62.0000
9 14 620 639.0 3rd-Ventricle 24.3887 20.4143 0.0000 73.0000 73.0000
10 15 1256 1342.8 4th-Ventricle 22.0836 16.2660 0.0000 85.0000 85.0000
11 16 24941 25276.3 Brain-Stem 99.4092 10.9386 17.0000 135.0000 118.0000
12 17 4112 4008.8 Left-Hippocampus 63.8305 11.1145 24.0000 107.0000 83.0000
13 18 1695 1720.4 Left-Amygdala 69.2832 8.4798 42.0000 95.0000 53.0000
14 24 942 984.6 CSF 34.1136 16.4264 0.0000 82.0000 82.0000
15 26 523 491.4 Left-Accumbens-area 68.8719 8.2778 34.0000 96.0000 62.0000
16 28 4321 4268.3 Left-VentralDC 100.5742 13.0508 40.0000 133.0000 93.0000
17 30 0 0.0 Left-vessel 0.0000 0.0000 0.0000 0.0000 0.0000
18 31 548 491.0 Left-choroid-plexus 47.3905 14.3502 14.0000 79.0000 65.0000
19 43 5919 6152.1 Right-Lateral-Ventricle 14.5562 14.9578 0.0000 69.0000 69.0000
20 44 214 254.6 Right-Inf-Lat-Vent 37.3318 15.0585 0.0000 69.0000 69.0000
21 46 16443 17161.1 Right-Cerebellum-White-Matter 107.6574 11.0935 46.0000 143.0000 97.0000
22 47 65114 65423.3 Right-Cerebellum-Cortex 72.4716 16.1319 0.0000 130.0000 130.0000
23 49 7422 7081.7 Right-Thalamus 85.3145 12.2069 35.0000 115.0000 80.0000
24 50 3375 3303.5 Right-Caudate 66.5849 9.1702 35.0000 97.0000 62.0000
25 51 4907 4811.0 Right-Putamen 77.4814 7.2480 44.0000 104.0000 60.0000
26 52 1974 1936.3 Right-Pallidum 103.0496 5.8278 77.0000 119.0000 42.0000
27 53 4060 3979.0 Right-Hippocampus 68.7394 10.7395 34.0000 107.0000 73.0000
28 54 1738 1792.3 Right-Amygdala 73.4459 9.0087 33.0000 102.0000 69.0000
29 58 617 579.1 Right-Accumbens-area 69.9190 9.5915 38.0000 100.0000 62.0000
30 60 4083 3965.2 Right-VentralDC 97.6990 14.0314 23.0000 135.0000 112.0000
31 62 0 0.0 Right-vessel 0.0000 0.0000 0.0000 0.0000 0.0000
32 63 781 718.9 Right-choroid-plexus 46.2843 13.7484 9.0000 77.0000 68.0000
33 72 0 0.0 5th-Ventricle 0.0000 0.0000 0.0000 0.0000 0.0000
34 77 1448 1314.8 WM-hypointensities 66.7079 11.4864 29.0000 91.0000 62.0000
35 78 0 0.0 Left-WM-hypointensities 0.0000 0.0000 0.0000 0.0000 0.0000
36 79 0 0.0 Right-WM-hypointensities 0.0000 0.0000 0.0000 0.0000 0.0000
37 80 0 0.0 non-WM-hypointensities 0.0000 0.0000 0.0000 0.0000 0.0000
38 81 0 0.0 Left-non-WM-hypointensities 0.0000 0.0000 0.0000 0.0000 0.0000
39 82 0 0.0 Right-non-WM-hypointensities 0.0000 0.0000 0.0000 0.0000 0.0000
40 85 0 0.0 Optic-Chiasm 0.0000 0.0000 0.0000 0.0000 0.0000
41 251 1049 1099.0 CC_Posterior 116.8303 15.5854 40.0000 143.0000 103.0000
42 252 729 677.1 CC_Mid_Posterior 101.9877 21.8403 7.0000 134.0000 127.0000
43 253 918 846.4 CC_Central 101.8584 21.1619 23.0000 137.0000 114.0000
44 254 1080 996.6 CC_Mid_Anterior 99.7898 22.9823 3.0000 145.0000 142.0000
45 255 1097 1088.4 CC_Anterior 119.5160 16.7956 14.0000 145.0000 131.0000
