Index SegId NVoxels Volume_mm3 StructName normMean normStdDev normMin normMax normRange
1 4 5445 5788.6 Left-Lateral-Ventricle 17.8617 15.3410 0.0000 74.0000 74.0000
2 5 320 367.5 Left-Inf-Lat-Vent 29.7219 17.6664 0.0000 72.0000 72.0000
3 7 17401 18086.5 Left-Cerebellum-White-Matter 103.2441 9.4633 29.0000 132.0000 103.0000
4 8 65398 63956.3 Left-Cerebellum-Cortex 69.1675 16.5806 0.0000 120.0000 120.0000
5 10 8443 8232.8 Left-Thalamus 92.9652 11.2805 25.0000 121.0000 96.0000
6 11 3254 3177.9 Left-Caudate 72.2867 9.8868 35.0000 99.0000 64.0000
7 12 4834 4795.2 Left-Putamen 84.2536 6.3761 49.0000 108.0000 59.0000
8 13 2156 2138.2 Left-Pallidum 101.0195 5.9262 48.0000 118.0000 70.0000
9 14 676 750.4 3rd-Ventricle 35.1346 17.1569 1.0000 76.0000 75.0000
10 15 1239 1361.5 4th-Ventricle 30.0734 14.9102 0.0000 81.0000 81.0000
11 16 25692 25567.6 Brain-Stem 98.5852 12.7245 21.0000 133.0000 112.0000
12 17 4447 4318.3 Left-Hippocampus 67.4009 11.7641 22.0000 112.0000 90.0000
13 18 1880 1878.9 Left-Amygdala 69.9660 8.7133 40.0000 98.0000 58.0000
14 24 988 1035.6 CSF 40.0678 15.7660 2.0000 78.0000 76.0000
15 26 493 488.7 Left-Accumbens-area 76.8337 7.4102 42.0000 104.0000 62.0000
16 28 4728 4549.6 Left-VentralDC 98.4869 14.0899 33.0000 144.0000 111.0000
17 30 0 0.0 Left-vessel 0.0000 0.0000 0.0000 0.0000 0.0000
18 31 482 444.2 Left-choroid-plexus 41.0622 17.1457 0.0000 75.0000 75.0000
19 43 5582 5888.4 Right-Lateral-Ventricle 15.0539 15.3347 0.0000 69.0000 69.0000
20 44 174 223.6 Right-Inf-Lat-Vent 32.7644 17.5564 0.0000 83.0000 83.0000
21 46 16718 17234.6 Right-Cerebellum-White-Matter 104.5366 9.1481 37.0000 129.0000 92.0000
22 47 66813 65552.8 Right-Cerebellum-Cortex 70.1389 16.7313 0.0000 131.0000 131.0000
23 49 8423 8142.7 Right-Thalamus 91.7107 12.3446 23.0000 125.0000 102.0000
24 50 3161 3108.0 Right-Caudate 71.8383 10.1299 35.0000 98.0000 63.0000
25 51 4755 4638.8 Right-Putamen 88.1626 7.2696 29.0000 110.0000 81.0000
26 52 2038 2015.9 Right-Pallidum 104.0186 5.5928 84.0000 123.0000 39.0000
27 53 4474 4329.4 Right-Hippocampus 71.0304 11.4955 32.0000 106.0000 74.0000
28 54 1931 1977.3 Right-Amygdala 76.4594 8.0296 41.0000 96.0000 55.0000
29 58 577 518.5 Right-Accumbens-area 78.5789 8.1038 40.0000 102.0000 62.0000
30 60 4515 4282.5 Right-VentralDC 100.6711 15.8400 21.0000 146.0000 125.0000
31 62 0 0.0 Right-vessel 0.0000 0.0000 0.0000 0.0000 0.0000
32 63 705 624.1 Right-choroid-plexus 41.7504 15.9932 4.0000 81.0000 77.0000
33 72 0 0.0 5th-Ventricle 0.0000 0.0000 0.0000 0.0000 0.0000
34 77 804 719.6 WM-hypointensities 61.4316 12.2676 20.0000 88.0000 68.0000
35 78 0 0.0 Left-WM-hypointensities 0.0000 0.0000 0.0000 0.0000 0.0000
36 79 0 0.0 Right-WM-hypointensities 0.0000 0.0000 0.0000 0.0000 0.0000
37 80 0 0.0 non-WM-hypointensities 0.0000 0.0000 0.0000 0.0000 0.0000
38 81 0 0.0 Left-non-WM-hypointensities 0.0000 0.0000 0.0000 0.0000 0.0000
39 82 0 0.0 Right-non-WM-hypointensities 0.0000 0.0000 0.0000 0.0000 0.0000
40 85 0 0.0 Optic-Chiasm 0.0000 0.0000 0.0000 0.0000 0.0000
41 251 1101 1050.7 CC_Posterior 103.6530 17.1851 11.0000 124.0000 113.0000
42 252 735 664.9 CC_Mid_Posterior 97.1225 18.7453 9.0000 125.0000 116.0000
43 253 1097 998.5 CC_Central 90.4813 20.9893 4.0000 120.0000 116.0000
44 254 1317 1199.6 CC_Mid_Anterior 85.0995 19.8976 6.0000 117.0000 111.0000
45 255 1152 1098.1 CC_Anterior 100.6137 12.2689 22.0000 116.0000 94.0000
