Index SegId NVoxels Volume_mm3 StructName normMean normStdDev normMin normMax normRange
1 4 5518 5876.3 Left-Lateral-Ventricle 17.5034 15.0609 0.0000 71.0000 71.0000
2 5 252 311.2 Left-Inf-Lat-Vent 34.7659 15.2923 4.0000 70.0000 66.0000
3 7 17716 18406.2 Left-Cerebellum-White-Matter 103.2785 9.0202 33.0000 125.0000 92.0000
4 8 65215 63533.7 Left-Cerebellum-Cortex 70.5216 16.4717 0.0000 121.0000 121.0000
5 10 8806 8568.5 Left-Thalamus 93.3560 11.4220 30.0000 116.0000 86.0000
6 11 3078 3018.3 Left-Caudate 74.9737 10.0455 42.0000 101.0000 59.0000
7 12 4424 4416.4 Left-Putamen 90.1982 5.6526 53.0000 115.0000 62.0000
8 13 2143 2143.7 Left-Pallidum 105.7947 4.8014 52.0000 121.0000 69.0000
9 14 694 762.6 3rd-Ventricle 33.6772 16.6878 0.0000 79.0000 79.0000
10 15 1335 1470.3 4th-Ventricle 29.0704 15.3734 1.0000 77.0000 76.0000
11 16 25456 25181.6 Brain-Stem 98.9722 12.7180 15.0000 122.0000 107.0000
12 17 4399 4277.9 Left-Hippocampus 72.2960 10.3249 24.0000 110.0000 86.0000
13 18 1735 1749.5 Left-Amygdala 77.3499 8.7660 40.0000 102.0000 62.0000
14 24 1004 1054.7 CSF 40.3177 15.0100 5.0000 79.0000 74.0000
15 26 440 451.4 Left-Accumbens-area 75.4568 5.7963 46.0000 91.0000 45.0000
16 28 4737 4571.2 Left-VentralDC 99.8887 14.3903 30.0000 127.0000 97.0000
17 30 0 0.0 Left-vessel 0.0000 0.0000 0.0000 0.0000 0.0000
18 31 471 434.8 Left-choroid-plexus 39.3291 17.1513 5.0000 77.0000 72.0000
19 43 5734 6030.8 Right-Lateral-Ventricle 15.1489 15.2162 0.0000 72.0000 72.0000
20 44 141 191.0 Right-Inf-Lat-Vent 34.3262 14.7375 0.0000 67.0000 67.0000
21 46 17584 18052.8 Right-Cerebellum-White-Matter 105.9316 8.8917 39.0000 127.0000 88.0000
22 47 65655 64328.3 Right-Cerebellum-Cortex 69.6551 17.3951 0.0000 122.0000 122.0000
23 49 8158 7845.7 Right-Thalamus 93.4859 11.8504 29.0000 116.0000 87.0000
24 50 3148 3099.1 Right-Caudate 72.9406 9.9554 38.0000 97.0000 59.0000
25 51 4697 4662.0 Right-Putamen 87.0045 6.6218 37.0000 106.0000 69.0000
26 52 2070 2043.0 Right-Pallidum 105.5821 4.4325 84.0000 117.0000 33.0000
27 53 4356 4267.3 Right-Hippocampus 71.1267 9.4995 35.0000 103.0000 68.0000
28 54 1712 1757.3 Right-Amygdala 73.5386 7.8255 35.0000 96.0000 61.0000
29 58 564 559.1 Right-Accumbens-area 75.2447 6.4362 44.0000 92.0000 48.0000
30 60 4601 4330.6 Right-VentralDC 98.1782 15.3130 10.0000 126.0000 116.0000
31 62 0 0.0 Right-vessel 0.0000 0.0000 0.0000 0.0000 0.0000
32 63 635 569.7 Right-choroid-plexus 40.2441 15.6893 3.0000 79.0000 76.0000
33 72 0 0.0 5th-Ventricle 0.0000 0.0000 0.0000 0.0000 0.0000
34 77 853 776.2 WM-hypointensities 59.6682 11.9218 26.0000 93.0000 67.0000
35 78 0 0.0 Left-WM-hypointensities 0.0000 0.0000 0.0000 0.0000 0.0000
36 79 0 0.0 Right-WM-hypointensities 0.0000 0.0000 0.0000 0.0000 0.0000
37 80 0 0.0 non-WM-hypointensities 0.0000 0.0000 0.0000 0.0000 0.0000
38 81 0 0.0 Left-non-WM-hypointensities 0.0000 0.0000 0.0000 0.0000 0.0000
39 82 0 0.0 Right-non-WM-hypointensities 0.0000 0.0000 0.0000 0.0000 0.0000
40 85 0 0.0 Optic-Chiasm 0.0000 0.0000 0.0000 0.0000 0.0000
41 251 1123 1052.5 CC_Posterior 100.6955 16.3689 38.0000 119.0000 81.0000
42 252 717 660.7 CC_Mid_Posterior 96.0920 18.9985 6.0000 119.0000 113.0000
43 253 965 882.9 CC_Central 92.6301 19.2916 11.0000 114.0000 103.0000
44 254 1053 958.3 CC_Mid_Anterior 86.3276 20.2810 13.0000 114.0000 101.0000
45 255 1090 1066.8 CC_Anterior 100.8046 10.6579 48.0000 117.0000 69.0000
