Index SegId NVoxels Volume_mm3 StructName normMean normStdDev normMin normMax normRange
1 4 5529 5960.4 Left-Lateral-Ventricle 15.8161 14.9026 0.0000 74.0000 74.0000
2 5 272 334.6 Left-Inf-Lat-Vent 32.5441 16.0161 0.0000 69.0000 69.0000
3 7 17632 18342.3 Left-Cerebellum-White-Matter 104.1462 9.4116 35.0000 127.0000 92.0000
4 8 66729 65458.2 Left-Cerebellum-Cortex 65.7358 16.1681 0.0000 118.0000 118.0000
5 10 8478 8181.8 Left-Thalamus 91.9105 11.8948 32.0000 117.0000 85.0000
6 11 3141 3104.3 Left-Caudate 71.2197 9.8911 36.0000 98.0000 62.0000
7 12 4579 4572.6 Left-Putamen 86.2470 6.4479 54.0000 108.0000 54.0000
8 13 2148 2128.4 Left-Pallidum 105.0061 5.4049 50.0000 118.0000 68.0000
9 14 676 770.4 3rd-Ventricle 30.6346 17.2031 0.0000 70.0000 70.0000
10 15 1238 1372.9 4th-Ventricle 21.2617 15.5312 0.0000 68.0000 68.0000
11 16 25706 25536.0 Brain-Stem 97.8602 13.2032 13.0000 129.0000 116.0000
12 17 4417 4321.3 Left-Hippocampus 67.9952 11.8042 19.0000 107.0000 88.0000
13 18 1815 1826.7 Left-Amygdala 73.9791 9.3867 34.0000 100.0000 66.0000
14 24 1061 1119.1 CSF 39.4920 15.7231 1.0000 76.0000 75.0000
15 26 476 482.9 Left-Accumbens-area 71.5966 6.7594 39.0000 88.0000 49.0000
16 28 4662 4496.4 Left-VentralDC 99.8632 15.8711 21.0000 133.0000 112.0000
17 30 0 0.0 Left-vessel 0.0000 0.0000 0.0000 0.0000 0.0000
18 31 487 427.9 Left-choroid-plexus 36.9528 17.7606 0.0000 74.0000 74.0000
19 43 5579 5962.6 Right-Lateral-Ventricle 14.2543 15.0224 0.0000 69.0000 69.0000
20 44 145 196.2 Right-Inf-Lat-Vent 31.9172 16.0851 0.0000 78.0000 78.0000
21 46 16981 17760.4 Right-Cerebellum-White-Matter 103.3150 8.7979 37.0000 128.0000 91.0000
22 47 69535 68025.1 Right-Cerebellum-Cortex 68.8642 15.5261 1.0000 114.0000 113.0000
23 49 8253 7905.9 Right-Thalamus 90.9714 11.8027 25.0000 114.0000 89.0000
24 50 3069 3038.1 Right-Caudate 70.4542 10.1621 30.0000 94.0000 64.0000
25 51 4771 4775.5 Right-Putamen 84.5512 7.6670 35.0000 104.0000 69.0000
26 52 2023 1985.5 Right-Pallidum 104.3322 4.8592 82.0000 121.0000 39.0000
27 53 4415 4329.2 Right-Hippocampus 69.5026 10.0442 31.0000 105.0000 74.0000
28 54 1801 1840.4 Right-Amygdala 72.3176 9.2385 34.0000 101.0000 67.0000
29 58 537 517.8 Right-Accumbens-area 70.9330 7.4563 38.0000 91.0000 53.0000
30 60 4525 4268.0 Right-VentralDC 96.8475 16.6699 5.0000 130.0000 125.0000
31 62 0 0.0 Right-vessel 0.0000 0.0000 0.0000 0.0000 0.0000
32 63 670 617.9 Right-choroid-plexus 37.3433 15.0489 0.0000 77.0000 77.0000
33 72 0 0.0 5th-Ventricle 0.0000 0.0000 0.0000 0.0000 0.0000
34 77 1049 943.5 WM-hypointensities 56.8170 13.2895 17.0000 89.0000 72.0000
35 78 0 0.0 Left-WM-hypointensities 0.0000 0.0000 0.0000 0.0000 0.0000
36 79 0 0.0 Right-WM-hypointensities 0.0000 0.0000 0.0000 0.0000 0.0000
37 80 0 0.0 non-WM-hypointensities 0.0000 0.0000 0.0000 0.0000 0.0000
38 81 0 0.0 Left-non-WM-hypointensities 0.0000 0.0000 0.0000 0.0000 0.0000
39 82 0 0.0 Right-non-WM-hypointensities 0.0000 0.0000 0.0000 0.0000 0.0000
40 85 0 0.0 Optic-Chiasm 0.0000 0.0000 0.0000 0.0000 0.0000
41 251 1130 1070.1 CC_Posterior 101.3044 17.0521 29.0000 122.0000 93.0000
42 252 748 675.3 CC_Mid_Posterior 96.1591 20.1906 8.0000 120.0000 112.0000
43 253 1092 987.3 CC_Central 91.1300 21.2038 5.0000 118.0000 113.0000
44 254 1186 1070.1 CC_Mid_Anterior 85.1543 20.7381 34.0000 116.0000 82.0000
45 255 1123 1074.4 CC_Anterior 102.4826 12.8557 40.0000 120.0000 80.0000
