Index SegId NVoxels Volume_mm3 StructName normMean normStdDev normMin normMax normRange
1 4 5445 5873.8 Left-Lateral-Ventricle 15.9343 15.0096 0.0000 71.0000 71.0000
2 5 259 313.5 Left-Inf-Lat-Vent 30.1429 17.2638 0.0000 67.0000 67.0000
3 7 17897 18612.4 Left-Cerebellum-White-Matter 102.1506 9.1850 33.0000 125.0000 92.0000
4 8 67487 66123.3 Left-Cerebellum-Cortex 66.8532 15.3892 0.0000 112.0000 112.0000
5 10 8709 8407.9 Left-Thalamus 91.4013 11.8198 30.0000 119.0000 89.0000
6 11 3144 3064.8 Left-Caudate 70.0846 10.1111 35.0000 97.0000 62.0000
7 12 4705 4688.0 Left-Putamen 85.4079 6.8435 56.0000 107.0000 51.0000
8 13 2120 2115.9 Left-Pallidum 105.2788 5.5383 43.0000 124.0000 81.0000
9 14 729 821.2 3rd-Ventricle 32.8176 16.6697 0.0000 72.0000 72.0000
10 15 1243 1390.2 4th-Ventricle 24.0089 15.9748 0.0000 73.0000 73.0000
11 16 25899 25643.2 Brain-Stem 99.3083 13.0580 16.0000 137.0000 121.0000
12 17 4499 4385.3 Left-Hippocampus 68.2601 11.1155 23.0000 104.0000 81.0000
13 18 1807 1816.2 Left-Amygdala 71.3852 9.4726 36.0000 105.0000 69.0000
14 24 1019 1080.4 CSF 39.2179 15.2055 1.0000 79.0000 78.0000
15 26 508 516.5 Left-Accumbens-area 70.6949 7.7688 32.0000 88.0000 56.0000
16 28 4637 4455.1 Left-VentralDC 99.0535 15.4192 27.0000 130.0000 103.0000
17 30 0 0.0 Left-vessel 0.0000 0.0000 0.0000 0.0000 0.0000
18 31 478 421.5 Left-choroid-plexus 36.9142 17.0661 0.0000 75.0000 75.0000
19 43 5553 5939.4 Right-Lateral-Ventricle 14.8865 15.2628 0.0000 70.0000 70.0000
20 44 160 206.4 Right-Inf-Lat-Vent 34.9125 14.0611 5.0000 67.0000 62.0000
21 46 17464 18076.3 Right-Cerebellum-White-Matter 102.5167 8.4638 38.0000 126.0000 88.0000
22 47 69651 68338.6 Right-Cerebellum-Cortex 67.7038 15.3129 0.0000 114.0000 114.0000
23 49 8390 8042.5 Right-Thalamus 90.5164 11.7499 20.0000 116.0000 96.0000
24 50 3128 3070.7 Right-Caudate 68.2695 10.2642 28.0000 93.0000 65.0000
25 51 4755 4688.6 Right-Putamen 83.7478 7.5544 43.0000 104.0000 61.0000
26 52 2027 2001.8 Right-Pallidum 103.7316 4.9467 79.0000 123.0000 44.0000
27 53 4462 4365.7 Right-Hippocampus 67.9762 9.5993 30.0000 100.0000 70.0000
28 54 1772 1806.3 Right-Amygdala 68.8584 8.0505 37.0000 93.0000 56.0000
29 58 589 574.8 Right-Accumbens-area 70.1969 7.3017 44.0000 93.0000 49.0000
30 60 4484 4201.2 Right-VentralDC 95.9135 16.6486 12.0000 130.0000 118.0000
31 62 0 0.0 Right-vessel 0.0000 0.0000 0.0000 0.0000 0.0000
32 63 667 599.0 Right-choroid-plexus 37.9490 15.1071 3.0000 73.0000 70.0000
33 72 0 0.0 5th-Ventricle 0.0000 0.0000 0.0000 0.0000 0.0000
34 77 1156 1040.0 WM-hypointensities 58.3183 13.2518 20.0000 89.0000 69.0000
35 78 0 0.0 Left-WM-hypointensities 0.0000 0.0000 0.0000 0.0000 0.0000
36 79 0 0.0 Right-WM-hypointensities 0.0000 0.0000 0.0000 0.0000 0.0000
37 80 0 0.0 non-WM-hypointensities 0.0000 0.0000 0.0000 0.0000 0.0000
38 81 0 0.0 Left-non-WM-hypointensities 0.0000 0.0000 0.0000 0.0000 0.0000
39 82 0 0.0 Right-non-WM-hypointensities 0.0000 0.0000 0.0000 0.0000 0.0000
40 85 0 0.0 Optic-Chiasm 0.0000 0.0000 0.0000 0.0000 0.0000
41 251 1136 1061.8 CC_Posterior 101.9824 17.4726 35.0000 122.0000 87.0000
42 252 745 665.0 CC_Mid_Posterior 96.4604 20.4836 23.0000 121.0000 98.0000
43 253 983 900.2 CC_Central 93.3622 21.0090 8.0000 123.0000 115.0000
44 254 1128 1029.6 CC_Mid_Anterior 86.6215 21.4131 8.0000 114.0000 106.0000
45 255 1138 1093.8 CC_Anterior 101.5764 13.5709 40.0000 120.0000 80.0000
