Index SegId NVoxels Volume_mm3 StructName normMean normStdDev normMin normMax normRange
1 4 4842 5358.1 Left-Lateral-Ventricle 12.3410 14.0233 0.0000 74.0000 74.0000
2 5 109 144.0 Left-Inf-Lat-Vent 25.0183 15.9971 0.0000 57.0000 57.0000
3 7 17171 17814.2 Left-Cerebellum-White-Matter 99.3865 10.6511 27.0000 125.0000 98.0000
4 8 62429 60504.4 Left-Cerebellum-Cortex 62.8509 14.7787 0.0000 111.0000 111.0000
5 10 9053 8713.5 Left-Thalamus 87.9888 12.4275 29.0000 116.0000 87.0000
6 11 4060 4048.9 Left-Caudate 68.3027 8.8756 31.0000 94.0000 63.0000
7 12 5590 5646.1 Left-Putamen 82.1919 7.2134 38.0000 105.0000 67.0000
8 13 2264 2222.7 Left-Pallidum 103.5442 5.6744 74.0000 126.0000 52.0000
9 14 761 850.1 3rd-Ventricle 28.9251 16.9938 0.0000 75.0000 75.0000
10 15 1347 1485.0 4th-Ventricle 18.2390 16.2030 0.0000 74.0000 74.0000
11 16 23900 23584.8 Brain-Stem 98.2868 14.6980 10.0000 132.0000 122.0000
12 17 4724 4657.6 Left-Hippocampus 63.0085 10.0636 21.0000 99.0000 78.0000
13 18 1996 2025.7 Left-Amygdala 64.0561 7.5281 27.0000 88.0000 61.0000
14 24 1178 1211.6 CSF 33.5628 17.7935 0.0000 97.0000 97.0000
15 26 715 743.3 Left-Accumbens-area 67.8825 6.0754 35.0000 88.0000 53.0000
16 28 4800 4579.4 Left-VentralDC 97.5673 16.4753 18.0000 136.0000 118.0000
17 30 0 0.0 Left-vessel 0.0000 0.0000 0.0000 0.0000 0.0000
18 31 579 534.6 Left-choroid-plexus 32.9516 15.8774 0.0000 69.0000 69.0000
19 43 3649 4125.7 Right-Lateral-Ventricle 14.6964 14.7558 0.0000 61.0000 61.0000
20 44 145 187.1 Right-Inf-Lat-Vent 24.9862 15.6959 0.0000 56.0000 56.0000
21 46 16344 16775.6 Right-Cerebellum-White-Matter 99.9181 9.6423 35.0000 130.0000 95.0000
22 47 63379 61662.9 Right-Cerebellum-Cortex 65.7733 14.8857 0.0000 107.0000 107.0000
23 49 8946 8542.5 Right-Thalamus 87.4377 12.2873 18.0000 116.0000 98.0000
24 50 4335 4353.9 Right-Caudate 67.1947 9.3397 25.0000 95.0000 70.0000
25 51 5707 5735.3 Right-Putamen 81.0305 7.9174 54.0000 102.0000 48.0000
26 52 2239 2169.8 Right-Pallidum 102.3287 5.7921 79.0000 127.0000 48.0000
27 53 5178 5144.8 Right-Hippocampus 64.4988 10.1087 17.0000 98.0000 81.0000
28 54 2200 2234.3 Right-Amygdala 64.1682 7.7026 24.0000 91.0000 67.0000
29 58 724 736.7 Right-Accumbens-area 66.6575 5.8929 40.0000 87.0000 47.0000
30 60 4825 4555.8 Right-VentralDC 96.8477 17.3108 12.0000 129.0000 117.0000
31 62 0 0.0 Right-vessel 0.0000 0.0000 0.0000 0.0000 0.0000
32 63 522 461.0 Right-choroid-plexus 37.2510 16.5881 0.0000 74.0000 74.0000
33 72 0 0.0 5th-Ventricle 0.0000 0.0000 0.0000 0.0000 0.0000
34 77 1413 1346.1 WM-hypointensities 53.4862 13.5366 7.0000 86.0000 79.0000
35 78 0 0.0 Left-WM-hypointensities 0.0000 0.0000 0.0000 0.0000 0.0000
36 79 0 0.0 Right-WM-hypointensities 0.0000 0.0000 0.0000 0.0000 0.0000
37 80 0 0.0 non-WM-hypointensities 0.0000 0.0000 0.0000 0.0000 0.0000
38 81 0 0.0 Left-non-WM-hypointensities 0.0000 0.0000 0.0000 0.0000 0.0000
39 82 0 0.0 Right-non-WM-hypointensities 0.0000 0.0000 0.0000 0.0000 0.0000
40 85 0 0.0 Optic-Chiasm 0.0000 0.0000 0.0000 0.0000 0.0000
41 251 1305 1257.1 CC_Posterior 104.7287 13.1758 40.0000 121.0000 81.0000
42 252 785 712.8 CC_Mid_Posterior 100.1210 16.7827 40.0000 122.0000 82.0000
43 253 931 849.0 CC_Central 96.2395 17.5183 42.0000 121.0000 79.0000
44 254 899 770.8 CC_Mid_Anterior 88.4783 20.9237 20.0000 115.0000 95.0000
45 255 1040 971.1 CC_Anterior 100.8231 13.8828 27.0000 119.0000 92.0000
