Index SegId NVoxels Volume_mm3 StructName normMean normStdDev normMin normMax normRange
1 4 4769 5136.2 Left-Lateral-Ventricle 14.7433 15.2202 0.0000 71.0000 71.0000
2 5 130 160.4 Left-Inf-Lat-Vent 31.5769 17.6340 0.0000 69.0000 69.0000
3 7 17068 17361.6 Left-Cerebellum-White-Matter 99.8121 9.9813 25.0000 126.0000 101.0000
4 8 59361 57817.1 Left-Cerebellum-Cortex 65.1594 15.8296 0.0000 117.0000 117.0000
5 10 8955 8560.5 Left-Thalamus 90.7925 11.8303 35.0000 117.0000 82.0000
6 11 4116 4080.5 Left-Caudate 70.3535 8.8828 37.0000 97.0000 60.0000
7 12 5607 5600.8 Left-Putamen 84.6347 7.3977 51.0000 111.0000 60.0000
8 13 2337 2271.0 Left-Pallidum 104.4048 4.6503 77.0000 120.0000 43.0000
9 14 715 779.5 3rd-Ventricle 30.8769 18.8352 0.0000 73.0000 73.0000
10 15 1452 1563.4 4th-Ventricle 25.0551 17.4106 0.0000 79.0000 79.0000
11 16 24031 23838.2 Brain-Stem 100.2322 13.1519 0.0000 128.0000 128.0000
12 17 4635 4578.2 Left-Hippocampus 65.9156 9.3859 24.0000 112.0000 88.0000
13 18 1951 1971.4 Left-Amygdala 66.8555 7.5930 36.0000 89.0000 53.0000
14 24 1117 1145.6 CSF 37.1065 17.5357 0.0000 97.0000 97.0000
15 26 749 774.3 Left-Accumbens-area 70.1108 5.6518 40.0000 88.0000 48.0000
16 28 4736 4577.9 Left-VentralDC 99.7606 13.7783 40.0000 128.0000 88.0000
17 30 0 0.0 Left-vessel 0.0000 0.0000 0.0000 0.0000 0.0000
18 31 554 516.7 Left-choroid-plexus 37.7509 14.9873 0.0000 73.0000 73.0000
19 43 3595 3925.7 Right-Lateral-Ventricle 15.9193 16.0672 0.0000 68.0000 68.0000
20 44 173 202.6 Right-Inf-Lat-Vent 27.0231 17.9489 0.0000 65.0000 65.0000
21 46 16484 16637.2 Right-Cerebellum-White-Matter 102.1478 10.2930 35.0000 134.0000 99.0000
22 47 59764 58650.2 Right-Cerebellum-Cortex 65.5489 15.9859 0.0000 125.0000 125.0000
23 49 8668 8287.6 Right-Thalamus 90.3437 12.3241 23.0000 117.0000 94.0000
24 50 4423 4356.4 Right-Caudate 69.3740 9.5195 35.0000 95.0000 60.0000
25 51 5683 5662.6 Right-Putamen 83.1723 7.4451 44.0000 103.0000 59.0000
26 52 2246 2173.4 Right-Pallidum 103.4136 5.1367 82.0000 121.0000 39.0000
27 53 5061 4976.8 Right-Hippocampus 63.3298 9.9578 17.0000 96.0000 79.0000
28 54 2082 2141.7 Right-Amygdala 66.9188 8.1292 33.0000 91.0000 58.0000
29 58 728 753.2 Right-Accumbens-area 71.6319 6.9093 48.0000 93.0000 45.0000
30 60 4953 4751.4 Right-VentralDC 98.8181 14.7610 23.0000 140.0000 117.0000
31 62 0 0.0 Right-vessel 0.0000 0.0000 0.0000 0.0000 0.0000
32 63 658 619.7 Right-choroid-plexus 43.4088 16.1491 4.0000 76.0000 72.0000
33 72 0 0.0 5th-Ventricle 0.0000 0.0000 0.0000 0.0000 0.0000
34 77 1156 1116.0 WM-hypointensities 58.5355 12.9147 18.0000 91.0000 73.0000
35 78 0 0.0 Left-WM-hypointensities 0.0000 0.0000 0.0000 0.0000 0.0000
36 79 0 0.0 Right-WM-hypointensities 0.0000 0.0000 0.0000 0.0000 0.0000
37 80 0 0.0 non-WM-hypointensities 0.0000 0.0000 0.0000 0.0000 0.0000
38 81 0 0.0 Left-non-WM-hypointensities 0.0000 0.0000 0.0000 0.0000 0.0000
39 82 0 0.0 Right-non-WM-hypointensities 0.0000 0.0000 0.0000 0.0000 0.0000
40 85 0 0.0 Optic-Chiasm 0.0000 0.0000 0.0000 0.0000 0.0000
41 251 1286 1252.4 CC_Posterior 104.1516 12.4007 41.0000 118.0000 77.0000
42 252 755 700.8 CC_Mid_Posterior 101.6543 13.9697 44.0000 123.0000 79.0000
43 253 1038 961.6 CC_Central 95.8237 18.4370 6.0000 121.0000 115.0000
44 254 954 825.7 CC_Mid_Anterior 87.9686 21.7299 0.0000 119.0000 119.0000
45 255 987 947.1 CC_Anterior 101.2847 12.2519 15.0000 121.0000 106.0000
