Index SegId NVoxels Volume_mm3 StructName normMean normStdDev normMin normMax normRange
1 4 4663 5192.1 Left-Lateral-Ventricle 12.9567 14.2272 0.0000 75.0000 75.0000
2 5 100 133.9 Left-Inf-Lat-Vent 26.1500 16.2676 0.0000 61.0000 61.0000
3 7 17043 17616.8 Left-Cerebellum-White-Matter 97.7786 10.8089 28.0000 127.0000 99.0000
4 8 62958 61071.2 Left-Cerebellum-Cortex 62.7336 14.6733 0.0000 111.0000 111.0000
5 10 9160 8791.7 Left-Thalamus 87.8119 11.9966 26.0000 117.0000 91.0000
6 11 4082 4078.3 Left-Caudate 68.6509 8.6516 30.0000 94.0000 64.0000
7 12 5597 5633.3 Left-Putamen 82.8228 6.9059 43.0000 108.0000 65.0000
8 13 2307 2265.0 Left-Pallidum 103.5020 5.7358 81.0000 129.0000 48.0000
9 14 719 815.6 3rd-Ventricle 28.1280 17.2645 0.0000 77.0000 77.0000
10 15 1350 1494.9 4th-Ventricle 19.6356 15.7399 0.0000 79.0000 79.0000
11 16 24014 23704.7 Brain-Stem 99.1713 14.2612 10.0000 130.0000 120.0000
12 17 4690 4607.9 Left-Hippocampus 64.1339 10.2959 16.0000 109.0000 93.0000
13 18 1976 1991.3 Left-Amygdala 67.1053 8.2128 31.0000 93.0000 62.0000
14 24 1181 1219.6 CSF 34.7858 17.7037 0.0000 97.0000 97.0000
15 26 686 708.5 Left-Accumbens-area 68.9679 6.1700 33.0000 87.0000 54.0000
16 28 4844 4590.3 Left-VentralDC 96.7201 16.2129 26.0000 131.0000 105.0000
17 30 0 0.0 Left-vessel 0.0000 0.0000 0.0000 0.0000 0.0000
18 31 554 516.7 Left-choroid-plexus 32.8881 15.0166 0.0000 67.0000 67.0000
19 43 3559 4017.0 Right-Lateral-Ventricle 15.4968 15.0793 0.0000 63.0000 63.0000
20 44 134 173.4 Right-Inf-Lat-Vent 26.4851 15.9858 0.0000 61.0000 61.0000
21 46 16282 16585.0 Right-Cerebellum-White-Matter 98.5522 10.5625 29.0000 130.0000 101.0000
22 47 64053 62462.5 Right-Cerebellum-Cortex 64.7925 14.6401 0.0000 116.0000 116.0000
23 49 9006 8599.1 Right-Thalamus 87.9187 12.3453 14.0000 120.0000 106.0000
24 50 4396 4441.0 Right-Caudate 67.5480 8.9661 26.0000 95.0000 69.0000
25 51 5772 5777.9 Right-Putamen 81.2183 8.1560 42.0000 101.0000 59.0000
26 52 2261 2198.0 Right-Pallidum 102.6833 5.8064 76.0000 126.0000 50.0000
27 53 5146 5107.5 Right-Hippocampus 64.1518 9.8716 14.0000 94.0000 80.0000
28 54 2106 2121.8 Right-Amygdala 64.3661 8.9569 29.0000 90.0000 61.0000
29 58 697 691.0 Right-Accumbens-area 67.5595 6.7836 40.0000 89.0000 49.0000
30 60 4868 4625.3 Right-VentralDC 96.0643 16.5814 19.0000 130.0000 111.0000
31 62 0 0.0 Right-vessel 0.0000 0.0000 0.0000 0.0000 0.0000
32 63 499 438.7 Right-choroid-plexus 38.0581 16.3515 0.0000 73.0000 73.0000
33 72 0 0.0 5th-Ventricle 0.0000 0.0000 0.0000 0.0000 0.0000
34 77 1358 1284.1 WM-hypointensities 54.1252 13.7454 11.0000 88.0000 77.0000
35 78 0 0.0 Left-WM-hypointensities 0.0000 0.0000 0.0000 0.0000 0.0000
36 79 0 0.0 Right-WM-hypointensities 0.0000 0.0000 0.0000 0.0000 0.0000
37 80 0 0.0 non-WM-hypointensities 0.0000 0.0000 0.0000 0.0000 0.0000
38 81 0 0.0 Left-non-WM-hypointensities 0.0000 0.0000 0.0000 0.0000 0.0000
39 82 0 0.0 Right-non-WM-hypointensities 0.0000 0.0000 0.0000 0.0000 0.0000
40 85 0 0.0 Optic-Chiasm 0.0000 0.0000 0.0000 0.0000 0.0000
41 251 1302 1233.3 CC_Posterior 103.6928 13.9077 31.0000 120.0000 89.0000
42 252 795 717.8 CC_Mid_Posterior 99.6553 17.9327 25.0000 122.0000 97.0000
43 253 969 875.4 CC_Central 94.4200 19.1223 10.0000 123.0000 113.0000
44 254 862 735.4 CC_Mid_Anterior 89.0603 21.5220 7.0000 117.0000 110.0000
45 255 1000 957.6 CC_Anterior 102.0520 13.0696 25.0000 118.0000 93.0000
