Index SegId NVoxels Volume_mm3 StructName normMean normStdDev normMin normMax normRange
1 4 5408 5588.8 Left-Lateral-Ventricle 14.4532 15.8377 0.0000 75.0000 75.0000
2 5 200 225.6 Left-Inf-Lat-Vent 30.8400 19.3395 0.0000 73.0000 73.0000
3 7 16469 16908.3 Left-Cerebellum-White-Matter 108.0437 11.5787 35.0000 147.0000 112.0000
4 8 60558 60486.0 Left-Cerebellum-Cortex 71.1418 16.7477 0.0000 136.0000 136.0000
5 10 9043 8834.1 Left-Thalamus 84.8606 11.8731 35.0000 126.0000 91.0000
6 11 4368 4310.9 Left-Caudate 63.9418 8.9980 35.0000 94.0000 59.0000
7 12 5862 5756.3 Left-Putamen 77.0396 9.6742 29.0000 111.0000 82.0000
8 13 2127 2104.3 Left-Pallidum 100.5552 6.6924 64.0000 125.0000 61.0000
9 14 638 650.1 3rd-Ventricle 25.1097 18.5060 0.0000 76.0000 76.0000
10 15 1391 1465.0 4th-Ventricle 20.8332 15.9951 0.0000 88.0000 88.0000
11 16 22809 23127.5 Brain-Stem 98.3123 11.3974 19.0000 145.0000 126.0000
12 17 4428 4318.3 Left-Hippocampus 64.3388 11.7748 7.0000 120.0000 113.0000
13 18 1872 1900.5 Left-Amygdala 66.4492 9.4520 30.0000 102.0000 72.0000
14 24 1085 1079.9 CSF 30.8562 18.9532 0.0000 88.0000 88.0000
15 26 827 827.0 Left-Accumbens-area 65.6929 7.8677 41.0000 93.0000 52.0000
16 28 4510 4479.9 Left-VentralDC 100.0333 13.3134 39.0000 139.0000 100.0000
17 30 0 0.0 Left-vessel 0.0000 0.0000 0.0000 0.0000 0.0000
18 31 670 610.7 Left-choroid-plexus 49.8104 15.0994 4.0000 82.0000 78.0000
19 43 3984 4153.2 Right-Lateral-Ventricle 16.1263 16.1433 0.0000 68.0000 68.0000
20 44 195 218.2 Right-Inf-Lat-Vent 26.6769 19.5227 0.0000 72.0000 72.0000
21 46 14427 14717.6 Right-Cerebellum-White-Matter 107.3480 12.1300 40.0000 153.0000 113.0000
22 47 60843 60986.2 Right-Cerebellum-Cortex 73.2522 16.1283 0.0000 137.0000 137.0000
23 49 8620 8365.1 Right-Thalamus 80.7297 11.9119 22.0000 121.0000 99.0000
24 50 4756 4719.8 Right-Caudate 62.3564 8.8001 32.0000 94.0000 62.0000
25 51 5806 5758.4 Right-Putamen 77.9714 8.7344 30.0000 108.0000 78.0000
26 52 2042 1997.3 Right-Pallidum 100.8217 7.2090 74.0000 129.0000 55.0000
27 53 4708 4648.3 Right-Hippocampus 65.6737 11.9540 5.0000 115.0000 110.0000
28 54 2043 2064.7 Right-Amygdala 69.4508 8.6213 35.0000 97.0000 62.0000
29 58 773 738.7 Right-Accumbens-area 67.0699 9.5066 45.0000 100.0000 55.0000
30 60 4463 4365.3 Right-VentralDC 96.7253 13.9234 36.0000 142.0000 106.0000
31 62 0 0.0 Right-vessel 0.0000 0.0000 0.0000 0.0000 0.0000
32 63 937 894.8 Right-choroid-plexus 53.4055 14.4663 10.0000 82.0000 72.0000
33 72 0 0.0 5th-Ventricle 0.0000 0.0000 0.0000 0.0000 0.0000
34 77 1217 1145.3 WM-hypointensities 66.4971 11.4935 31.0000 98.0000 67.0000
35 78 0 0.0 Left-WM-hypointensities 0.0000 0.0000 0.0000 0.0000 0.0000
36 79 0 0.0 Right-WM-hypointensities 0.0000 0.0000 0.0000 0.0000 0.0000
37 80 0 0.0 non-WM-hypointensities 0.0000 0.0000 0.0000 0.0000 0.0000
38 81 0 0.0 Left-non-WM-hypointensities 0.0000 0.0000 0.0000 0.0000 0.0000
39 82 0 0.0 Right-non-WM-hypointensities 0.0000 0.0000 0.0000 0.0000 0.0000
40 85 0 0.0 Optic-Chiasm 0.0000 0.0000 0.0000 0.0000 0.0000
41 251 1278 1347.6 CC_Posterior 119.0626 12.2759 47.0000 146.0000 99.0000
42 252 775 743.5 CC_Mid_Posterior 107.2748 21.4757 0.0000 143.0000 143.0000
43 253 1082 1021.5 CC_Central 102.7523 22.1217 0.0000 145.0000 145.0000
44 254 996 931.7 CC_Mid_Anterior 105.8624 24.5513 3.0000 147.0000 144.0000
45 255 1029 1118.8 CC_Anterior 130.5500 18.2216 30.0000 174.0000 144.0000
