Index SegId NVoxels Volume_mm3 StructName normMean normStdDev normMin normMax normRange
1 4 4598 4959.7 Left-Lateral-Ventricle 15.1773 15.5052 0.0000 73.0000 73.0000
2 5 133 161.0 Left-Inf-Lat-Vent 29.1278 18.1460 0.0000 70.0000 70.0000
3 7 16635 17012.8 Left-Cerebellum-White-Matter 99.8035 10.4067 32.0000 128.0000 96.0000
4 8 59456 58130.3 Left-Cerebellum-Cortex 62.9711 15.2793 0.0000 119.0000 119.0000
5 10 9002 8652.5 Left-Thalamus 88.7343 11.4166 37.0000 119.0000 82.0000
6 11 4210 4145.9 Left-Caudate 70.4297 8.5733 37.0000 97.0000 60.0000
7 12 5823 5767.3 Left-Putamen 82.4956 7.2111 41.0000 109.0000 68.0000
8 13 2377 2315.9 Left-Pallidum 102.5776 5.7591 77.0000 132.0000 55.0000
9 14 708 771.3 3rd-Ventricle 30.6879 18.0170 0.0000 78.0000 78.0000
10 15 1426 1537.0 4th-Ventricle 22.3731 17.2476 0.0000 75.0000 75.0000
11 16 24057 23886.1 Brain-Stem 99.7828 13.0332 4.0000 137.0000 133.0000
12 17 4659 4587.5 Left-Hippocampus 64.2728 9.9378 15.0000 99.0000 84.0000
13 18 1997 2016.5 Left-Amygdala 67.1277 8.1765 32.0000 92.0000 60.0000
14 24 1008 1047.7 CSF 35.7966 17.0538 0.0000 96.0000 96.0000
15 26 800 816.2 Left-Accumbens-area 70.1012 6.4431 45.0000 94.0000 49.0000
16 28 4871 4695.3 Left-VentralDC 98.5348 14.1036 31.0000 132.0000 101.0000
17 30 0 0.0 Left-vessel 0.0000 0.0000 0.0000 0.0000 0.0000
18 31 560 519.9 Left-choroid-plexus 38.3393 14.7773 0.0000 73.0000 73.0000
19 43 3518 3860.8 Right-Lateral-Ventricle 17.0858 15.9794 0.0000 68.0000 68.0000
20 44 177 202.5 Right-Inf-Lat-Vent 26.6893 18.4341 0.0000 66.0000 66.0000
21 46 16162 16379.3 Right-Cerebellum-White-Matter 100.3487 10.1705 39.0000 130.0000 91.0000
22 47 59831 58877.4 Right-Cerebellum-Cortex 63.4325 15.5701 0.0000 118.0000 118.0000
23 49 8695 8348.7 Right-Thalamus 88.8583 12.0410 20.0000 118.0000 98.0000
24 50 4559 4536.2 Right-Caudate 70.0344 8.9210 33.0000 99.0000 66.0000
25 51 5891 5850.0 Right-Putamen 83.0102 8.0237 44.0000 105.0000 61.0000
26 52 2315 2235.7 Right-Pallidum 102.6065 6.0257 78.0000 133.0000 55.0000
27 53 5029 4972.1 Right-Hippocampus 63.8958 10.4355 2.0000 101.0000 99.0000
28 54 2177 2196.3 Right-Amygdala 65.9426 8.3972 35.0000 95.0000 60.0000
29 58 784 780.5 Right-Accumbens-area 70.7232 7.2530 50.0000 95.0000 45.0000
30 60 4873 4649.0 Right-VentralDC 98.3915 14.6622 21.0000 135.0000 114.0000
31 62 0 0.0 Right-vessel 0.0000 0.0000 0.0000 0.0000 0.0000
32 63 676 638.5 Right-choroid-plexus 45.9201 16.1691 7.0000 76.0000 69.0000
33 72 0 0.0 5th-Ventricle 0.0000 0.0000 0.0000 0.0000 0.0000
34 77 1230 1173.0 WM-hypointensities 60.4553 12.7047 18.0000 91.0000 73.0000
35 78 0 0.0 Left-WM-hypointensities 0.0000 0.0000 0.0000 0.0000 0.0000
36 79 0 0.0 Right-WM-hypointensities 0.0000 0.0000 0.0000 0.0000 0.0000
37 80 0 0.0 non-WM-hypointensities 0.0000 0.0000 0.0000 0.0000 0.0000
38 81 0 0.0 Left-non-WM-hypointensities 0.0000 0.0000 0.0000 0.0000 0.0000
39 82 0 0.0 Right-non-WM-hypointensities 0.0000 0.0000 0.0000 0.0000 0.0000
40 85 0 0.0 Optic-Chiasm 0.0000 0.0000 0.0000 0.0000 0.0000
41 251 1284 1228.3 CC_Posterior 104.2383 12.4936 35.0000 124.0000 89.0000
42 252 786 723.9 CC_Mid_Posterior 99.2303 18.3397 5.0000 123.0000 118.0000
43 253 1111 1026.7 CC_Central 94.0909 21.3952 1.0000 131.0000 130.0000
44 254 844 719.6 CC_Mid_Anterior 91.8152 20.4276 7.0000 119.0000 112.0000
45 255 1016 980.6 CC_Anterior 102.5335 13.0384 26.0000 126.0000 100.0000
