Index SegId NVoxels Volume_mm3 StructName normMean normStdDev normMin normMax normRange
1 4 4728 5205.7 Left-Lateral-Ventricle 12.7676 14.4146 0.0000 73.0000 73.0000
2 5 98 130.1 Left-Inf-Lat-Vent 24.5204 16.9226 0.0000 65.0000 65.0000
3 7 17206 17634.7 Left-Cerebellum-White-Matter 98.7268 10.2720 26.0000 129.0000 103.0000
4 8 63497 61821.2 Left-Cerebellum-Cortex 65.3835 15.1216 0.0000 113.0000 113.0000
5 10 9319 8977.1 Left-Thalamus 87.7846 12.0733 31.0000 119.0000 88.0000
6 11 4171 4140.6 Left-Caudate 68.1527 8.6099 29.0000 95.0000 66.0000
7 12 5760 5747.9 Left-Putamen 81.3892 7.5264 37.0000 115.0000 78.0000
8 13 2252 2218.8 Left-Pallidum 102.2518 6.0784 74.0000 129.0000 55.0000
9 14 735 789.9 3rd-Ventricle 26.8204 18.2195 0.0000 72.0000 72.0000
10 15 1362 1492.8 4th-Ventricle 21.1652 16.0879 0.0000 77.0000 77.0000
11 16 24501 24186.2 Brain-Stem 99.5613 14.2036 3.0000 129.0000 126.0000
12 17 4786 4685.2 Left-Hippocampus 63.8903 10.5768 11.0000 105.0000 94.0000
13 18 2059 2066.7 Left-Amygdala 65.0238 8.5463 25.0000 96.0000 71.0000
14 24 1150 1184.7 CSF 35.3226 18.5452 0.0000 98.0000 98.0000
15 26 722 749.4 Left-Accumbens-area 68.2812 6.7792 38.0000 89.0000 51.0000
16 28 4886 4668.7 Left-VentralDC 96.4980 16.1543 10.0000 133.0000 123.0000
17 30 0 0.0 Left-vessel 0.0000 0.0000 0.0000 0.0000 0.0000
18 31 538 511.5 Left-choroid-plexus 32.6617 16.2497 0.0000 71.0000 71.0000
19 43 3623 4043.2 Right-Lateral-Ventricle 15.0270 15.1867 0.0000 64.0000 64.0000
20 44 133 163.8 Right-Inf-Lat-Vent 24.4586 17.8209 0.0000 62.0000 62.0000
21 46 16086 16390.2 Right-Cerebellum-White-Matter 97.9270 10.0050 36.0000 125.0000 89.0000
22 47 64512 63011.2 Right-Cerebellum-Cortex 66.3842 14.7509 0.0000 115.0000 115.0000
23 49 9165 8809.7 Right-Thalamus 87.7977 12.6109 6.0000 118.0000 112.0000
24 50 4544 4538.7 Right-Caudate 66.4410 9.1550 23.0000 94.0000 71.0000
25 51 5872 5843.5 Right-Putamen 79.8801 8.4195 37.0000 106.0000 69.0000
26 52 2188 2125.1 Right-Pallidum 101.5142 5.9325 77.0000 123.0000 46.0000
27 53 5271 5195.5 Right-Hippocampus 64.6784 10.2551 20.0000 104.0000 84.0000
28 54 2151 2169.8 Right-Amygdala 63.0693 8.9185 23.0000 92.0000 69.0000
29 58 729 725.1 Right-Accumbens-area 66.7750 7.3851 40.0000 89.0000 49.0000
30 60 4931 4700.1 Right-VentralDC 95.6100 16.7172 11.0000 130.0000 119.0000
31 62 0 0.0 Right-vessel 0.0000 0.0000 0.0000 0.0000 0.0000
32 63 465 407.9 Right-choroid-plexus 38.4172 16.7472 0.0000 81.0000 81.0000
33 72 0 0.0 5th-Ventricle 0.0000 0.0000 0.0000 0.0000 0.0000
34 77 1304 1251.4 WM-hypointensities 54.0683 14.0589 7.0000 87.0000 80.0000
35 78 0 0.0 Left-WM-hypointensities 0.0000 0.0000 0.0000 0.0000 0.0000
36 79 0 0.0 Right-WM-hypointensities 0.0000 0.0000 0.0000 0.0000 0.0000
37 80 0 0.0 non-WM-hypointensities 0.0000 0.0000 0.0000 0.0000 0.0000
38 81 0 0.0 Left-non-WM-hypointensities 0.0000 0.0000 0.0000 0.0000 0.0000
39 82 0 0.0 Right-non-WM-hypointensities 0.0000 0.0000 0.0000 0.0000 0.0000
40 85 0 0.0 Optic-Chiasm 0.0000 0.0000 0.0000 0.0000 0.0000
41 251 1320 1266.7 CC_Posterior 103.1674 14.6923 31.0000 119.0000 88.0000
42 252 774 692.6 CC_Mid_Posterior 98.5103 18.1048 30.0000 122.0000 92.0000
43 253 951 875.3 CC_Central 95.2440 16.7869 30.0000 119.0000 89.0000
44 254 964 845.6 CC_Mid_Anterior 85.8071 22.4798 4.0000 120.0000 116.0000
45 255 1016 971.5 CC_Anterior 102.0276 13.2763 13.0000 121.0000 108.0000
