Index SegId NVoxels Volume_mm3 StructName normMean normStdDev normMin normMax normRange
1 4 5854 6204.8 Left-Lateral-Ventricle 16.4551 15.9375 0.0000 78.0000 78.0000
2 5 238 284.4 Left-Inf-Lat-Vent 36.1765 14.9602 0.0000 68.0000 68.0000
3 7 15090 15621.9 Left-Cerebellum-White-Matter 100.7484 9.5932 37.0000 125.0000 88.0000
4 8 60167 59122.9 Left-Cerebellum-Cortex 64.7627 15.5873 0.0000 116.0000 116.0000
5 10 9406 9129.8 Left-Thalamus 90.4469 10.8643 37.0000 120.0000 83.0000
6 11 3963 3914.4 Left-Caudate 73.9647 9.5947 39.0000 98.0000 59.0000
7 12 6260 6248.6 Left-Putamen 85.8081 7.5523 24.0000 108.0000 84.0000
8 13 2424 2389.1 Left-Pallidum 104.8762 7.0296 22.0000 127.0000 105.0000
9 14 827 871.3 3rd-Ventricle 33.0230 18.9116 0.0000 76.0000 76.0000
10 15 2011 2135.7 4th-Ventricle 20.2765 15.7767 0.0000 79.0000 79.0000
11 16 21335 21259.3 Brain-Stem 99.6549 12.4487 16.0000 136.0000 120.0000
12 17 4863 4806.7 Left-Hippocampus 65.5089 10.5251 0.0000 100.0000 100.0000
13 18 1870 1870.3 Left-Amygdala 66.7770 8.6671 39.0000 93.0000 54.0000
14 24 1046 1109.3 CSF 41.3576 16.5479 0.0000 90.0000 90.0000
15 26 642 656.6 Left-Accumbens-area 72.4393 6.2571 41.0000 92.0000 51.0000
16 28 4620 4511.8 Left-VentralDC 99.1015 13.6840 23.0000 136.0000 113.0000
17 30 0 0.0 Left-vessel 0.0000 0.0000 0.0000 0.0000 0.0000
18 31 644 587.8 Left-choroid-plexus 40.6646 16.3280 6.0000 77.0000 71.0000
19 43 4635 4925.2 Right-Lateral-Ventricle 17.2416 16.4357 0.0000 73.0000 73.0000
20 44 162 201.8 Right-Inf-Lat-Vent 37.0062 14.5451 0.0000 70.0000 70.0000
21 46 14539 14965.4 Right-Cerebellum-White-Matter 102.6291 9.2471 42.0000 126.0000 84.0000
22 47 60970 60189.3 Right-Cerebellum-Cortex 64.9746 16.3316 0.0000 115.0000 115.0000
23 49 8691 8364.9 Right-Thalamus 90.1841 10.9591 29.0000 116.0000 87.0000
24 50 4217 4169.2 Right-Caudate 72.1650 9.3431 37.0000 101.0000 64.0000
25 51 6183 6171.1 Right-Putamen 84.3448 7.3460 34.0000 104.0000 70.0000
26 52 2450 2395.3 Right-Pallidum 103.6016 6.6701 33.0000 126.0000 93.0000
27 53 4885 4781.9 Right-Hippocampus 66.9261 10.9178 14.0000 113.0000 99.0000
28 54 2177 2165.5 Right-Amygdala 68.3050 9.9497 31.0000 128.0000 97.0000
29 58 779 782.2 Right-Accumbens-area 73.9512 6.6740 48.0000 95.0000 47.0000
30 60 4610 4435.4 Right-VentralDC 99.2425 14.4661 23.0000 133.0000 110.0000
31 62 0 0.0 Right-vessel 0.0000 0.0000 0.0000 0.0000 0.0000
32 63 698 638.9 Right-choroid-plexus 41.4871 14.8571 5.0000 77.0000 72.0000
33 72 0 0.0 5th-Ventricle 0.0000 0.0000 0.0000 0.0000 0.0000
34 77 962 898.4 WM-hypointensities 61.7744 12.1275 27.0000 92.0000 65.0000
35 78 0 0.0 Left-WM-hypointensities 0.0000 0.0000 0.0000 0.0000 0.0000
36 79 0 0.0 Right-WM-hypointensities 0.0000 0.0000 0.0000 0.0000 0.0000
37 80 0 0.0 non-WM-hypointensities 0.0000 0.0000 0.0000 0.0000 0.0000
38 81 0 0.0 Left-non-WM-hypointensities 0.0000 0.0000 0.0000 0.0000 0.0000
39 82 0 0.0 Right-non-WM-hypointensities 0.0000 0.0000 0.0000 0.0000 0.0000
40 85 0 0.0 Optic-Chiasm 0.0000 0.0000 0.0000 0.0000 0.0000
41 251 1373 1316.2 CC_Posterior 103.3663 12.8268 39.0000 122.0000 83.0000
42 252 851 788.3 CC_Mid_Posterior 99.8613 16.0445 21.0000 118.0000 97.0000
43 253 1259 1160.5 CC_Central 93.7482 18.3464 14.0000 126.0000 112.0000
44 254 906 814.4 CC_Mid_Anterior 91.0828 19.2337 15.0000 113.0000 98.0000
45 255 1219 1173.7 CC_Anterior 101.2141 14.8853 21.0000 128.0000 107.0000
