Index SegId NVoxels Volume_mm3 StructName normMean normStdDev normMin normMax normRange
1 4 5490 5972.7 Left-Lateral-Ventricle 15.0579 15.0418 0.0000 76.0000 76.0000
2 5 134 201.0 Left-Inf-Lat-Vent 35.8955 14.4598 1.0000 68.0000 67.0000
3 7 15634 16264.9 Left-Cerebellum-White-Matter 99.5279 10.2083 26.0000 127.0000 101.0000
4 8 64501 63202.1 Left-Cerebellum-Cortex 66.8331 14.5643 0.0000 117.0000 117.0000
5 10 9594 9234.0 Left-Thalamus 90.3199 11.0982 28.0000 117.0000 89.0000
6 11 3927 3913.4 Left-Caudate 72.4062 9.6782 37.0000 96.0000 59.0000
7 12 6186 6285.0 Left-Putamen 86.7986 7.1612 37.0000 107.0000 70.0000
8 13 2434 2391.7 Left-Pallidum 106.3533 6.5491 35.0000 122.0000 87.0000
9 14 794 893.9 3rd-Ventricle 32.4950 16.2858 0.0000 70.0000 70.0000
10 15 1873 2056.5 4th-Ventricle 19.2904 14.9623 0.0000 79.0000 79.0000
11 16 21818 21557.8 Brain-Stem 99.8162 13.5573 10.0000 129.0000 119.0000
12 17 5040 4993.8 Left-Hippocampus 67.4190 9.8859 4.0000 104.0000 100.0000
13 18 1921 1928.2 Left-Amygdala 69.3399 8.4383 34.0000 95.0000 61.0000
14 24 1101 1152.1 CSF 41.6603 16.2935 2.0000 87.0000 85.0000
15 26 577 602.6 Left-Accumbens-area 72.1075 5.4673 42.0000 89.0000 47.0000
16 28 4760 4574.5 Left-VentralDC 97.6634 15.3073 26.0000 130.0000 104.0000
17 30 0 0.0 Left-vessel 0.0000 0.0000 0.0000 0.0000 0.0000
18 31 464 433.6 Left-choroid-plexus 35.3276 17.0763 0.0000 73.0000 73.0000
19 43 4312 4677.8 Right-Lateral-Ventricle 16.3425 16.2795 0.0000 67.0000 67.0000
20 44 95 130.6 Right-Inf-Lat-Vent 34.5368 13.9808 0.0000 60.0000 60.0000
21 46 14972 15450.8 Right-Cerebellum-White-Matter 100.4558 10.0182 37.0000 130.0000 93.0000
22 47 64541 63279.6 Right-Cerebellum-Cortex 66.9549 14.5644 0.0000 114.0000 114.0000
23 49 8996 8538.1 Right-Thalamus 88.7945 10.9444 28.0000 114.0000 86.0000
24 50 4173 4169.2 Right-Caudate 70.4872 9.5068 29.0000 94.0000 65.0000
25 51 6175 6191.4 Right-Putamen 84.8032 7.8381 43.0000 103.0000 60.0000
26 52 2471 2426.5 Right-Pallidum 104.6512 5.8408 48.0000 117.0000 69.0000
27 53 5041 5010.3 Right-Hippocampus 66.8824 9.6390 24.0000 102.0000 78.0000
28 54 2206 2215.6 Right-Amygdala 65.3830 8.5660 31.0000 95.0000 64.0000
29 58 726 719.9 Right-Accumbens-area 70.2603 6.1952 42.0000 88.0000 46.0000
30 60 4635 4368.9 Right-VentralDC 96.3448 15.7122 23.0000 126.0000 103.0000
31 62 0 0.0 Right-vessel 0.0000 0.0000 0.0000 0.0000 0.0000
32 63 585 555.2 Right-choroid-plexus 36.4872 15.3261 0.0000 71.0000 71.0000
33 72 0 0.0 5th-Ventricle 0.0000 0.0000 0.0000 0.0000 0.0000
34 77 1182 1111.1 WM-hypointensities 55.9501 13.2077 16.0000 87.0000 71.0000
35 78 0 0.0 Left-WM-hypointensities 0.0000 0.0000 0.0000 0.0000 0.0000
36 79 0 0.0 Right-WM-hypointensities 0.0000 0.0000 0.0000 0.0000 0.0000
37 80 0 0.0 non-WM-hypointensities 0.0000 0.0000 0.0000 0.0000 0.0000
38 81 0 0.0 Left-non-WM-hypointensities 0.0000 0.0000 0.0000 0.0000 0.0000
39 82 0 0.0 Right-non-WM-hypointensities 0.0000 0.0000 0.0000 0.0000 0.0000
40 85 0 0.0 Optic-Chiasm 0.0000 0.0000 0.0000 0.0000 0.0000
41 251 1447 1353.7 CC_Posterior 103.1742 14.8209 34.0000 120.0000 86.0000
42 252 862 787.7 CC_Mid_Posterior 100.6276 15.9212 33.0000 120.0000 87.0000
43 253 1152 1059.7 CC_Central 94.3628 17.3154 33.0000 120.0000 87.0000
44 254 934 829.4 CC_Mid_Anterior 91.9722 19.9430 6.0000 115.0000 109.0000
45 255 1207 1151.0 CC_Anterior 102.5957 14.9676 12.0000 120.0000 108.0000
