Index SegId NVoxels Volume_mm3 StructName normMean normStdDev normMin normMax normRange
1 4 5652 6109.6 Left-Lateral-Ventricle 14.4000 14.8586 0.0000 72.0000 72.0000
2 5 166 236.7 Left-Inf-Lat-Vent 35.4759 14.1330 0.0000 64.0000 64.0000
3 7 15898 16551.3 Left-Cerebellum-White-Matter 98.3373 10.1591 28.0000 129.0000 101.0000
4 8 63663 62383.5 Left-Cerebellum-Cortex 64.6089 13.8912 0.0000 107.0000 107.0000
5 10 9425 9033.0 Left-Thalamus 88.5234 11.6350 37.0000 118.0000 81.0000
6 11 3924 3924.0 Left-Caudate 71.9926 9.6687 36.0000 96.0000 60.0000
7 12 6069 6202.5 Left-Putamen 87.9741 7.1617 42.0000 110.0000 68.0000
8 13 2344 2292.1 Left-Pallidum 108.1617 7.3001 17.0000 130.0000 113.0000
9 14 797 904.3 3rd-Ventricle 30.9636 15.9117 0.0000 70.0000 70.0000
10 15 1795 1940.0 4th-Ventricle 20.1827 14.4166 0.0000 65.0000 65.0000
11 16 21257 21006.4 Brain-Stem 98.3921 14.5509 12.0000 135.0000 123.0000
12 17 4924 4865.0 Left-Hippocampus 64.6840 9.8275 4.0000 97.0000 93.0000
13 18 1893 1904.2 Left-Amygdala 67.2974 8.0876 37.0000 93.0000 56.0000
14 24 1054 1127.0 CSF 38.6281 16.3152 0.0000 85.0000 85.0000
15 26 604 626.7 Left-Accumbens-area 72.7417 5.5362 45.0000 88.0000 43.0000
16 28 4675 4482.0 Left-VentralDC 95.6364 15.0316 27.0000 130.0000 103.0000
17 30 0 0.0 Left-vessel 0.0000 0.0000 0.0000 0.0000 0.0000
18 31 564 531.9 Left-choroid-plexus 36.9344 16.5038 1.0000 71.0000 70.0000
19 43 4421 4777.2 Right-Lateral-Ventricle 15.8102 15.8137 0.0000 64.0000 64.0000
20 44 93 126.3 Right-Inf-Lat-Vent 38.7097 12.3760 4.0000 58.0000 54.0000
21 46 14815 15322.5 Right-Cerebellum-White-Matter 97.9797 9.6097 27.0000 127.0000 100.0000
22 47 64286 63084.9 Right-Cerebellum-Cortex 65.5243 13.4004 2.0000 107.0000 105.0000
23 49 8872 8445.0 Right-Thalamus 86.4690 11.0192 23.0000 114.0000 91.0000
24 50 4148 4148.4 Right-Caudate 70.0986 9.5283 31.0000 96.0000 65.0000
25 51 6075 6153.2 Right-Putamen 85.3725 7.6843 43.0000 105.0000 62.0000
26 52 2486 2414.2 Right-Pallidum 105.9031 6.2069 46.0000 122.0000 76.0000
27 53 4984 4941.2 Right-Hippocampus 64.3385 9.0271 25.0000 98.0000 73.0000
28 54 2185 2209.5 Right-Amygdala 64.9355 8.4304 28.0000 91.0000 63.0000
29 58 720 713.4 Right-Accumbens-area 70.5986 6.4304 37.0000 91.0000 54.0000
30 60 4642 4379.6 Right-VentralDC 94.0786 15.6914 20.0000 127.0000 107.0000
31 62 0 0.0 Right-vessel 0.0000 0.0000 0.0000 0.0000 0.0000
32 63 675 648.6 Right-choroid-plexus 35.7289 14.2478 0.0000 68.0000 68.0000
33 72 0 0.0 5th-Ventricle 0.0000 0.0000 0.0000 0.0000 0.0000
34 77 1152 1102.5 WM-hypointensities 56.3542 12.7699 21.0000 86.0000 65.0000
35 78 0 0.0 Left-WM-hypointensities 0.0000 0.0000 0.0000 0.0000 0.0000
36 79 0 0.0 Right-WM-hypointensities 0.0000 0.0000 0.0000 0.0000 0.0000
37 80 0 0.0 non-WM-hypointensities 0.0000 0.0000 0.0000 0.0000 0.0000
38 81 0 0.0 Left-non-WM-hypointensities 0.0000 0.0000 0.0000 0.0000 0.0000
39 82 0 0.0 Right-non-WM-hypointensities 0.0000 0.0000 0.0000 0.0000 0.0000
40 85 0 0.0 Optic-Chiasm 0.0000 0.0000 0.0000 0.0000 0.0000
41 251 1427 1353.6 CC_Posterior 100.4443 13.9550 34.0000 118.0000 84.0000
42 252 865 794.0 CC_Mid_Posterior 100.1318 17.1979 19.0000 123.0000 104.0000
43 253 1302 1179.4 CC_Central 94.6790 17.8903 13.0000 116.0000 103.0000
44 254 971 860.1 CC_Mid_Anterior 90.3553 19.4094 20.0000 114.0000 94.0000
45 255 1202 1142.1 CC_Anterior 101.1814 14.6865 17.0000 119.0000 102.0000
