Index SegId NVoxels Volume_mm3 StructName normMean normStdDev normMin normMax normRange
1 4 5629 6107.3 Left-Lateral-Ventricle 15.0187 15.2989 0.0000 77.0000 77.0000
2 5 155 227.6 Left-Inf-Lat-Vent 36.8129 13.7920 2.0000 68.0000 66.0000
3 7 15461 16006.5 Left-Cerebellum-White-Matter 100.2660 9.8080 28.0000 122.0000 94.0000
4 8 64411 63031.9 Left-Cerebellum-Cortex 66.5881 14.4929 0.0000 113.0000 113.0000
5 10 9471 9150.1 Left-Thalamus 90.9779 11.5929 26.0000 117.0000 91.0000
6 11 3889 3846.4 Left-Caudate 71.2286 10.0400 33.0000 96.0000 63.0000
7 12 6165 6223.2 Left-Putamen 86.8487 7.0896 36.0000 110.0000 74.0000
8 13 2417 2375.6 Left-Pallidum 107.3595 6.7688 40.0000 130.0000 90.0000
9 14 841 947.3 3rd-Ventricle 34.6397 16.0887 0.0000 72.0000 72.0000
10 15 1868 2035.7 4th-Ventricle 20.7837 14.9346 0.0000 80.0000 80.0000
11 16 22002 21671.5 Brain-Stem 98.5051 13.7751 12.0000 128.0000 116.0000
12 17 5028 4935.8 Left-Hippocampus 66.7327 10.1209 3.0000 103.0000 100.0000
13 18 1948 1968.8 Left-Amygdala 69.5108 8.0963 33.0000 98.0000 65.0000
14 24 1110 1177.9 CSF 41.6432 16.5571 2.0000 88.0000 86.0000
15 26 599 620.3 Left-Accumbens-area 72.0918 5.6548 46.0000 87.0000 41.0000
16 28 4765 4579.5 Left-VentralDC 98.3129 15.3438 24.0000 129.0000 105.0000
17 30 0 0.0 Left-vessel 0.0000 0.0000 0.0000 0.0000 0.0000
18 31 504 473.0 Left-choroid-plexus 34.9226 17.2371 0.0000 72.0000 72.0000
19 43 4433 4798.9 Right-Lateral-Ventricle 16.6826 16.2563 0.0000 69.0000 69.0000
20 44 102 146.3 Right-Inf-Lat-Vent 39.4902 11.6055 9.0000 61.0000 52.0000
21 46 14787 15269.0 Right-Cerebellum-White-Matter 101.3126 9.3057 28.0000 129.0000 101.0000
22 47 64422 62922.6 Right-Cerebellum-Cortex 67.4618 14.5196 2.0000 108.0000 106.0000
23 49 8867 8408.5 Right-Thalamus 89.2020 11.4399 22.0000 115.0000 93.0000
24 50 4141 4111.3 Right-Caudate 69.5950 9.9112 29.0000 96.0000 67.0000
25 51 6124 6122.8 Right-Putamen 85.3800 8.0489 42.0000 104.0000 62.0000
26 52 2445 2399.6 Right-Pallidum 106.2941 5.7468 36.0000 123.0000 87.0000
27 53 5096 5014.1 Right-Hippocampus 66.8738 9.6049 24.0000 101.0000 77.0000
28 54 2103 2091.7 Right-Amygdala 65.9772 8.4683 33.0000 93.0000 60.0000
29 58 748 743.8 Right-Accumbens-area 69.2059 6.3901 38.0000 89.0000 51.0000
30 60 4757 4484.8 Right-VentralDC 96.2298 16.3158 21.0000 133.0000 112.0000
31 62 0 0.0 Right-vessel 0.0000 0.0000 0.0000 0.0000 0.0000
32 63 604 576.9 Right-choroid-plexus 36.5695 15.2215 0.0000 70.0000 70.0000
33 72 0 0.0 5th-Ventricle 0.0000 0.0000 0.0000 0.0000 0.0000
34 77 1197 1115.6 WM-hypointensities 55.9432 13.4362 19.0000 85.0000 66.0000
35 78 0 0.0 Left-WM-hypointensities 0.0000 0.0000 0.0000 0.0000 0.0000
36 79 0 0.0 Right-WM-hypointensities 0.0000 0.0000 0.0000 0.0000 0.0000
37 80 0 0.0 non-WM-hypointensities 0.0000 0.0000 0.0000 0.0000 0.0000
38 81 0 0.0 Left-non-WM-hypointensities 0.0000 0.0000 0.0000 0.0000 0.0000
39 82 0 0.0 Right-non-WM-hypointensities 0.0000 0.0000 0.0000 0.0000 0.0000
40 85 0 0.0 Optic-Chiasm 0.0000 0.0000 0.0000 0.0000 0.0000
41 251 1456 1364.8 CC_Posterior 101.7218 16.3887 28.0000 120.0000 92.0000
42 252 855 791.6 CC_Mid_Posterior 102.0713 16.0306 29.0000 121.0000 92.0000
43 253 1086 1013.2 CC_Central 96.2588 16.8396 27.0000 117.0000 90.0000
44 254 999 892.0 CC_Mid_Anterior 89.2913 20.2300 30.0000 115.0000 85.0000
45 255 1200 1142.7 CC_Anterior 101.1333 14.7089 17.0000 120.0000 103.0000
