Index SegId NVoxels Volume_mm3 StructName normMean normStdDev normMin normMax normRange
1 4 5748 6085.5 Left-Lateral-Ventricle 15.5539 15.9127 0.0000 76.0000 76.0000
2 5 202 272.5 Left-Inf-Lat-Vent 41.4406 14.5136 0.0000 76.0000 76.0000
3 7 15488 15966.1 Left-Cerebellum-White-Matter 101.1568 8.9132 34.0000 122.0000 88.0000
4 8 60657 59506.4 Left-Cerebellum-Cortex 67.9520 15.5156 1.0000 117.0000 116.0000
5 10 9439 9078.3 Left-Thalamus 90.9389 10.6367 34.0000 118.0000 84.0000
6 11 3970 3897.9 Left-Caudate 72.9746 9.8029 39.0000 97.0000 58.0000
7 12 6027 6082.4 Left-Putamen 88.1500 6.6034 33.0000 106.0000 73.0000
8 13 2425 2382.5 Left-Pallidum 106.5868 5.7720 36.0000 122.0000 86.0000
9 14 812 872.4 3rd-Ventricle 36.3966 17.9837 0.0000 74.0000 74.0000
10 15 1996 2114.4 4th-Ventricle 23.2089 15.8544 0.0000 79.0000 79.0000
11 16 21523 21395.9 Brain-Stem 99.8621 12.1756 9.0000 129.0000 120.0000
12 17 4927 4833.8 Left-Hippocampus 67.6132 9.2733 4.0000 102.0000 98.0000
13 18 1871 1895.7 Left-Amygdala 68.9166 7.0654 40.0000 93.0000 53.0000
14 24 1013 1061.3 CSF 41.1283 16.5544 0.0000 90.0000 90.0000
15 26 631 647.2 Left-Accumbens-area 75.8162 6.4169 46.0000 91.0000 45.0000
16 28 4661 4517.5 Left-VentralDC 99.6936 12.9649 24.0000 128.0000 104.0000
17 30 0 0.0 Left-vessel 0.0000 0.0000 0.0000 0.0000 0.0000
18 31 643 588.1 Left-choroid-plexus 41.1477 16.8619 6.0000 80.0000 74.0000
19 43 4576 4846.6 Right-Lateral-Ventricle 17.7994 16.8528 0.0000 72.0000 72.0000
20 44 129 162.9 Right-Inf-Lat-Vent 42.4341 13.5813 6.0000 66.0000 60.0000
21 46 14657 15122.5 Right-Cerebellum-White-Matter 103.0710 8.9232 41.0000 133.0000 92.0000
22 47 61321 60189.7 Right-Cerebellum-Cortex 67.7686 16.1911 0.0000 121.0000 121.0000
23 49 8763 8315.7 Right-Thalamus 90.8049 10.9184 30.0000 117.0000 87.0000
24 50 4197 4136.8 Right-Caudate 71.4827 9.7514 33.0000 96.0000 63.0000
25 51 5964 5950.7 Right-Putamen 88.2170 6.8108 53.0000 105.0000 52.0000
26 52 2439 2380.3 Right-Pallidum 107.7167 5.2536 52.0000 121.0000 69.0000
27 53 4890 4811.3 Right-Hippocampus 69.6346 9.2599 27.0000 103.0000 76.0000
28 54 2146 2163.1 Right-Amygdala 71.4860 7.7552 38.0000 94.0000 56.0000
29 58 757 760.4 Right-Accumbens-area 73.8283 7.1416 40.0000 92.0000 52.0000
30 60 4662 4455.8 Right-VentralDC 100.5946 13.5221 38.0000 134.0000 96.0000
31 62 0 0.0 Right-vessel 0.0000 0.0000 0.0000 0.0000 0.0000
32 63 679 628.8 Right-choroid-plexus 41.8262 14.8523 2.0000 77.0000 75.0000
33 72 0 0.0 5th-Ventricle 0.0000 0.0000 0.0000 0.0000 0.0000
34 77 952 903.4 WM-hypointensities 61.1092 12.1881 27.0000 89.0000 62.0000
35 78 0 0.0 Left-WM-hypointensities 0.0000 0.0000 0.0000 0.0000 0.0000
36 79 0 0.0 Right-WM-hypointensities 0.0000 0.0000 0.0000 0.0000 0.0000
37 80 0 0.0 non-WM-hypointensities 0.0000 0.0000 0.0000 0.0000 0.0000
38 81 0 0.0 Left-non-WM-hypointensities 0.0000 0.0000 0.0000 0.0000 0.0000
39 82 0 0.0 Right-non-WM-hypointensities 0.0000 0.0000 0.0000 0.0000 0.0000
40 85 0 0.0 Optic-Chiasm 0.0000 0.0000 0.0000 0.0000 0.0000
41 251 1390 1335.5 CC_Posterior 103.8086 12.7407 27.0000 125.0000 98.0000
42 252 833 784.6 CC_Mid_Posterior 100.4034 14.6697 27.0000 133.0000 106.0000
43 253 1032 958.5 CC_Central 96.3343 15.4947 36.0000 121.0000 85.0000
44 254 851 778.6 CC_Mid_Anterior 93.3690 17.4816 25.0000 115.0000 90.0000
45 255 1173 1134.6 CC_Anterior 100.6846 14.3605 0.0000 127.0000 127.0000
