Index SegId NVoxels Volume_mm3 StructName normMean normStdDev normMin normMax normRange
1 4 6263 6400.6 Left-Lateral-Ventricle 13.8041 15.6176 0.0000 74.0000 74.0000
2 5 314 367.5 Left-Inf-Lat-Vent 36.4204 15.8939 0.0000 71.0000 71.0000
3 7 14266 14818.6 Left-Cerebellum-White-Matter 107.3571 11.0872 35.0000 146.0000 111.0000
4 8 63132 63389.2 Left-Cerebellum-Cortex 70.4398 17.2968 0.0000 148.0000 148.0000
5 10 9028 8815.6 Left-Thalamus 85.6679 11.9280 38.0000 120.0000 82.0000
6 11 4072 4077.1 Left-Caudate 65.8038 8.3278 37.0000 96.0000 59.0000
7 12 6362 6335.4 Left-Putamen 77.5684 8.5455 24.0000 108.0000 84.0000
8 13 2332 2291.7 Left-Pallidum 101.8225 7.0859 18.0000 124.0000 106.0000
9 14 768 775.8 3rd-Ventricle 24.8385 19.7410 0.0000 72.0000 72.0000
10 15 1950 2041.0 4th-Ventricle 16.2282 14.8043 0.0000 80.0000 80.0000
11 16 20474 20895.1 Brain-Stem 95.4617 12.3435 3.0000 145.0000 142.0000
12 17 4554 4454.5 Left-Hippocampus 64.6135 11.8621 2.0000 104.0000 102.0000
13 18 1775 1775.8 Left-Amygdala 66.1961 8.9513 26.0000 96.0000 70.0000
14 24 1025 1029.8 CSF 32.5395 18.0749 0.0000 75.0000 75.0000
15 26 687 666.2 Left-Accumbens-area 66.6332 7.2672 36.0000 88.0000 52.0000
16 28 4402 4384.8 Left-VentralDC 100.0311 14.6534 48.0000 140.0000 92.0000
17 30 0 0.0 Left-vessel 0.0000 0.0000 0.0000 0.0000 0.0000
18 31 643 581.7 Left-choroid-plexus 52.6594 13.8067 15.0000 81.0000 66.0000
19 43 4893 5035.7 Right-Lateral-Ventricle 14.9221 16.2054 0.0000 73.0000 73.0000
20 44 188 232.6 Right-Inf-Lat-Vent 36.5319 13.7454 5.0000 73.0000 68.0000
21 46 12619 13199.1 Right-Cerebellum-White-Matter 106.3342 11.4522 37.0000 145.0000 108.0000
22 47 61737 62093.0 Right-Cerebellum-Cortex 70.4067 16.4848 0.0000 139.0000 139.0000
23 49 8369 8131.3 Right-Thalamus 80.1684 12.9264 33.0000 115.0000 82.0000
24 50 4417 4375.0 Right-Caudate 64.0444 9.6126 24.0000 97.0000 73.0000
25 51 6205 6135.0 Right-Putamen 79.4724 8.2148 35.0000 102.0000 67.0000
26 52 2240 2224.6 Right-Pallidum 106.7545 7.7421 29.0000 129.0000 100.0000
27 53 4443 4349.0 Right-Hippocampus 67.1794 12.1533 19.0000 116.0000 97.0000
28 54 2053 2059.3 Right-Amygdala 69.1807 9.6598 23.0000 104.0000 81.0000
29 58 761 733.1 Right-Accumbens-area 63.8173 8.5887 41.0000 95.0000 54.0000
30 60 4220 4133.4 Right-VentralDC 95.1163 14.9715 38.0000 152.0000 114.0000
31 62 0 0.0 Right-vessel 0.0000 0.0000 0.0000 0.0000 0.0000
32 63 883 821.9 Right-choroid-plexus 47.2299 14.0987 10.0000 89.0000 79.0000
33 72 0 0.0 5th-Ventricle 0.0000 0.0000 0.0000 0.0000 0.0000
34 77 1263 1254.7 WM-hypointensities 68.9161 12.1924 33.0000 102.0000 69.0000
35 78 0 0.0 Left-WM-hypointensities 0.0000 0.0000 0.0000 0.0000 0.0000
36 79 0 0.0 Right-WM-hypointensities 0.0000 0.0000 0.0000 0.0000 0.0000
37 80 0 0.0 non-WM-hypointensities 0.0000 0.0000 0.0000 0.0000 0.0000
38 81 0 0.0 Left-non-WM-hypointensities 0.0000 0.0000 0.0000 0.0000 0.0000
39 82 0 0.0 Right-non-WM-hypointensities 0.0000 0.0000 0.0000 0.0000 0.0000
40 85 0 0.0 Optic-Chiasm 0.0000 0.0000 0.0000 0.0000 0.0000
41 251 1389 1377.7 CC_Posterior 115.4140 13.6715 42.0000 141.0000 99.0000
42 252 844 816.1 CC_Mid_Posterior 105.4384 20.0221 0.0000 142.0000 142.0000
43 253 1293 1191.7 CC_Central 98.4571 20.1668 6.0000 142.0000 136.0000
44 254 986 920.2 CC_Mid_Anterior 102.6592 21.7667 9.0000 150.0000 141.0000
45 255 1169 1181.2 CC_Anterior 119.9076 19.2412 14.0000 159.0000 145.0000
