Index SegId NVoxels Volume_mm3 StructName normMean normStdDev normMin normMax normRange
1 4 8027 8270.9 Left-Lateral-Ventricle 13.3000 14.2542 0.0000 67.0000 67.0000
2 5 283 333.4 Left-Inf-Lat-Vent 37.9223 15.5142 1.0000 74.0000 73.0000
3 7 14659 15155.7 Left-Cerebellum-White-Matter 102.3530 8.3849 29.0000 121.0000 92.0000
4 8 55115 53880.9 Left-Cerebellum-Cortex 71.1159 15.9069 0.0000 120.0000 120.0000
5 10 7784 7409.2 Left-Thalamus 89.7968 11.1990 32.0000 116.0000 84.0000
6 11 2925 2903.8 Left-Caudate 74.8304 9.4085 37.0000 101.0000 64.0000
7 12 4275 4242.6 Left-Putamen 87.9282 6.6889 43.0000 110.0000 67.0000
8 13 1880 1848.4 Left-Pallidum 104.6606 5.4755 65.0000 124.0000 59.0000
9 14 652 725.0 3rd-Ventricle 32.2270 15.8818 0.0000 75.0000 75.0000
10 15 1291 1409.8 4th-Ventricle 31.5236 16.7457 0.0000 76.0000 76.0000
11 16 20272 20094.0 Brain-Stem 99.6882 12.5864 16.0000 125.0000 109.0000
12 17 4224 4063.2 Left-Hippocampus 72.0736 10.1228 17.0000 104.0000 87.0000
13 18 1629 1642.3 Left-Amygdala 74.8165 8.6092 43.0000 98.0000 55.0000
14 24 1072 1103.3 CSF 42.4384 16.2419 5.0000 94.0000 89.0000
15 26 490 510.1 Left-Accumbens-area 75.6694 5.9532 42.0000 89.0000 47.0000
16 28 4039 3870.5 Left-VentralDC 99.2471 14.5399 25.0000 138.0000 113.0000
17 30 0 0.0 Left-vessel 0.0000 0.0000 0.0000 0.0000 0.0000
18 31 543 513.9 Left-choroid-plexus 42.0442 16.8388 4.0000 81.0000 77.0000
19 43 7355 7555.8 Right-Lateral-Ventricle 13.0848 14.4456 0.0000 84.0000 84.0000
20 44 175 232.8 Right-Inf-Lat-Vent 37.8000 14.0496 0.0000 71.0000 71.0000
21 46 14054 14483.5 Right-Cerebellum-White-Matter 104.0018 8.0428 44.0000 123.0000 79.0000
22 47 55738 54627.1 Right-Cerebellum-Cortex 71.6524 16.3019 0.0000 119.0000 119.0000
23 49 7317 6949.7 Right-Thalamus 89.0713 10.8678 29.0000 112.0000 83.0000
24 50 3173 3103.9 Right-Caudate 72.9937 9.8991 35.0000 98.0000 63.0000
25 51 4395 4328.4 Right-Putamen 86.1327 6.9648 30.0000 107.0000 77.0000
26 52 1957 1933.5 Right-Pallidum 104.1088 6.6596 24.0000 122.0000 98.0000
27 53 3931 3847.0 Right-Hippocampus 70.3854 9.0978 18.0000 98.0000 80.0000
28 54 1817 1851.3 Right-Amygdala 71.2433 9.2897 3.0000 102.0000 99.0000
29 58 614 624.4 Right-Accumbens-area 76.0114 5.5681 43.0000 90.0000 47.0000
30 60 4039 3834.9 Right-VentralDC 97.2803 15.0131 25.0000 124.0000 99.0000
31 62 0 0.0 Right-vessel 0.0000 0.0000 0.0000 0.0000 0.0000
32 63 613 549.8 Right-choroid-plexus 41.2137 14.8331 0.0000 77.0000 77.0000
33 72 0 0.0 5th-Ventricle 0.0000 0.0000 0.0000 0.0000 0.0000
34 77 868 821.2 WM-hypointensities 62.9055 11.8746 34.0000 91.0000 57.0000
35 78 0 0.0 Left-WM-hypointensities 0.0000 0.0000 0.0000 0.0000 0.0000
36 79 0 0.0 Right-WM-hypointensities 0.0000 0.0000 0.0000 0.0000 0.0000
37 80 0 0.0 non-WM-hypointensities 0.0000 0.0000 0.0000 0.0000 0.0000
38 81 0 0.0 Left-non-WM-hypointensities 0.0000 0.0000 0.0000 0.0000 0.0000
39 82 0 0.0 Right-non-WM-hypointensities 0.0000 0.0000 0.0000 0.0000 0.0000
40 85 0 0.0 Optic-Chiasm 0.0000 0.0000 0.0000 0.0000 0.0000
41 251 1158 1085.5 CC_Posterior 99.5881 18.4086 3.0000 124.0000 121.0000
42 252 671 578.2 CC_Mid_Posterior 88.0373 21.0652 26.0000 114.0000 88.0000
43 253 664 577.1 CC_Central 87.8840 20.8508 21.0000 116.0000 95.0000
44 254 533 493.0 CC_Mid_Anterior 94.2045 17.5551 28.0000 111.0000 83.0000
45 255 1156 1097.7 CC_Anterior 95.3780 19.1335 25.0000 124.0000 99.0000
