Index SegId NVoxels Volume_mm3 StructName normMean normStdDev normMin normMax normRange
1 4 8122 8472.2 Left-Lateral-Ventricle 12.5863 13.7148 0.0000 64.0000 64.0000
2 5 283 357.4 Left-Inf-Lat-Vent 37.1166 13.7223 5.0000 69.0000 64.0000
3 7 14458 15139.6 Left-Cerebellum-White-Matter 102.8915 9.1252 32.0000 126.0000 94.0000
4 8 56553 55431.8 Left-Cerebellum-Cortex 69.8778 15.3165 0.0000 117.0000 117.0000
5 10 7668 7289.1 Left-Thalamus 88.1853 11.5952 35.0000 113.0000 78.0000
6 11 2981 2926.8 Left-Caudate 73.2942 9.9216 37.0000 100.0000 63.0000
7 12 4288 4275.7 Left-Putamen 86.4314 7.0591 43.0000 107.0000 64.0000
8 13 1942 1926.6 Left-Pallidum 104.1653 5.7745 69.0000 129.0000 60.0000
9 14 682 762.2 3rd-Ventricle 32.8710 15.5729 1.0000 74.0000 73.0000
10 15 1208 1354.0 4th-Ventricle 29.7061 15.8662 1.0000 83.0000 82.0000
11 16 20268 20112.9 Brain-Stem 98.4629 12.7426 17.0000 126.0000 109.0000
12 17 4237 4079.4 Left-Hippocampus 69.4416 10.9145 10.0000 105.0000 95.0000
13 18 1712 1720.0 Left-Amygdala 72.8779 8.4488 37.0000 98.0000 61.0000
14 24 1073 1118.0 CSF 40.5256 16.5137 0.0000 86.0000 86.0000
15 26 514 529.5 Left-Accumbens-area 72.9825 5.6218 40.0000 86.0000 46.0000
16 28 3946 3785.7 Left-VentralDC 96.9235 15.3260 28.0000 127.0000 99.0000
17 30 0 0.0 Left-vessel 0.0000 0.0000 0.0000 0.0000 0.0000
18 31 497 456.8 Left-choroid-plexus 39.9899 16.4267 2.0000 73.0000 71.0000
19 43 7362 7663.8 Right-Lateral-Ventricle 13.3707 14.4072 0.0000 86.0000 86.0000
20 44 98 141.8 Right-Inf-Lat-Vent 40.0408 11.9163 3.0000 64.0000 61.0000
21 46 13864 14437.8 Right-Cerebellum-White-Matter 102.5873 8.6243 36.0000 124.0000 88.0000
22 47 58155 57056.7 Right-Cerebellum-Cortex 70.5123 14.7697 0.0000 118.0000 118.0000
23 49 7395 6982.3 Right-Thalamus 87.2135 11.1637 31.0000 113.0000 82.0000
24 50 3178 3119.0 Right-Caudate 71.1894 9.8999 34.0000 95.0000 61.0000
25 51 4436 4393.9 Right-Putamen 83.7541 8.3064 31.0000 107.0000 76.0000
26 52 2042 2010.2 Right-Pallidum 102.6097 6.9166 26.0000 118.0000 92.0000
27 53 4026 3939.9 Right-Hippocampus 69.9173 9.5237 31.0000 102.0000 71.0000
28 54 1946 2027.0 Right-Amygdala 70.1459 9.8201 13.0000 98.0000 85.0000
29 58 622 621.8 Right-Accumbens-area 71.5723 5.9550 41.0000 86.0000 45.0000
30 60 3877 3633.1 Right-VentralDC 95.6706 16.3893 12.0000 133.0000 121.0000
31 62 0 0.0 Right-vessel 0.0000 0.0000 0.0000 0.0000 0.0000
32 63 602 552.0 Right-choroid-plexus 39.9037 14.7642 3.0000 73.0000 70.0000
33 72 0 0.0 5th-Ventricle 0.0000 0.0000 0.0000 0.0000 0.0000
34 77 1038 941.4 WM-hypointensities 59.3699 12.1424 27.0000 90.0000 63.0000
35 78 0 0.0 Left-WM-hypointensities 0.0000 0.0000 0.0000 0.0000 0.0000
36 79 0 0.0 Right-WM-hypointensities 0.0000 0.0000 0.0000 0.0000 0.0000
37 80 0 0.0 non-WM-hypointensities 0.0000 0.0000 0.0000 0.0000 0.0000
38 81 0 0.0 Left-non-WM-hypointensities 0.0000 0.0000 0.0000 0.0000 0.0000
39 82 0 0.0 Right-non-WM-hypointensities 0.0000 0.0000 0.0000 0.0000 0.0000
40 85 0 0.0 Optic-Chiasm 0.0000 0.0000 0.0000 0.0000 0.0000
41 251 1162 1065.1 CC_Posterior 99.5775 18.5945 11.0000 122.0000 111.0000
42 252 664 580.4 CC_Mid_Posterior 89.2861 22.4820 2.0000 118.0000 116.0000
43 253 470 399.9 CC_Central 90.8574 20.7499 26.0000 114.0000 88.0000
44 254 531 480.0 CC_Mid_Anterior 94.6667 18.2874 40.0000 115.0000 75.0000
45 255 1070 1013.1 CC_Anterior 97.1804 17.9723 40.0000 120.0000 80.0000
