Index SegId NVoxels Volume_mm3 StructName normMean normStdDev normMin normMax normRange
1 4 8208 8519.2 Left-Lateral-Ventricle 12.5644 13.7275 0.0000 62.0000 62.0000
2 5 230 301.4 Left-Inf-Lat-Vent 37.9609 12.8625 8.0000 66.0000 58.0000
3 7 14294 14906.2 Left-Cerebellum-White-Matter 102.3808 9.2633 32.0000 129.0000 97.0000
4 8 56991 55834.7 Left-Cerebellum-Cortex 69.6779 15.5850 0.0000 111.0000 111.0000
5 10 7732 7366.1 Left-Thalamus 87.4424 11.7023 33.0000 116.0000 83.0000
6 11 2954 2895.8 Left-Caudate 74.1980 9.9453 37.0000 102.0000 65.0000
7 12 4282 4281.0 Left-Putamen 87.0654 7.0995 38.0000 112.0000 74.0000
8 13 1877 1871.5 Left-Pallidum 104.6228 6.5001 58.0000 131.0000 73.0000
9 14 704 765.5 3rd-Ventricle 32.5327 16.7674 0.0000 71.0000 71.0000
10 15 1191 1330.3 4th-Ventricle 26.7473 16.0718 0.0000 72.0000 72.0000
11 16 20303 20113.7 Brain-Stem 98.3227 13.3159 13.0000 131.0000 118.0000
12 17 4261 4111.6 Left-Hippocampus 68.5116 10.9153 10.0000 99.0000 89.0000
13 18 1583 1591.8 Left-Amygdala 75.6766 10.6002 38.0000 104.0000 66.0000
14 24 1132 1175.8 CSF 40.1793 15.9885 4.0000 87.0000 83.0000
15 26 487 507.0 Left-Accumbens-area 74.4990 5.8285 37.0000 89.0000 52.0000
16 28 4000 3836.4 Left-VentralDC 96.3665 15.4442 29.0000 129.0000 100.0000
17 30 0 0.0 Left-vessel 0.0000 0.0000 0.0000 0.0000 0.0000
18 31 462 443.3 Left-choroid-plexus 37.9827 16.2449 0.0000 73.0000 73.0000
19 43 7451 7735.3 Right-Lateral-Ventricle 13.2954 14.3126 0.0000 80.0000 80.0000
20 44 87 156.8 Right-Inf-Lat-Vent 36.9885 13.3613 0.0000 61.0000 61.0000
21 46 13648 14201.5 Right-Cerebellum-White-Matter 102.6738 8.7812 33.0000 131.0000 98.0000
22 47 59326 58224.6 Right-Cerebellum-Cortex 70.2199 14.9718 0.0000 112.0000 112.0000
23 49 7400 7043.6 Right-Thalamus 86.9034 11.5616 29.0000 115.0000 86.0000
24 50 3237 3165.8 Right-Caudate 71.6277 10.2174 32.0000 98.0000 66.0000
25 51 4506 4434.3 Right-Putamen 84.4996 8.2410 33.0000 109.0000 76.0000
26 52 1970 1945.1 Right-Pallidum 103.4640 7.3020 26.0000 124.0000 98.0000
27 53 4085 4000.0 Right-Hippocampus 70.1758 10.0296 11.0000 106.0000 95.0000
28 54 1959 1992.6 Right-Amygdala 70.0158 9.4042 3.0000 98.0000 95.0000
29 58 611 608.4 Right-Accumbens-area 73.3372 6.0091 36.0000 89.0000 53.0000
30 60 3947 3722.3 Right-VentralDC 95.5118 16.4262 18.0000 131.0000 113.0000
31 62 0 0.0 Right-vessel 0.0000 0.0000 0.0000 0.0000 0.0000
32 63 605 545.3 Right-choroid-plexus 38.9620 15.2729 3.0000 75.0000 72.0000
33 72 0 0.0 5th-Ventricle 0.0000 0.0000 0.0000 0.0000 0.0000
34 77 944 847.6 WM-hypointensities 59.2150 12.6256 25.0000 94.0000 69.0000
35 78 0 0.0 Left-WM-hypointensities 0.0000 0.0000 0.0000 0.0000 0.0000
36 79 0 0.0 Right-WM-hypointensities 0.0000 0.0000 0.0000 0.0000 0.0000
37 80 0 0.0 non-WM-hypointensities 0.0000 0.0000 0.0000 0.0000 0.0000
38 81 0 0.0 Left-non-WM-hypointensities 0.0000 0.0000 0.0000 0.0000 0.0000
39 82 0 0.0 Right-non-WM-hypointensities 0.0000 0.0000 0.0000 0.0000 0.0000
40 85 0 0.0 Optic-Chiasm 0.0000 0.0000 0.0000 0.0000 0.0000
41 251 1167 1081.5 CC_Posterior 99.0985 18.3372 11.0000 122.0000 111.0000
42 252 631 557.9 CC_Mid_Posterior 88.6720 20.6105 11.0000 116.0000 105.0000
43 253 719 636.5 CC_Central 88.1766 21.3727 22.0000 122.0000 100.0000
44 254 551 494.3 CC_Mid_Anterior 94.2232 18.5802 39.0000 115.0000 76.0000
45 255 1172 1119.0 CC_Anterior 96.6630 19.6916 39.0000 125.0000 86.0000
