Index SegId NVoxels Volume_mm3 StructName normMean normStdDev normMin normMax normRange
1 4 8093 8470.4 Left-Lateral-Ventricle 12.5408 13.5931 0.0000 64.0000 64.0000
2 5 241 312.2 Left-Inf-Lat-Vent 37.9627 13.6773 0.0000 68.0000 68.0000
3 7 14293 14923.3 Left-Cerebellum-White-Matter 103.0957 9.0247 28.0000 124.0000 96.0000
4 8 57273 56005.6 Left-Cerebellum-Cortex 70.5721 15.8325 0.0000 115.0000 115.0000
5 10 7795 7430.4 Left-Thalamus 86.7081 11.9053 31.0000 113.0000 82.0000
6 11 3012 2935.1 Left-Caudate 73.4535 10.2251 34.0000 102.0000 68.0000
7 12 4263 4284.4 Left-Putamen 86.8731 7.0447 40.0000 105.0000 65.0000
8 13 1893 1874.2 Left-Pallidum 104.5827 6.1614 71.0000 127.0000 56.0000
9 14 662 750.9 3rd-Ventricle 31.1012 15.4784 0.0000 69.0000 69.0000
10 15 1205 1329.4 4th-Ventricle 26.7627 16.1985 0.0000 71.0000 71.0000
11 16 20282 20068.5 Brain-Stem 97.9781 13.6519 11.0000 128.0000 117.0000
12 17 4254 4106.7 Left-Hippocampus 68.6676 11.0661 3.0000 105.0000 102.0000
13 18 1624 1630.7 Left-Amygdala 75.7537 10.9730 34.0000 104.0000 70.0000
14 24 1138 1172.0 CSF 39.9710 15.8053 0.0000 83.0000 83.0000
15 26 488 491.0 Left-Accumbens-area 74.3258 6.8670 32.0000 90.0000 58.0000
16 28 4012 3815.9 Left-VentralDC 96.2144 15.4906 29.0000 130.0000 101.0000
17 30 0 0.0 Left-vessel 0.0000 0.0000 0.0000 0.0000 0.0000
18 31 464 428.4 Left-choroid-plexus 36.0366 17.3244 0.0000 71.0000 71.0000
19 43 7339 7650.7 Right-Lateral-Ventricle 12.8060 14.1692 0.0000 83.0000 83.0000
20 44 68 118.5 Right-Inf-Lat-Vent 39.6912 11.6096 10.0000 65.0000 55.0000
21 46 13674 14177.2 Right-Cerebellum-White-Matter 102.3223 8.5525 30.0000 126.0000 96.0000
22 47 59150 57911.9 Right-Cerebellum-Cortex 69.9789 15.5478 0.0000 116.0000 116.0000
23 49 7430 7009.3 Right-Thalamus 85.7939 11.5228 27.0000 110.0000 83.0000
24 50 3182 3111.4 Right-Caudate 72.0465 10.3044 28.0000 98.0000 70.0000
25 51 4429 4380.0 Right-Putamen 84.6480 7.8433 30.0000 105.0000 75.0000
26 52 1959 1929.4 Right-Pallidum 102.9546 6.6450 21.0000 121.0000 100.0000
27 53 4126 4039.5 Right-Hippocampus 70.8408 10.3283 27.0000 107.0000 80.0000
28 54 1881 1908.4 Right-Amygdala 69.5524 9.7330 15.0000 95.0000 80.0000
29 58 606 597.3 Right-Accumbens-area 72.9538 6.4601 34.0000 94.0000 60.0000
30 60 3946 3696.4 Right-VentralDC 95.0712 16.4492 16.0000 130.0000 114.0000
31 62 0 0.0 Right-vessel 0.0000 0.0000 0.0000 0.0000 0.0000
32 63 602 546.9 Right-choroid-plexus 37.5149 15.1464 0.0000 71.0000 71.0000
33 72 0 0.0 5th-Ventricle 0.0000 0.0000 0.0000 0.0000 0.0000
34 77 931 835.1 WM-hypointensities 58.2932 11.9789 23.0000 89.0000 66.0000
35 78 0 0.0 Left-WM-hypointensities 0.0000 0.0000 0.0000 0.0000 0.0000
36 79 0 0.0 Right-WM-hypointensities 0.0000 0.0000 0.0000 0.0000 0.0000
37 80 0 0.0 non-WM-hypointensities 0.0000 0.0000 0.0000 0.0000 0.0000
38 81 0 0.0 Left-non-WM-hypointensities 0.0000 0.0000 0.0000 0.0000 0.0000
39 82 0 0.0 Right-non-WM-hypointensities 0.0000 0.0000 0.0000 0.0000 0.0000
40 85 0 0.0 Optic-Chiasm 0.0000 0.0000 0.0000 0.0000 0.0000
41 251 1191 1104.2 CC_Posterior 98.4803 18.8637 11.0000 121.0000 110.0000
42 252 680 601.8 CC_Mid_Posterior 89.1176 20.8745 17.0000 118.0000 101.0000
43 253 729 627.4 CC_Central 87.5816 21.0749 25.0000 118.0000 93.0000
44 254 562 499.7 CC_Mid_Anterior 93.3754 18.9356 29.0000 114.0000 85.0000
45 255 1173 1102.8 CC_Anterior 95.1100 20.5051 35.0000 125.0000 90.0000
