Index SegId NVoxels Volume_mm3 StructName normMean normStdDev normMin normMax normRange
1 4 8217 8523.2 Left-Lateral-Ventricle 11.9290 13.4274 0.0000 64.0000 64.0000
2 5 283 359.7 Left-Inf-Lat-Vent 33.2898 15.5495 0.0000 68.0000 68.0000
3 7 14314 14954.3 Left-Cerebellum-White-Matter 104.4620 9.4494 35.0000 128.0000 93.0000
4 8 55909 54789.5 Left-Cerebellum-Cortex 69.4567 15.6067 0.0000 115.0000 115.0000
5 10 7649 7310.3 Left-Thalamus 87.6637 11.6489 33.0000 114.0000 81.0000
6 11 3000 2952.1 Left-Caudate 74.0330 9.6886 39.0000 103.0000 64.0000
7 12 4297 4288.2 Left-Putamen 86.5145 7.2826 47.0000 106.0000 59.0000
8 13 1894 1876.5 Left-Pallidum 105.1938 6.2652 65.0000 129.0000 64.0000
9 14 658 728.4 3rd-Ventricle 28.7462 16.2000 0.0000 68.0000 68.0000
10 15 1185 1335.2 4th-Ventricle 27.5848 15.4579 0.0000 71.0000 71.0000
11 16 20050 19881.0 Brain-Stem 97.2405 12.9662 10.0000 137.0000 127.0000
12 17 4264 4064.8 Left-Hippocampus 68.9285 11.5572 5.0000 105.0000 100.0000
13 18 1723 1706.7 Left-Amygdala 72.9797 9.0873 38.0000 107.0000 69.0000
14 24 1101 1143.7 CSF 38.4896 16.5566 0.0000 89.0000 89.0000
15 26 484 495.8 Left-Accumbens-area 75.4174 5.7198 36.0000 87.0000 51.0000
16 28 3921 3739.0 Left-VentralDC 97.3800 15.8641 30.0000 129.0000 99.0000
17 30 0 0.0 Left-vessel 0.0000 0.0000 0.0000 0.0000 0.0000
18 31 554 536.5 Left-choroid-plexus 37.6859 15.8350 0.0000 75.0000 75.0000
19 43 7528 7817.1 Right-Lateral-Ventricle 13.0606 14.2422 0.0000 80.0000 80.0000
20 44 104 171.2 Right-Inf-Lat-Vent 37.1538 11.2766 4.0000 62.0000 58.0000
21 46 13731 14255.2 Right-Cerebellum-White-Matter 102.8723 8.5643 41.0000 127.0000 86.0000
22 47 58600 57400.0 Right-Cerebellum-Cortex 70.6256 14.9985 0.0000 114.0000 114.0000
23 49 7403 7030.9 Right-Thalamus 86.2533 11.2971 32.0000 113.0000 81.0000
24 50 3206 3131.2 Right-Caudate 72.4676 9.9759 31.0000 99.0000 68.0000
25 51 4454 4375.1 Right-Putamen 83.4178 8.3296 24.0000 107.0000 83.0000
26 52 2017 1984.5 Right-Pallidum 102.0992 7.4853 23.0000 120.0000 97.0000
27 53 4045 3945.5 Right-Hippocampus 69.6754 9.7904 24.0000 100.0000 76.0000
28 54 1978 1986.9 Right-Amygdala 69.6011 9.0356 11.0000 99.0000 88.0000
29 58 602 591.1 Right-Accumbens-area 72.5365 6.3733 42.0000 90.0000 48.0000
30 60 3860 3637.2 Right-VentralDC 95.3231 16.3361 13.0000 130.0000 117.0000
31 62 0 0.0 Right-vessel 0.0000 0.0000 0.0000 0.0000 0.0000
32 63 653 588.8 Right-choroid-plexus 37.6799 15.0688 0.0000 72.0000 72.0000
33 72 0 0.0 5th-Ventricle 0.0000 0.0000 0.0000 0.0000 0.0000
34 77 959 859.1 WM-hypointensities 59.2440 12.7435 25.0000 91.0000 66.0000
35 78 0 0.0 Left-WM-hypointensities 0.0000 0.0000 0.0000 0.0000 0.0000
36 79 0 0.0 Right-WM-hypointensities 0.0000 0.0000 0.0000 0.0000 0.0000
37 80 0 0.0 non-WM-hypointensities 0.0000 0.0000 0.0000 0.0000 0.0000
38 81 0 0.0 Left-non-WM-hypointensities 0.0000 0.0000 0.0000 0.0000 0.0000
39 82 0 0.0 Right-non-WM-hypointensities 0.0000 0.0000 0.0000 0.0000 0.0000
40 85 0 0.0 Optic-Chiasm 0.0000 0.0000 0.0000 0.0000 0.0000
41 251 1179 1092.9 CC_Posterior 98.9398 19.9018 9.0000 120.0000 111.0000
42 252 694 607.1 CC_Mid_Posterior 89.5418 21.7150 14.0000 119.0000 105.0000
43 253 828 755.8 CC_Central 89.8587 20.7446 29.0000 119.0000 90.0000
44 254 539 492.5 CC_Mid_Anterior 94.0594 19.5353 22.0000 118.0000 96.0000
45 255 1206 1156.7 CC_Anterior 94.4080 19.6282 40.0000 120.0000 80.0000
