Index SegId NVoxels Volume_mm3 StructName normMean normStdDev normMin normMax normRange
1 4 8491 8815.8 Left-Lateral-Ventricle 12.8165 13.8179 0.0000 66.0000 66.0000
2 5 268 341.8 Left-Inf-Lat-Vent 35.4216 14.0749 3.0000 65.0000 62.0000
3 7 14387 14990.3 Left-Cerebellum-White-Matter 103.9352 9.5742 32.0000 132.0000 100.0000
4 8 57389 56059.5 Left-Cerebellum-Cortex 70.6778 16.1341 0.0000 118.0000 118.0000
5 10 7800 7432.0 Left-Thalamus 88.1864 12.0925 33.0000 116.0000 83.0000
6 11 2986 2900.0 Left-Caudate 74.3289 10.1846 39.0000 100.0000 61.0000
7 12 4308 4260.6 Left-Putamen 87.3324 6.9821 41.0000 108.0000 67.0000
8 13 1869 1850.9 Left-Pallidum 104.7266 6.2130 60.0000 126.0000 66.0000
9 14 707 787.8 3rd-Ventricle 31.5446 15.8555 0.0000 76.0000 76.0000
10 15 1243 1379.9 4th-Ventricle 27.8302 16.5947 0.0000 75.0000 75.0000
11 16 20685 20330.7 Brain-Stem 98.3013 14.1310 13.0000 128.0000 115.0000
12 17 4350 4150.7 Left-Hippocampus 70.1032 11.5721 8.0000 102.0000 94.0000
13 18 1677 1678.4 Left-Amygdala 72.6941 8.5787 35.0000 96.0000 61.0000
14 24 1182 1228.7 CSF 40.7953 15.7630 3.0000 89.0000 86.0000
15 26 487 508.2 Left-Accumbens-area 75.0308 6.1675 39.0000 90.0000 51.0000
16 28 4005 3797.4 Left-VentralDC 96.5678 15.9758 34.0000 125.0000 91.0000
17 30 0 0.0 Left-vessel 0.0000 0.0000 0.0000 0.0000 0.0000
18 31 528 498.0 Left-choroid-plexus 36.0417 17.2716 0.0000 79.0000 79.0000
19 43 7651 7928.0 Right-Lateral-Ventricle 13.0702 14.3561 0.0000 84.0000 84.0000
20 44 103 168.4 Right-Inf-Lat-Vent 38.4757 11.3473 4.0000 65.0000 61.0000
21 46 13641 14157.7 Right-Cerebellum-White-Matter 103.3993 9.0699 35.0000 125.0000 90.0000
22 47 59281 57959.7 Right-Cerebellum-Cortex 70.6951 15.7908 0.0000 117.0000 117.0000
23 49 7409 7009.1 Right-Thalamus 87.1446 11.9895 21.0000 114.0000 93.0000
24 50 3200 3122.4 Right-Caudate 71.4691 10.3952 31.0000 98.0000 67.0000
25 51 4466 4384.4 Right-Putamen 83.9922 8.4301 32.0000 107.0000 75.0000
26 52 1989 1954.0 Right-Pallidum 102.7974 7.2830 24.0000 120.0000 96.0000
27 53 4165 4054.1 Right-Hippocampus 70.0447 9.8578 15.0000 102.0000 87.0000
28 54 1947 1982.1 Right-Amygdala 70.3030 10.2185 0.0000 97.0000 97.0000
29 58 614 614.6 Right-Accumbens-area 72.0977 6.0644 42.0000 90.0000 48.0000
30 60 3933 3682.4 Right-VentralDC 95.0275 16.8709 19.0000 125.0000 106.0000
31 62 0 0.0 Right-vessel 0.0000 0.0000 0.0000 0.0000 0.0000
32 63 606 557.9 Right-choroid-plexus 37.3845 15.6818 2.0000 71.0000 69.0000
33 72 0 0.0 5th-Ventricle 0.0000 0.0000 0.0000 0.0000 0.0000
34 77 947 838.9 WM-hypointensities 58.0834 12.7376 24.0000 88.0000 64.0000
35 78 0 0.0 Left-WM-hypointensities 0.0000 0.0000 0.0000 0.0000 0.0000
36 79 0 0.0 Right-WM-hypointensities 0.0000 0.0000 0.0000 0.0000 0.0000
37 80 0 0.0 non-WM-hypointensities 0.0000 0.0000 0.0000 0.0000 0.0000
38 81 0 0.0 Left-non-WM-hypointensities 0.0000 0.0000 0.0000 0.0000 0.0000
39 82 0 0.0 Right-non-WM-hypointensities 0.0000 0.0000 0.0000 0.0000 0.0000
40 85 0 0.0 Optic-Chiasm 0.0000 0.0000 0.0000 0.0000 0.0000
41 251 1158 1063.0 CC_Posterior 99.4542 18.3772 0.0000 128.0000 128.0000
42 252 694 613.7 CC_Mid_Posterior 89.0130 21.0632 14.0000 118.0000 104.0000
43 253 865 786.8 CC_Central 87.5931 20.4740 30.0000 115.0000 85.0000
44 254 536 487.0 CC_Mid_Anterior 94.4328 17.5930 36.0000 115.0000 79.0000
45 255 1238 1167.4 CC_Anterior 92.8732 20.3370 33.0000 119.0000 86.0000
