Index SegId NVoxels Volume_mm3 StructName normMean normStdDev normMin normMax normRange
1 4 8244 8579.4 Left-Lateral-Ventricle 12.3359 13.7064 0.0000 63.0000 63.0000
2 5 281 353.5 Left-Inf-Lat-Vent 35.8932 13.6359 0.0000 70.0000 70.0000
3 7 14424 15122.7 Left-Cerebellum-White-Matter 102.3202 8.9142 27.0000 125.0000 98.0000
4 8 56390 55064.4 Left-Cerebellum-Cortex 69.3269 15.3200 0.0000 109.0000 109.0000
5 10 7685 7295.0 Left-Thalamus 87.8189 11.4510 37.0000 114.0000 77.0000
6 11 2918 2858.9 Left-Caudate 74.4325 9.7897 38.0000 101.0000 63.0000
7 12 4212 4211.7 Left-Putamen 87.1762 7.0199 43.0000 106.0000 63.0000
8 13 1900 1875.2 Left-Pallidum 104.6932 6.0884 56.0000 125.0000 69.0000
9 14 676 753.0 3rd-Ventricle 30.9645 15.6077 2.0000 73.0000 71.0000
10 15 1218 1373.5 4th-Ventricle 27.7808 15.2071 0.0000 76.0000 76.0000
11 16 19999 19783.0 Brain-Stem 97.7972 13.1465 17.0000 123.0000 106.0000
12 17 4289 4111.1 Left-Hippocampus 68.7160 10.9824 11.0000 113.0000 102.0000
13 18 1574 1565.2 Left-Amygdala 72.3037 9.5120 39.0000 112.0000 73.0000
14 24 1152 1205.8 CSF 41.2500 15.0034 6.0000 88.0000 82.0000
15 26 485 504.9 Left-Accumbens-area 73.9113 5.3473 41.0000 85.0000 44.0000
16 28 3962 3763.3 Left-VentralDC 95.6595 15.5202 30.0000 126.0000 96.0000
17 30 0 0.0 Left-vessel 0.0000 0.0000 0.0000 0.0000 0.0000
18 31 507 480.8 Left-choroid-plexus 38.7377 16.4572 2.0000 73.0000 71.0000
19 43 7533 7830.6 Right-Lateral-Ventricle 13.0297 14.0977 0.0000 77.0000 77.0000
20 44 101 163.8 Right-Inf-Lat-Vent 39.4257 11.9309 5.0000 66.0000 61.0000
21 46 13815 14426.4 Right-Cerebellum-White-Matter 103.4876 8.8894 37.0000 128.0000 91.0000
22 47 57940 56823.5 Right-Cerebellum-Cortex 71.2047 15.0963 0.0000 113.0000 113.0000
23 49 7304 6899.0 Right-Thalamus 86.7458 11.2021 29.0000 110.0000 81.0000
24 50 3163 3104.4 Right-Caudate 72.2785 10.1968 31.0000 97.0000 66.0000
25 51 4421 4399.4 Right-Putamen 84.1617 7.9046 27.0000 105.0000 78.0000
26 52 1982 1949.9 Right-Pallidum 102.3607 6.3398 25.0000 118.0000 93.0000
27 53 4087 3979.0 Right-Hippocampus 69.8246 9.7140 27.0000 106.0000 79.0000
28 54 1920 1899.9 Right-Amygdala 69.9198 9.5493 23.0000 104.0000 81.0000
29 58 627 625.7 Right-Accumbens-area 72.3078 5.4368 47.0000 86.0000 39.0000
30 60 3914 3684.2 Right-VentralDC 94.6610 16.4160 15.0000 128.0000 113.0000
31 62 0 0.0 Right-vessel 0.0000 0.0000 0.0000 0.0000 0.0000
32 63 613 556.0 Right-choroid-plexus 38.7113 15.2251 2.0000 73.0000 71.0000
33 72 0 0.0 5th-Ventricle 0.0000 0.0000 0.0000 0.0000 0.0000
34 77 1007 904.5 WM-hypointensities 59.4340 12.6381 28.0000 90.0000 62.0000
35 78 0 0.0 Left-WM-hypointensities 0.0000 0.0000 0.0000 0.0000 0.0000
36 79 0 0.0 Right-WM-hypointensities 0.0000 0.0000 0.0000 0.0000 0.0000
37 80 0 0.0 non-WM-hypointensities 0.0000 0.0000 0.0000 0.0000 0.0000
38 81 0 0.0 Left-non-WM-hypointensities 0.0000 0.0000 0.0000 0.0000 0.0000
39 82 0 0.0 Right-non-WM-hypointensities 0.0000 0.0000 0.0000 0.0000 0.0000
40 85 0 0.0 Optic-Chiasm 0.0000 0.0000 0.0000 0.0000 0.0000
41 251 1190 1096.6 CC_Posterior 98.4664 19.2804 14.0000 118.0000 104.0000
42 252 653 577.3 CC_Mid_Posterior 89.1930 20.6833 24.0000 117.0000 93.0000
43 253 615 554.0 CC_Central 88.3772 21.3972 23.0000 114.0000 91.0000
44 254 545 505.2 CC_Mid_Anterior 94.6165 19.3149 30.0000 115.0000 85.0000
45 255 1121 1063.2 CC_Anterior 96.7101 19.1577 33.0000 121.0000 88.0000
