Index SegId NVoxels Volume_mm3 StructName normMean normStdDev normMin normMax normRange
1 4 8371 8700.1 Left-Lateral-Ventricle 12.7975 13.7395 0.0000 66.0000 66.0000
2 5 289 368.3 Left-Inf-Lat-Vent 33.9827 14.7797 0.0000 73.0000 73.0000
3 7 14297 14974.6 Left-Cerebellum-White-Matter 102.8621 9.1083 30.0000 127.0000 97.0000
4 8 56551 55268.0 Left-Cerebellum-Cortex 69.3237 15.4449 0.0000 116.0000 116.0000
5 10 7666 7313.1 Left-Thalamus 88.0227 11.3918 36.0000 114.0000 78.0000
6 11 2919 2860.6 Left-Caudate 73.8191 10.2106 39.0000 104.0000 65.0000
7 12 4251 4224.1 Left-Putamen 87.5171 7.3431 39.0000 108.0000 69.0000
8 13 1873 1876.2 Left-Pallidum 104.1997 6.1534 67.0000 127.0000 60.0000
9 14 701 769.6 3rd-Ventricle 32.2539 15.9561 2.0000 77.0000 75.0000
10 15 1262 1391.7 4th-Ventricle 28.2861 16.5869 0.0000 80.0000 80.0000
11 16 20095 19920.5 Brain-Stem 99.0032 13.2626 14.0000 130.0000 116.0000
12 17 4280 4097.7 Left-Hippocampus 69.3023 10.8149 15.0000 102.0000 87.0000
13 18 1653 1651.6 Left-Amygdala 72.6479 8.7587 39.0000 103.0000 64.0000
14 24 1173 1208.4 CSF 39.9974 15.7457 3.0000 84.0000 81.0000
15 26 502 527.5 Left-Accumbens-area 73.4064 5.0902 39.0000 84.0000 45.0000
16 28 3930 3755.2 Left-VentralDC 95.8901 15.2156 31.0000 123.0000 92.0000
17 30 0 0.0 Left-vessel 0.0000 0.0000 0.0000 0.0000 0.0000
18 31 543 521.8 Left-choroid-plexus 39.4162 16.2518 3.0000 79.0000 76.0000
19 43 7611 7917.4 Right-Lateral-Ventricle 13.0037 14.1949 0.0000 81.0000 81.0000
20 44 108 175.7 Right-Inf-Lat-Vent 37.7222 11.5304 10.0000 71.0000 61.0000
21 46 13616 14177.0 Right-Cerebellum-White-Matter 102.1962 8.1814 41.0000 125.0000 84.0000
22 47 58491 57306.2 Right-Cerebellum-Cortex 70.4549 15.0817 0.0000 119.0000 119.0000
23 49 7312 6918.8 Right-Thalamus 86.6213 11.1453 21.0000 112.0000 91.0000
24 50 3122 3062.5 Right-Caudate 71.9641 10.2130 35.0000 98.0000 63.0000
25 51 4360 4323.1 Right-Putamen 84.6661 8.1721 16.0000 104.0000 88.0000
26 52 2038 2003.3 Right-Pallidum 102.2130 6.7381 30.0000 118.0000 88.0000
27 53 4045 3965.5 Right-Hippocampus 69.5580 9.6898 17.0000 102.0000 85.0000
28 54 1899 1916.5 Right-Amygdala 69.7688 10.1886 4.0000 96.0000 92.0000
29 58 616 621.8 Right-Accumbens-area 71.7857 4.9646 44.0000 84.0000 40.0000
30 60 3843 3601.2 Right-VentralDC 94.3914 16.1433 14.0000 128.0000 114.0000
31 62 0 0.0 Right-vessel 0.0000 0.0000 0.0000 0.0000 0.0000
32 63 632 575.1 Right-choroid-plexus 39.6361 14.7823 3.0000 72.0000 69.0000
33 72 0 0.0 5th-Ventricle 0.0000 0.0000 0.0000 0.0000 0.0000
34 77 997 883.0 WM-hypointensities 59.3480 12.4223 29.0000 91.0000 62.0000
35 78 0 0.0 Left-WM-hypointensities 0.0000 0.0000 0.0000 0.0000 0.0000
36 79 0 0.0 Right-WM-hypointensities 0.0000 0.0000 0.0000 0.0000 0.0000
37 80 0 0.0 non-WM-hypointensities 0.0000 0.0000 0.0000 0.0000 0.0000
38 81 0 0.0 Left-non-WM-hypointensities 0.0000 0.0000 0.0000 0.0000 0.0000
39 82 0 0.0 Right-non-WM-hypointensities 0.0000 0.0000 0.0000 0.0000 0.0000
40 85 0 0.0 Optic-Chiasm 0.0000 0.0000 0.0000 0.0000 0.0000
41 251 1170 1074.2 CC_Posterior 99.2838 18.9406 3.0000 119.0000 116.0000
42 252 690 598.6 CC_Mid_Posterior 88.7507 21.6039 22.0000 118.0000 96.0000
43 253 453 394.4 CC_Central 90.7130 21.1992 34.0000 115.0000 81.0000
44 254 541 483.5 CC_Mid_Anterior 94.9316 18.8179 40.0000 116.0000 76.0000
45 255 1058 993.2 CC_Anterior 97.0567 17.5471 24.0000 121.0000 97.0000
