Index SegId NVoxels Volume_mm3 StructName normMean normStdDev normMin normMax normRange
1 4 8289 8513.7 Left-Lateral-Ventricle 13.7200 14.0340 0.0000 68.0000 68.0000
2 5 343 389.3 Left-Inf-Lat-Vent 35.5977 16.9313 0.0000 76.0000 76.0000
3 7 14281 14850.7 Left-Cerebellum-White-Matter 103.4328 9.2351 29.0000 130.0000 101.0000
4 8 54347 53484.9 Left-Cerebellum-Cortex 69.5733 15.5331 0.0000 126.0000 126.0000
5 10 7693 7355.4 Left-Thalamus 86.3468 11.0152 32.0000 114.0000 82.0000
6 11 3021 2944.2 Left-Caudate 73.4022 9.4035 39.0000 103.0000 64.0000
7 12 4382 4303.5 Left-Putamen 85.3791 7.0590 34.0000 108.0000 74.0000
8 13 1815 1786.7 Left-Pallidum 101.8545 5.8839 68.0000 126.0000 58.0000
9 14 650 703.0 3rd-Ventricle 29.9492 16.8238 0.0000 74.0000 74.0000
10 15 1351 1444.6 4th-Ventricle 26.3427 17.0123 0.0000 76.0000 76.0000
11 16 20269 20276.4 Brain-Stem 97.9843 12.4111 20.0000 132.0000 112.0000
12 17 4167 4004.7 Left-Hippocampus 69.0850 10.5207 0.0000 102.0000 102.0000
13 18 1722 1696.2 Left-Amygdala 72.1736 9.2080 27.0000 96.0000 69.0000
14 24 1059 1080.3 CSF 39.4023 16.1496 0.0000 87.0000 87.0000
15 26 542 546.7 Left-Accumbens-area 73.7749 7.0147 41.0000 89.0000 48.0000
16 28 3871 3757.8 Left-VentralDC 97.4058 13.9663 41.0000 144.0000 103.0000
17 30 0 0.0 Left-vessel 0.0000 0.0000 0.0000 0.0000 0.0000
18 31 562 517.4 Left-choroid-plexus 43.7829 15.2695 2.0000 81.0000 79.0000
19 43 7511 7704.8 Right-Lateral-Ventricle 13.9193 14.2435 0.0000 83.0000 83.0000
20 44 168 227.5 Right-Inf-Lat-Vent 38.1964 15.0867 0.0000 71.0000 71.0000
21 46 13521 13931.5 Right-Cerebellum-White-Matter 102.5679 8.5595 43.0000 126.0000 83.0000
22 47 54598 53863.8 Right-Cerebellum-Cortex 69.5163 15.5714 0.0000 119.0000 119.0000
23 49 7310 7011.8 Right-Thalamus 86.3848 10.5161 26.0000 112.0000 86.0000
24 50 3201 3139.8 Right-Caudate 72.7432 9.5726 36.0000 98.0000 62.0000
25 51 4575 4484.3 Right-Putamen 82.8448 7.3023 35.0000 105.0000 70.0000
26 52 1900 1865.1 Right-Pallidum 100.5784 7.4327 13.0000 127.0000 114.0000
27 53 3942 3845.9 Right-Hippocampus 69.0507 9.7387 9.0000 98.0000 89.0000
28 54 1925 1944.0 Right-Amygdala 71.2234 9.6955 10.0000 104.0000 94.0000
29 58 638 628.5 Right-Accumbens-area 75.1708 6.5543 46.0000 95.0000 49.0000
30 60 3973 3774.3 Right-VentralDC 95.8973 14.2856 29.0000 129.0000 100.0000
31 62 0 0.0 Right-vessel 0.0000 0.0000 0.0000 0.0000 0.0000
32 63 660 591.9 Right-choroid-plexus 42.4212 14.2743 4.0000 75.0000 71.0000
33 72 0 0.0 5th-Ventricle 0.0000 0.0000 0.0000 0.0000 0.0000
34 77 957 932.8 WM-hypointensities 63.9415 11.5248 34.0000 91.0000 57.0000
35 78 0 0.0 Left-WM-hypointensities 0.0000 0.0000 0.0000 0.0000 0.0000
36 79 0 0.0 Right-WM-hypointensities 0.0000 0.0000 0.0000 0.0000 0.0000
37 80 0 0.0 non-WM-hypointensities 0.0000 0.0000 0.0000 0.0000 0.0000
38 81 0 0.0 Left-non-WM-hypointensities 0.0000 0.0000 0.0000 0.0000 0.0000
39 82 0 0.0 Right-non-WM-hypointensities 0.0000 0.0000 0.0000 0.0000 0.0000
40 85 0 0.0 Optic-Chiasm 0.0000 0.0000 0.0000 0.0000 0.0000
41 251 1146 1073.5 CC_Posterior 98.9747 16.7784 0.0000 121.0000 121.0000
42 252 597 535.2 CC_Mid_Posterior 91.2613 19.7155 5.0000 119.0000 114.0000
43 253 586 528.0 CC_Central 90.0358 20.7312 21.0000 117.0000 96.0000
44 254 551 499.0 CC_Mid_Anterior 93.6987 18.0541 37.0000 116.0000 79.0000
45 255 1107 1062.2 CC_Anterior 94.7191 18.1874 30.0000 123.0000 93.0000
