Index SegId NVoxels Volume_mm3 StructName normMean normStdDev normMin normMax normRange
1 4 8464 8580.0 Left-Lateral-Ventricle 12.2630 13.4883 0.0000 68.0000 68.0000
2 5 426 453.3 Left-Inf-Lat-Vent 35.3357 17.4243 0.0000 80.0000 80.0000
3 7 13644 14312.9 Left-Cerebellum-White-Matter 107.9629 10.5680 45.0000 153.0000 108.0000
4 8 53912 54112.0 Left-Cerebellum-Cortex 73.2536 16.7860 0.0000 132.0000 132.0000
5 10 7298 7089.9 Left-Thalamus 82.2661 10.0459 38.0000 114.0000 76.0000
6 11 3187 3149.0 Left-Caudate 67.5535 8.4892 37.0000 94.0000 57.0000
7 12 4597 4518.5 Left-Putamen 75.1771 8.2398 17.0000 102.0000 85.0000
8 13 1738 1707.5 Left-Pallidum 94.7992 6.9520 51.0000 116.0000 65.0000
9 14 650 639.4 3rd-Ventricle 24.7277 19.1198 0.0000 72.0000 72.0000
10 15 1269 1342.8 4th-Ventricle 23.4838 16.4040 0.0000 77.0000 77.0000
11 16 19165 19517.9 Brain-Stem 98.3399 11.4103 21.0000 146.0000 125.0000
12 17 4076 3922.3 Left-Hippocampus 65.3849 11.5109 19.0000 102.0000 83.0000
13 18 1487 1464.4 Left-Amygdala 66.7781 10.4791 25.0000 113.0000 88.0000
14 24 997 1003.6 CSF 33.9308 17.2916 0.0000 89.0000 89.0000
15 26 561 540.3 Left-Accumbens-area 69.6952 7.1217 27.0000 90.0000 63.0000
16 28 3681 3623.7 Left-VentralDC 98.5602 13.8979 37.0000 141.0000 104.0000
17 30 0 0.0 Left-vessel 0.0000 0.0000 0.0000 0.0000 0.0000
18 31 695 633.3 Left-choroid-plexus 45.9525 12.4803 14.0000 79.0000 65.0000
19 43 7692 7792.5 Right-Lateral-Ventricle 13.0394 13.8789 0.0000 83.0000 83.0000
20 44 247 297.8 Right-Inf-Lat-Vent 38.0121 15.1020 1.0000 85.0000 84.0000
21 46 12857 13402.5 Right-Cerebellum-White-Matter 107.2530 10.7260 47.0000 145.0000 98.0000
22 47 54687 54973.9 Right-Cerebellum-Cortex 76.0153 15.7229 0.0000 139.0000 139.0000
23 49 6963 6688.3 Right-Thalamus 82.0167 10.6134 31.0000 113.0000 82.0000
24 50 3432 3378.7 Right-Caudate 65.0775 9.2153 35.0000 94.0000 59.0000
25 51 4417 4301.5 Right-Putamen 77.6586 8.3609 27.0000 100.0000 73.0000
26 52 1808 1780.2 Right-Pallidum 99.8684 7.6572 19.0000 120.0000 101.0000
27 53 3806 3694.4 Right-Hippocampus 68.4141 10.6115 21.0000 105.0000 84.0000
28 54 1763 1786.7 Right-Amygdala 72.0664 10.6209 22.0000 108.0000 86.0000
29 58 667 629.2 Right-Accumbens-area 70.2579 8.3237 35.0000 97.0000 62.0000
30 60 3668 3590.5 Right-VentralDC 98.2983 13.9216 27.0000 140.0000 113.0000
31 62 0 0.0 Right-vessel 0.0000 0.0000 0.0000 0.0000 0.0000
32 63 871 783.9 Right-choroid-plexus 47.5878 12.9802 13.0000 88.0000 75.0000
33 72 0 0.0 5th-Ventricle 0.0000 0.0000 0.0000 0.0000 0.0000
34 77 1874 1977.1 WM-hypointensities 70.1617 11.3241 36.0000 97.0000 61.0000
35 78 0 0.0 Left-WM-hypointensities 0.0000 0.0000 0.0000 0.0000 0.0000
36 79 0 0.0 Right-WM-hypointensities 0.0000 0.0000 0.0000 0.0000 0.0000
37 80 0 0.0 non-WM-hypointensities 0.0000 0.0000 0.0000 0.0000 0.0000
38 81 0 0.0 Left-non-WM-hypointensities 0.0000 0.0000 0.0000 0.0000 0.0000
39 82 0 0.0 Right-non-WM-hypointensities 0.0000 0.0000 0.0000 0.0000 0.0000
40 85 0 0.0 Optic-Chiasm 0.0000 0.0000 0.0000 0.0000 0.0000
41 251 1119 1171.6 CC_Posterior 118.6130 18.4064 2.0000 149.0000 147.0000
42 252 670 613.2 CC_Mid_Posterior 103.9239 24.4203 7.0000 146.0000 139.0000
43 253 818 755.9 CC_Central 100.2237 24.5917 12.0000 145.0000 133.0000
44 254 814 766.8 CC_Mid_Anterior 103.6695 27.0127 30.0000 153.0000 123.0000
45 255 941 986.2 CC_Anterior 126.7960 21.3902 41.0000 165.0000 124.0000
