Index SegId NVoxels Volume_mm3 StructName normMean normStdDev normMin normMax normRange
1 4 8229 8531.1 Left-Lateral-Ventricle 12.6911 13.7320 0.0000 65.0000 65.0000
2 5 261 325.6 Left-Inf-Lat-Vent 36.3487 14.6609 2.0000 66.0000 64.0000
3 7 14500 15138.5 Left-Cerebellum-White-Matter 102.4776 9.3514 36.0000 130.0000 94.0000
4 8 56804 55544.8 Left-Cerebellum-Cortex 69.2618 15.4306 0.0000 114.0000 114.0000
5 10 7706 7321.1 Left-Thalamus 87.6543 11.7031 31.0000 120.0000 89.0000
6 11 2922 2887.3 Left-Caudate 73.5773 9.6880 37.0000 102.0000 65.0000
7 12 4233 4237.3 Left-Putamen 86.3262 7.1392 45.0000 106.0000 61.0000
8 13 1912 1893.8 Left-Pallidum 103.5941 6.1504 62.0000 126.0000 64.0000
9 14 675 763.5 3rd-Ventricle 32.0770 15.1657 0.0000 83.0000 83.0000
10 15 1198 1357.6 4th-Ventricle 29.2003 15.3540 0.0000 72.0000 72.0000
11 16 20143 19882.9 Brain-Stem 98.4768 13.5446 15.0000 127.0000 112.0000
12 17 4301 4169.9 Left-Hippocampus 69.1716 10.6378 13.0000 97.0000 84.0000
13 18 1690 1706.1 Left-Amygdala 72.6911 8.8687 34.0000 97.0000 63.0000
14 24 1151 1196.1 CSF 41.0599 15.6781 0.0000 90.0000 90.0000
15 26 486 498.1 Left-Accumbens-area 72.7695 6.3155 35.0000 88.0000 53.0000
16 28 3978 3773.9 Left-VentralDC 95.6659 15.6853 32.0000 123.0000 91.0000
17 30 0 0.0 Left-vessel 0.0000 0.0000 0.0000 0.0000 0.0000
18 31 491 466.7 Left-choroid-plexus 38.2811 16.1739 2.0000 74.0000 72.0000
19 43 7495 7809.5 Right-Lateral-Ventricle 13.3580 14.2665 0.0000 74.0000 74.0000
20 44 110 183.5 Right-Inf-Lat-Vent 37.5727 12.4189 0.0000 66.0000 66.0000
21 46 14007 14563.0 Right-Cerebellum-White-Matter 102.2569 8.8440 39.0000 129.0000 90.0000
22 47 59316 58216.9 Right-Cerebellum-Cortex 70.1966 15.0315 0.0000 115.0000 115.0000
23 49 7325 6917.1 Right-Thalamus 86.9493 11.4145 26.0000 112.0000 86.0000
24 50 3177 3086.2 Right-Caudate 71.1750 10.3281 31.0000 102.0000 71.0000
25 51 4372 4361.6 Right-Putamen 83.8934 7.9353 26.0000 104.0000 78.0000
26 52 2037 2001.1 Right-Pallidum 102.4880 6.7057 26.0000 118.0000 92.0000
27 53 4058 3975.2 Right-Hippocampus 70.3445 9.7657 12.0000 108.0000 96.0000
28 54 1918 1940.1 Right-Amygdala 71.7367 8.8955 7.0000 95.0000 88.0000
29 58 603 612.5 Right-Accumbens-area 72.2255 5.6802 35.0000 87.0000 52.0000
30 60 3932 3709.8 Right-VentralDC 95.0005 16.7651 22.0000 130.0000 108.0000
31 62 0 0.0 Right-vessel 0.0000 0.0000 0.0000 0.0000 0.0000
32 63 621 572.9 Right-choroid-plexus 38.8696 14.9033 3.0000 73.0000 70.0000
33 72 0 0.0 5th-Ventricle 0.0000 0.0000 0.0000 0.0000 0.0000
34 77 919 800.8 WM-hypointensities 58.9891 12.3216 27.0000 86.0000 59.0000
35 78 0 0.0 Left-WM-hypointensities 0.0000 0.0000 0.0000 0.0000 0.0000
36 79 0 0.0 Right-WM-hypointensities 0.0000 0.0000 0.0000 0.0000 0.0000
37 80 0 0.0 non-WM-hypointensities 0.0000 0.0000 0.0000 0.0000 0.0000
38 81 0 0.0 Left-non-WM-hypointensities 0.0000 0.0000 0.0000 0.0000 0.0000
39 82 0 0.0 Right-non-WM-hypointensities 0.0000 0.0000 0.0000 0.0000 0.0000
40 85 0 0.0 Optic-Chiasm 0.0000 0.0000 0.0000 0.0000 0.0000
41 251 1193 1097.0 CC_Posterior 98.1224 19.0817 6.0000 120.0000 114.0000
42 252 672 585.9 CC_Mid_Posterior 89.5179 22.5212 13.0000 120.0000 107.0000
43 253 740 658.6 CC_Central 87.6162 21.7360 22.0000 121.0000 99.0000
44 254 541 481.3 CC_Mid_Anterior 94.5915 18.8644 39.0000 116.0000 77.0000
45 255 1169 1077.6 CC_Anterior 93.8854 20.0925 32.0000 119.0000 87.0000
