Index SegId NVoxels Volume_mm3 StructName normMean normStdDev normMin normMax normRange
1 4 5210 5399.9 Left-Lateral-Ventricle 17.3142 16.6914 0.0000 75.0000 75.0000
2 5 540 551.4 Left-Inf-Lat-Vent 29.6389 18.9726 0.0000 81.0000 81.0000
3 7 17338 18005.3 Left-Cerebellum-White-Matter 106.3895 11.8543 45.0000 154.0000 109.0000
4 8 65894 65904.7 Left-Cerebellum-Cortex 73.2372 19.6967 0.0000 155.0000 155.0000
5 10 9740 9521.6 Left-Thalamus 87.2310 12.7101 35.0000 125.0000 90.0000
6 11 4000 3937.2 Left-Caudate 67.0658 9.0046 37.0000 99.0000 62.0000
7 12 6501 6433.2 Left-Putamen 80.1812 9.2229 28.0000 108.0000 80.0000
8 13 2581 2541.7 Left-Pallidum 101.9965 8.2614 46.0000 132.0000 86.0000
9 14 857 866.6 3rd-Ventricle 21.8973 18.4216 0.0000 77.0000 77.0000
10 15 2331 2431.9 4th-Ventricle 18.5212 14.7375 0.0000 85.0000 85.0000
11 16 27423 27928.1 Brain-Stem 98.2905 11.0819 27.0000 147.0000 120.0000
12 17 4286 4145.3 Left-Hippocampus 66.6640 13.3805 12.0000 112.0000 100.0000
13 18 1910 1932.1 Left-Amygdala 70.1639 10.3325 28.0000 102.0000 74.0000
14 24 993 980.9 CSF 31.1168 17.5780 0.0000 90.0000 90.0000
15 26 771 751.1 Left-Accumbens-area 70.1608 9.2317 40.0000 95.0000 55.0000
16 28 4876 4832.9 Left-VentralDC 101.0548 13.8764 40.0000 143.0000 103.0000
17 30 0 0.0 Left-vessel 0.0000 0.0000 0.0000 0.0000 0.0000
18 31 431 396.3 Left-choroid-plexus 49.7842 14.9592 5.0000 80.0000 75.0000
19 43 5489 5716.5 Right-Lateral-Ventricle 15.8402 15.8153 0.0000 77.0000 77.0000
20 44 368 394.0 Right-Inf-Lat-Vent 32.3641 17.2350 0.0000 80.0000 80.0000
21 46 17443 18151.6 Right-Cerebellum-White-Matter 108.6219 11.1731 40.0000 156.0000 116.0000
22 47 67488 67389.6 Right-Cerebellum-Cortex 75.8525 19.7292 0.0000 144.0000 144.0000
23 49 8979 8774.2 Right-Thalamus 84.8128 12.4828 30.0000 122.0000 92.0000
24 50 4226 4142.6 Right-Caudate 64.5114 9.1741 32.0000 97.0000 65.0000
25 51 6395 6334.0 Right-Putamen 79.7939 9.6849 12.0000 106.0000 94.0000
26 52 2446 2397.7 Right-Pallidum 101.3197 7.7333 57.0000 126.0000 69.0000
27 53 4438 4338.8 Right-Hippocampus 68.4419 12.8296 19.0000 125.0000 106.0000
28 54 2160 2190.3 Right-Amygdala 70.5495 10.0943 26.0000 106.0000 80.0000
29 58 818 767.3 Right-Accumbens-area 69.4181 10.0080 47.0000 96.0000 49.0000
30 60 4744 4662.1 Right-VentralDC 97.9484 14.2778 36.0000 146.0000 110.0000
31 62 0 0.0 Right-vessel 0.0000 0.0000 0.0000 0.0000 0.0000
32 63 632 560.3 Right-choroid-plexus 49.7848 14.6956 7.0000 87.0000 80.0000
33 72 0 0.0 5th-Ventricle 0.0000 0.0000 0.0000 0.0000 0.0000
34 77 2817 2876.8 WM-hypointensities 69.8850 15.0194 0.0000 109.0000 109.0000
35 78 0 0.0 Left-WM-hypointensities 0.0000 0.0000 0.0000 0.0000 0.0000
36 79 0 0.0 Right-WM-hypointensities 0.0000 0.0000 0.0000 0.0000 0.0000
37 80 0 0.0 non-WM-hypointensities 0.0000 0.0000 0.0000 0.0000 0.0000
38 81 0 0.0 Left-non-WM-hypointensities 0.0000 0.0000 0.0000 0.0000 0.0000
39 82 0 0.0 Right-non-WM-hypointensities 0.0000 0.0000 0.0000 0.0000 0.0000
40 85 0 0.0 Optic-Chiasm 0.0000 0.0000 0.0000 0.0000 0.0000
41 251 1229 1288.4 CC_Posterior 119.4996 14.1080 51.0000 147.0000 96.0000
42 252 790 772.0 CC_Mid_Posterior 110.3329 21.1605 9.0000 149.0000 140.0000
43 253 1249 1189.9 CC_Central 107.9768 21.1894 11.0000 156.0000 145.0000
44 254 1268 1187.8 CC_Mid_Anterior 101.6412 25.4824 20.0000 154.0000 134.0000
45 255 994 1101.9 CC_Anterior 131.2988 14.8168 76.0000 171.0000 95.0000
