Index SegId NVoxels Volume_mm3 StructName normMean normStdDev normMin normMax normRange
1 4 4619 5127.7 Left-Lateral-Ventricle 17.0866 15.4250 0.0000 72.0000 72.0000
2 5 326 405.9 Left-Inf-Lat-Vent 29.3926 17.9085 0.0000 71.0000 71.0000
3 7 18479 19242.5 Left-Cerebellum-White-Matter 103.0077 9.6469 29.0000 126.0000 97.0000
4 8 68213 66270.0 Left-Cerebellum-Cortex 68.1229 16.3116 0.0000 118.0000 118.0000
5 10 10218 9908.8 Left-Thalamus 92.2620 12.1589 30.0000 118.0000 88.0000
6 11 3835 3768.1 Left-Caudate 72.8329 9.7084 36.0000 103.0000 67.0000
7 12 6005 6036.9 Left-Putamen 88.5547 8.0465 26.0000 109.0000 83.0000
8 13 2525 2488.2 Left-Pallidum 104.6479 6.0928 64.0000 127.0000 63.0000
9 14 859 971.2 3rd-Ventricle 24.5448 16.4997 0.0000 69.0000 69.0000
10 15 2419 2614.3 4th-Ventricle 20.8805 15.4306 0.0000 77.0000 77.0000
11 16 29453 29248.6 Brain-Stem 99.8419 13.1407 13.0000 126.0000 113.0000
12 17 4710 4534.2 Left-Hippocampus 67.6983 11.0161 18.0000 106.0000 88.0000
13 18 2031 2042.1 Left-Amygdala 69.3895 8.6582 29.0000 93.0000 64.0000
14 24 1051 1082.4 CSF 38.3958 16.5247 0.0000 95.0000 95.0000
15 26 614 627.4 Left-Accumbens-area 71.5212 6.7068 42.0000 91.0000 49.0000
16 28 5399 5208.3 Left-VentralDC 98.4762 15.4968 22.0000 132.0000 110.0000
17 30 0 0.0 Left-vessel 0.0000 0.0000 0.0000 0.0000 0.0000
18 31 417 376.3 Left-choroid-plexus 35.4269 17.3066 0.0000 71.0000 71.0000
19 43 4859 5278.0 Right-Lateral-Ventricle 15.5604 15.6758 0.0000 69.0000 69.0000
20 44 251 325.8 Right-Inf-Lat-Vent 29.2948 15.0293 0.0000 69.0000 69.0000
21 46 18641 19299.4 Right-Cerebellum-White-Matter 104.8357 8.9997 32.0000 128.0000 96.0000
22 47 71951 70177.9 Right-Cerebellum-Cortex 69.6804 16.5524 0.0000 118.0000 118.0000
23 49 9634 9267.6 Right-Thalamus 90.9799 11.7785 18.0000 118.0000 100.0000
24 50 3969 3937.9 Right-Caudate 69.9627 9.5852 32.0000 95.0000 63.0000
25 51 6196 6236.7 Right-Putamen 85.0047 8.6221 32.0000 107.0000 75.0000
26 52 2527 2457.0 Right-Pallidum 102.3237 5.6839 71.0000 122.0000 51.0000
27 53 4860 4701.3 Right-Hippocampus 67.8521 10.4965 28.0000 107.0000 79.0000
28 54 2213 2234.1 Right-Amygdala 67.2946 9.1394 33.0000 95.0000 62.0000
29 58 729 720.5 Right-Accumbens-area 69.9040 7.0935 39.0000 86.0000 47.0000
30 60 5198 4941.6 Right-VentralDC 95.9252 17.6376 15.0000 127.0000 112.0000
31 62 0 0.0 Right-vessel 0.0000 0.0000 0.0000 0.0000 0.0000
32 63 490 453.8 Right-choroid-plexus 36.3429 16.3189 0.0000 70.0000 70.0000
33 72 0 0.0 5th-Ventricle 0.0000 0.0000 0.0000 0.0000 0.0000
34 77 1764 1714.7 WM-hypointensities 57.6689 14.5875 6.0000 87.0000 81.0000
35 78 0 0.0 Left-WM-hypointensities 0.0000 0.0000 0.0000 0.0000 0.0000
36 79 0 0.0 Right-WM-hypointensities 0.0000 0.0000 0.0000 0.0000 0.0000
37 80 0 0.0 non-WM-hypointensities 0.0000 0.0000 0.0000 0.0000 0.0000
38 81 0 0.0 Left-non-WM-hypointensities 0.0000 0.0000 0.0000 0.0000 0.0000
39 82 0 0.0 Right-non-WM-hypointensities 0.0000 0.0000 0.0000 0.0000 0.0000
40 85 0 0.0 Optic-Chiasm 0.0000 0.0000 0.0000 0.0000 0.0000
41 251 1268 1199.2 CC_Posterior 103.8289 15.7371 31.0000 123.0000 92.0000
42 252 779 719.8 CC_Mid_Posterior 101.4005 16.0635 23.0000 122.0000 99.0000
43 253 1303 1205.8 CC_Central 94.5119 19.1132 7.0000 122.0000 115.0000
44 254 1308 1172.4 CC_Mid_Anterior 84.0986 20.8854 31.0000 117.0000 86.0000
45 255 1016 994.3 CC_Anterior 102.4449 10.2594 42.0000 116.0000 74.0000
