Index SegId NVoxels Volume_mm3 StructName normMean normStdDev normMin normMax normRange
1 4 4410 4938.4 Left-Lateral-Ventricle 16.5256 15.1120 0.0000 76.0000 76.0000
2 5 295 371.7 Left-Inf-Lat-Vent 28.3966 17.6449 0.0000 70.0000 70.0000
3 7 19048 19841.9 Left-Cerebellum-White-Matter 102.2990 9.9510 26.0000 126.0000 100.0000
4 8 66916 64964.5 Left-Cerebellum-Cortex 65.0790 16.2426 0.0000 120.0000 120.0000
5 10 10005 9660.4 Left-Thalamus 90.7963 13.0435 28.0000 120.0000 92.0000
6 11 3783 3752.7 Left-Caudate 72.3598 9.3708 37.0000 102.0000 65.0000
7 12 5968 6023.8 Left-Putamen 88.1622 8.3154 19.0000 109.0000 90.0000
8 13 2595 2542.6 Left-Pallidum 106.3268 6.6800 60.0000 136.0000 76.0000
9 14 868 953.0 3rd-Ventricle 24.9240 17.5527 0.0000 68.0000 68.0000
10 15 2078 2305.8 4th-Ventricle 17.7940 14.1657 0.0000 68.0000 68.0000
11 16 28667 28445.0 Brain-Stem 98.0566 14.8031 10.0000 129.0000 119.0000
12 17 4548 4431.7 Left-Hippocampus 66.3487 10.8992 16.0000 102.0000 86.0000
13 18 1965 2022.2 Left-Amygdala 69.4117 8.8647 30.0000 93.0000 63.0000
14 24 1015 1061.7 CSF 34.0148 17.5134 0.0000 95.0000 95.0000
15 26 605 610.0 Left-Accumbens-area 72.2661 6.7023 42.0000 92.0000 50.0000
16 28 5205 5019.7 Left-VentralDC 97.6242 15.0998 26.0000 130.0000 104.0000
17 30 0 0.0 Left-vessel 0.0000 0.0000 0.0000 0.0000 0.0000
18 31 411 371.7 Left-choroid-plexus 34.3771 17.3203 0.0000 72.0000 72.0000
19 43 4736 5200.4 Right-Lateral-Ventricle 15.0241 14.9918 0.0000 63.0000 63.0000
20 44 229 295.5 Right-Inf-Lat-Vent 28.6943 14.6848 0.0000 59.0000 59.0000
21 46 18990 19775.7 Right-Cerebellum-White-Matter 104.3428 9.0455 27.0000 127.0000 100.0000
22 47 72130 70167.0 Right-Cerebellum-Cortex 68.6766 16.6394 0.0000 116.0000 116.0000
23 49 9479 9089.8 Right-Thalamus 89.0556 12.3238 24.0000 115.0000 91.0000
24 50 3904 3895.3 Right-Caudate 70.4188 9.3289 32.0000 96.0000 64.0000
25 51 6103 6170.5 Right-Putamen 84.8663 8.7119 29.0000 108.0000 79.0000
26 52 2556 2474.6 Right-Pallidum 103.7649 5.9542 72.0000 124.0000 52.0000
27 53 4796 4667.3 Right-Hippocampus 66.8960 10.2970 23.0000 102.0000 79.0000
28 54 2193 2262.2 Right-Amygdala 67.9781 8.7507 27.0000 97.0000 70.0000
29 58 711 696.8 Right-Accumbens-area 72.1871 6.9584 43.0000 91.0000 48.0000
30 60 5103 4831.9 Right-VentralDC 94.4015 17.3027 16.0000 133.0000 117.0000
31 62 0 0.0 Right-vessel 0.0000 0.0000 0.0000 0.0000 0.0000
32 63 510 468.7 Right-choroid-plexus 33.5078 16.5364 0.0000 70.0000 70.0000
33 72 0 0.0 5th-Ventricle 0.0000 0.0000 0.0000 0.0000 0.0000
34 77 2008 1946.5 WM-hypointensities 57.2520 15.2623 0.0000 92.0000 92.0000
35 78 0 0.0 Left-WM-hypointensities 0.0000 0.0000 0.0000 0.0000 0.0000
36 79 0 0.0 Right-WM-hypointensities 0.0000 0.0000 0.0000 0.0000 0.0000
37 80 0 0.0 non-WM-hypointensities 0.0000 0.0000 0.0000 0.0000 0.0000
38 81 0 0.0 Left-non-WM-hypointensities 0.0000 0.0000 0.0000 0.0000 0.0000
39 82 0 0.0 Right-non-WM-hypointensities 0.0000 0.0000 0.0000 0.0000 0.0000
40 85 0 0.0 Optic-Chiasm 0.0000 0.0000 0.0000 0.0000 0.0000
41 251 1250 1191.5 CC_Posterior 100.2816 13.5380 38.0000 117.0000 79.0000
42 252 785 733.1 CC_Mid_Posterior 101.2229 17.3433 15.0000 130.0000 115.0000
43 253 1293 1183.2 CC_Central 94.2305 19.5777 19.0000 126.0000 107.0000
44 254 1328 1192.0 CC_Mid_Anterior 84.8660 20.2236 25.0000 116.0000 91.0000
45 255 981 959.8 CC_Anterior 103.9011 9.7838 57.0000 117.0000 60.0000
