Index SegId NVoxels Volume_mm3 StructName normMean normStdDev normMin normMax normRange
1 4 4939 5332.2 Left-Lateral-Ventricle 19.8882 16.3403 0.0000 74.0000 74.0000
2 5 403 468.2 Left-Inf-Lat-Vent 30.0794 19.1821 0.0000 74.0000 74.0000
3 7 18050 18609.0 Left-Cerebellum-White-Matter 103.1715 9.6658 26.0000 132.0000 106.0000
4 8 66263 64669.6 Left-Cerebellum-Cortex 67.7264 17.1077 0.0000 117.0000 117.0000
5 10 10008 9766.4 Left-Thalamus 93.7204 11.1404 34.0000 122.0000 88.0000
6 11 3826 3788.7 Left-Caudate 74.5936 9.2794 40.0000 103.0000 63.0000
7 12 6190 6118.7 Left-Putamen 86.9406 8.6839 37.0000 107.0000 70.0000
8 13 2523 2491.6 Left-Pallidum 103.2675 6.3717 42.0000 131.0000 89.0000
9 14 880 959.9 3rd-Ventricle 27.1898 17.6077 0.0000 75.0000 75.0000
10 15 2481 2585.7 4th-Ventricle 22.1818 16.5032 0.0000 76.0000 76.0000
11 16 29289 29262.9 Brain-Stem 99.4219 12.5612 0.0000 138.0000 138.0000
12 17 4601 4429.7 Left-Hippocampus 67.1476 11.1704 21.0000 106.0000 85.0000
13 18 1978 2011.3 Left-Amygdala 70.6997 8.3453 36.0000 99.0000 63.0000
14 24 1050 1064.4 CSF 38.4105 17.4118 0.0000 103.0000 103.0000
15 26 637 645.5 Left-Accumbens-area 75.5181 7.1587 44.0000 96.0000 52.0000
16 28 5350 5182.5 Left-VentralDC 99.1897 13.4619 29.0000 139.0000 110.0000
17 30 0 0.0 Left-vessel 0.0000 0.0000 0.0000 0.0000 0.0000
18 31 423 362.8 Left-choroid-plexus 41.6903 17.2120 2.0000 77.0000 75.0000
19 43 5313 5617.6 Right-Lateral-Ventricle 17.7510 16.5570 0.0000 71.0000 71.0000
20 44 290 339.3 Right-Inf-Lat-Vent 31.6966 16.3558 0.0000 66.0000 66.0000
21 46 18068 18600.1 Right-Cerebellum-White-Matter 105.8456 9.5650 39.0000 137.0000 98.0000
22 47 67926 66564.2 Right-Cerebellum-Cortex 69.3025 17.3326 0.0000 124.0000 124.0000
23 49 9598 9301.5 Right-Thalamus 93.4787 11.4703 16.0000 123.0000 107.0000
24 50 3974 3949.0 Right-Caudate 72.9751 9.2183 36.0000 99.0000 63.0000
25 51 6127 6101.8 Right-Putamen 86.6746 8.6917 34.0000 108.0000 74.0000
26 52 2455 2375.0 Right-Pallidum 103.0574 5.8832 70.0000 125.0000 55.0000
27 53 4723 4554.5 Right-Hippocampus 69.6623 10.9815 30.0000 106.0000 76.0000
28 54 2126 2145.5 Right-Amygdala 72.0207 9.1471 37.0000 101.0000 64.0000
29 58 763 734.8 Right-Accumbens-area 75.0419 7.5586 42.0000 95.0000 53.0000
30 60 5206 4986.4 Right-VentralDC 99.1116 15.3763 16.0000 141.0000 125.0000
31 62 0 0.0 Right-vessel 0.0000 0.0000 0.0000 0.0000 0.0000
32 63 517 452.5 Right-choroid-plexus 41.2805 16.7235 2.0000 77.0000 75.0000
33 72 0 0.0 5th-Ventricle 0.0000 0.0000 0.0000 0.0000 0.0000
34 77 1483 1446.3 WM-hypointensities 62.6163 14.3894 0.0000 94.0000 94.0000
35 78 0 0.0 Left-WM-hypointensities 0.0000 0.0000 0.0000 0.0000 0.0000
36 79 0 0.0 Right-WM-hypointensities 0.0000 0.0000 0.0000 0.0000 0.0000
37 80 0 0.0 non-WM-hypointensities 0.0000 0.0000 0.0000 0.0000 0.0000
38 81 0 0.0 Left-non-WM-hypointensities 0.0000 0.0000 0.0000 0.0000 0.0000
39 82 0 0.0 Right-non-WM-hypointensities 0.0000 0.0000 0.0000 0.0000 0.0000
40 85 0 0.0 Optic-Chiasm 0.0000 0.0000 0.0000 0.0000 0.0000
41 251 1241 1216.4 CC_Posterior 105.3038 11.9272 40.0000 125.0000 85.0000
42 252 766 744.4 CC_Mid_Posterior 103.6449 14.8240 22.0000 130.0000 108.0000
43 253 1127 1047.4 CC_Central 96.0231 16.9737 25.0000 127.0000 102.0000
44 254 1193 1078.2 CC_Mid_Anterior 86.4820 19.3872 13.0000 118.0000 105.0000
45 255 983 952.7 CC_Anterior 100.8199 10.0942 11.0000 118.0000 107.0000
