Index SegId NVoxels Volume_mm3 StructName normMean normStdDev normMin normMax normRange
1 4 4465 5002.0 Left-Lateral-Ventricle 16.1348 15.0520 0.0000 74.0000 74.0000
2 5 295 359.8 Left-Inf-Lat-Vent 28.2000 18.4307 0.0000 65.0000 65.0000
3 7 18684 19460.0 Left-Cerebellum-White-Matter 101.4710 10.0195 16.0000 127.0000 111.0000
4 8 68715 66511.7 Left-Cerebellum-Cortex 66.0018 16.5481 0.0000 146.0000 146.0000
5 10 10349 10053.6 Left-Thalamus 92.7368 11.9295 24.0000 118.0000 94.0000
6 11 3744 3717.7 Left-Caudate 73.3419 9.4582 33.0000 105.0000 72.0000
7 12 5949 6019.7 Left-Putamen 88.4344 7.8383 30.0000 110.0000 80.0000
8 13 2555 2514.2 Left-Pallidum 104.7139 6.0166 64.0000 130.0000 66.0000
9 14 831 941.8 3rd-Ventricle 24.5752 16.9995 0.0000 70.0000 70.0000
10 15 2266 2524.7 4th-Ventricle 17.9916 14.6320 0.0000 68.0000 68.0000
11 16 29345 28960.3 Brain-Stem 98.7451 13.7868 7.0000 126.0000 119.0000
12 17 4746 4578.2 Left-Hippocampus 67.8578 11.3044 14.0000 103.0000 89.0000
13 18 2021 2066.1 Left-Amygdala 70.8610 8.8466 31.0000 98.0000 67.0000
14 24 1089 1118.6 CSF 38.2801 17.0207 0.0000 106.0000 106.0000
15 26 605 616.4 Left-Accumbens-area 72.9587 6.7301 43.0000 93.0000 50.0000
16 28 5394 5172.3 Left-VentralDC 98.1631 16.0609 24.0000 130.0000 106.0000
17 30 0 0.0 Left-vessel 0.0000 0.0000 0.0000 0.0000 0.0000
18 31 388 368.1 Left-choroid-plexus 31.1263 17.3483 0.0000 72.0000 72.0000
19 43 4676 5150.2 Right-Lateral-Ventricle 14.6118 15.2326 0.0000 65.0000 65.0000
20 44 220 292.0 Right-Inf-Lat-Vent 27.0455 15.2874 0.0000 61.0000 61.0000
21 46 18756 19456.1 Right-Cerebellum-White-Matter 102.9652 9.5620 30.0000 124.0000 94.0000
22 47 72810 70719.6 Right-Cerebellum-Cortex 67.6548 16.6090 0.0000 118.0000 118.0000
23 49 9628 9333.3 Right-Thalamus 91.6968 11.8542 22.0000 119.0000 97.0000
24 50 3881 3880.0 Right-Caudate 71.3200 9.6526 32.0000 97.0000 65.0000
25 51 6143 6196.9 Right-Putamen 85.8872 8.3816 34.0000 105.0000 71.0000
26 52 2531 2441.9 Right-Pallidum 103.4299 5.6581 67.0000 125.0000 58.0000
27 53 4902 4757.3 Right-Hippocampus 67.6220 10.7359 28.0000 106.0000 78.0000
28 54 2185 2216.4 Right-Amygdala 67.2590 9.4532 25.0000 93.0000 68.0000
29 58 704 704.3 Right-Accumbens-area 72.0213 6.4396 44.0000 90.0000 46.0000
30 60 5232 4906.1 Right-VentralDC 95.3998 18.5130 16.0000 131.0000 115.0000
31 62 0 0.0 Right-vessel 0.0000 0.0000 0.0000 0.0000 0.0000
32 63 464 428.1 Right-choroid-plexus 31.4246 17.6277 0.0000 69.0000 69.0000
33 72 0 0.0 5th-Ventricle 0.0000 0.0000 0.0000 0.0000 0.0000
34 77 1739 1702.4 WM-hypointensities 55.1880 14.8349 6.0000 87.0000 81.0000
35 78 0 0.0 Left-WM-hypointensities 0.0000 0.0000 0.0000 0.0000 0.0000
36 79 0 0.0 Right-WM-hypointensities 0.0000 0.0000 0.0000 0.0000 0.0000
37 80 0 0.0 non-WM-hypointensities 0.0000 0.0000 0.0000 0.0000 0.0000
38 81 0 0.0 Left-non-WM-hypointensities 0.0000 0.0000 0.0000 0.0000 0.0000
39 82 0 0.0 Right-non-WM-hypointensities 0.0000 0.0000 0.0000 0.0000 0.0000
40 85 0 0.0 Optic-Chiasm 0.0000 0.0000 0.0000 0.0000 0.0000
41 251 1267 1197.3 CC_Posterior 102.9597 16.4367 35.0000 125.0000 90.0000
42 252 793 726.5 CC_Mid_Posterior 103.3619 16.0581 34.0000 126.0000 92.0000
43 253 1277 1174.3 CC_Central 95.6703 19.9120 7.0000 128.0000 121.0000
44 254 1347 1195.8 CC_Mid_Anterior 84.5033 21.1752 27.0000 115.0000 88.0000
45 255 1059 1024.7 CC_Anterior 102.2710 10.8522 44.0000 116.0000 72.0000
