Index SegId NVoxels Volume_mm3 StructName normMean normStdDev normMin normMax normRange
1 4 4905 5320.0 Left-Lateral-Ventricle 20.2795 16.3365 0.0000 78.0000 78.0000
2 5 377 447.7 Left-Inf-Lat-Vent 32.4377 18.3235 0.0000 72.0000 72.0000
3 7 19147 19724.2 Left-Cerebellum-White-Matter 104.3565 10.0463 27.0000 129.0000 102.0000
4 8 65051 63098.2 Left-Cerebellum-Cortex 69.6223 17.6141 0.0000 119.0000 119.0000
5 10 10026 9705.6 Left-Thalamus 94.8774 11.3003 32.0000 120.0000 88.0000
6 11 3748 3691.4 Left-Caudate 76.3538 9.4627 38.0000 98.0000 60.0000
7 12 5879 5873.0 Left-Putamen 90.8706 7.0082 32.0000 116.0000 84.0000
8 13 2610 2538.1 Left-Pallidum 106.1782 5.4648 56.0000 123.0000 67.0000
9 14 911 988.5 3rd-Ventricle 28.8836 17.8345 0.0000 71.0000 71.0000
10 15 2587 2789.2 4th-Ventricle 26.1767 15.3540 1.0000 79.0000 78.0000
11 16 28994 28709.6 Brain-Stem 100.6046 12.8968 11.0000 125.0000 114.0000
12 17 4578 4396.0 Left-Hippocampus 71.2139 10.8826 21.0000 113.0000 92.0000
13 18 1883 1924.6 Left-Amygdala 73.2847 8.4453 40.0000 95.0000 55.0000
14 24 1014 1053.6 CSF 42.3225 15.8948 6.0000 96.0000 90.0000
15 26 594 618.3 Left-Accumbens-area 75.8030 5.3435 42.0000 89.0000 47.0000
16 28 5343 5206.8 Left-VentralDC 101.4041 13.8845 28.0000 128.0000 100.0000
17 30 0 0.0 Left-vessel 0.0000 0.0000 0.0000 0.0000 0.0000
18 31 423 375.2 Left-choroid-plexus 39.0993 16.8940 4.0000 77.0000 73.0000
19 43 5272 5649.9 Right-Lateral-Ventricle 16.5226 16.2451 0.0000 69.0000 69.0000
20 44 276 330.5 Right-Inf-Lat-Vent 30.8732 15.7684 0.0000 63.0000 63.0000
21 46 18899 19362.3 Right-Cerebellum-White-Matter 106.5829 9.9222 33.0000 133.0000 100.0000
22 47 66663 64933.4 Right-Cerebellum-Cortex 68.5992 18.7635 0.0000 125.0000 125.0000
23 49 9261 8908.4 Right-Thalamus 93.9521 11.0032 29.0000 116.0000 87.0000
24 50 3982 3928.7 Right-Caudate 73.3317 9.7374 38.0000 97.0000 59.0000
25 51 5989 5998.8 Right-Putamen 87.6946 7.5995 28.0000 105.0000 77.0000
26 52 2545 2447.3 Right-Pallidum 104.8613 4.7509 72.0000 124.0000 52.0000
27 53 4748 4596.7 Right-Hippocampus 69.3684 10.5398 26.0000 107.0000 81.0000
28 54 2078 2132.6 Right-Amygdala 71.8167 8.7506 37.0000 93.0000 56.0000
29 58 731 736.4 Right-Accumbens-area 74.9261 5.9454 42.0000 91.0000 49.0000
30 60 5292 5029.4 Right-VentralDC 98.7870 15.7551 24.0000 126.0000 102.0000
31 62 0 0.0 Right-vessel 0.0000 0.0000 0.0000 0.0000 0.0000
32 63 514 464.3 Right-choroid-plexus 40.3074 16.0463 0.0000 73.0000 73.0000
33 72 0 0.0 5th-Ventricle 0.0000 0.0000 0.0000 0.0000 0.0000
34 77 1455 1399.5 WM-hypointensities 61.0509 14.4604 0.0000 98.0000 98.0000
35 78 0 0.0 Left-WM-hypointensities 0.0000 0.0000 0.0000 0.0000 0.0000
36 79 0 0.0 Right-WM-hypointensities 0.0000 0.0000 0.0000 0.0000 0.0000
37 80 0 0.0 non-WM-hypointensities 0.0000 0.0000 0.0000 0.0000 0.0000
38 81 0 0.0 Left-non-WM-hypointensities 0.0000 0.0000 0.0000 0.0000 0.0000
39 82 0 0.0 Right-non-WM-hypointensities 0.0000 0.0000 0.0000 0.0000 0.0000
40 85 0 0.0 Optic-Chiasm 0.0000 0.0000 0.0000 0.0000 0.0000
41 251 1263 1183.7 CC_Posterior 101.4378 15.9190 29.0000 119.0000 90.0000
42 252 774 718.7 CC_Mid_Posterior 100.8127 15.0313 31.0000 120.0000 89.0000
43 253 1246 1169.5 CC_Central 95.9799 17.4710 17.0000 118.0000 101.0000
44 254 1259 1131.3 CC_Mid_Anterior 85.7617 18.7189 38.0000 110.0000 72.0000
45 255 1033 998.6 CC_Anterior 101.2914 10.3813 32.0000 116.0000 84.0000
