Index SegId NVoxels Volume_mm3 StructName normMean normStdDev normMin normMax normRange
1 4 12274 12563.4 Left-Lateral-Ventricle 16.0441 14.6526 0.0000 76.0000 76.0000
2 5 408 446.0 Left-Inf-Lat-Vent 28.9510 15.9680 0.0000 70.0000 70.0000
3 7 16613 17277.7 Left-Cerebellum-White-Matter 102.5303 8.4982 35.0000 124.0000 89.0000
4 8 65949 64968.0 Left-Cerebellum-Cortex 70.9375 15.6617 0.0000 114.0000 114.0000
5 10 8263 7892.3 Left-Thalamus 92.1630 11.6566 27.0000 117.0000 90.0000
6 11 3131 3031.5 Left-Caudate 77.6081 9.8009 41.0000 104.0000 63.0000
7 12 5546 5512.1 Left-Putamen 88.6127 5.7119 56.0000 105.0000 49.0000
8 13 2349 2317.5 Left-Pallidum 104.5475 5.4568 48.0000 126.0000 78.0000
9 14 1175 1232.2 3rd-Ventricle 28.2740 14.8269 5.0000 71.0000 66.0000
10 15 2216 2399.0 4th-Ventricle 28.4517 15.7599 0.0000 77.0000 77.0000
11 16 22180 21994.5 Brain-Stem 99.0543 12.8879 22.0000 125.0000 103.0000
12 17 4785 4592.6 Left-Hippocampus 71.6752 11.4144 10.0000 109.0000 99.0000
13 18 1960 2008.5 Left-Amygdala 75.1597 7.1176 42.0000 97.0000 55.0000
14 24 1789 1755.5 CSF 37.5433 17.0377 6.0000 96.0000 90.0000
15 26 511 524.7 Left-Accumbens-area 82.3249 5.7463 48.0000 93.0000 45.0000
16 28 4584 4391.8 Left-VentralDC 97.9372 14.3052 33.0000 130.0000 97.0000
17 30 0 0.0 Left-vessel 0.0000 0.0000 0.0000 0.0000 0.0000
18 31 837 766.7 Left-choroid-plexus 40.9916 13.7107 7.0000 74.0000 67.0000
19 43 15656 15786.9 Right-Lateral-Ventricle 11.4447 13.3419 0.0000 75.0000 75.0000
20 44 474 540.8 Right-Inf-Lat-Vent 30.5295 17.4458 0.0000 68.0000 68.0000
21 46 15538 16131.6 Right-Cerebellum-White-Matter 104.5440 8.2637 39.0000 127.0000 88.0000
22 47 67020 66259.9 Right-Cerebellum-Cortex 70.4607 16.4923 0.0000 116.0000 116.0000
23 49 7905 7499.2 Right-Thalamus 91.5194 11.8583 23.0000 115.0000 92.0000
24 50 3594 3511.0 Right-Caudate 74.1975 10.1796 35.0000 98.0000 63.0000
25 51 5669 5648.7 Right-Putamen 88.0268 5.8347 27.0000 106.0000 79.0000
26 52 2354 2319.7 Right-Pallidum 103.6551 4.9165 53.0000 125.0000 72.0000
27 53 5172 5067.4 Right-Hippocampus 71.5485 10.2577 17.0000 106.0000 89.0000
28 54 2157 2188.3 Right-Amygdala 74.5693 7.5857 41.0000 97.0000 56.0000
29 58 564 563.9 Right-Accumbens-area 81.5106 6.0014 49.0000 97.0000 48.0000
30 60 4398 4131.5 Right-VentralDC 97.4984 15.9002 19.0000 129.0000 110.0000
31 62 0 0.0 Right-vessel 0.0000 0.0000 0.0000 0.0000 0.0000
32 63 1262 1190.3 Right-choroid-plexus 37.1862 13.5309 0.0000 80.0000 80.0000
33 72 0 0.0 5th-Ventricle 0.0000 0.0000 0.0000 0.0000 0.0000
34 77 1209 1093.5 WM-hypointensities 64.2729 11.2190 36.0000 91.0000 55.0000
35 78 0 0.0 Left-WM-hypointensities 0.0000 0.0000 0.0000 0.0000 0.0000
36 79 0 0.0 Right-WM-hypointensities 0.0000 0.0000 0.0000 0.0000 0.0000
37 80 0 0.0 non-WM-hypointensities 0.0000 0.0000 0.0000 0.0000 0.0000
38 81 0 0.0 Left-non-WM-hypointensities 0.0000 0.0000 0.0000 0.0000 0.0000
39 82 0 0.0 Right-non-WM-hypointensities 0.0000 0.0000 0.0000 0.0000 0.0000
40 85 0 0.0 Optic-Chiasm 0.0000 0.0000 0.0000 0.0000 0.0000
41 251 1235 1180.3 CC_Posterior 102.2397 14.8242 38.0000 120.0000 82.0000
42 252 697 624.4 CC_Mid_Posterior 93.5610 20.8176 8.0000 120.0000 112.0000
43 253 1058 933.7 CC_Central 91.7873 19.6542 20.0000 120.0000 100.0000
44 254 998 921.1 CC_Mid_Anterior 88.9158 18.7765 39.0000 119.0000 80.0000
45 255 1256 1193.1 CC_Anterior 99.6194 14.5604 41.0000 118.0000 77.0000
