Index SegId NVoxels Volume_mm3 StructName normMean normStdDev normMin normMax normRange
1 4 12552 12667.8 Left-Lateral-Ventricle 12.8380 14.0061 0.0000 82.0000 82.0000
2 5 455 468.8 Left-Inf-Lat-Vent 29.3165 17.8923 0.0000 83.0000 83.0000
3 7 15769 16513.3 Left-Cerebellum-White-Matter 108.0252 11.0191 48.0000 139.0000 91.0000
4 8 62655 63022.3 Left-Cerebellum-Cortex 71.4197 16.3316 0.0000 128.0000 128.0000
5 10 7899 7631.3 Left-Thalamus 85.4660 11.1915 37.0000 114.0000 77.0000
6 11 3284 3206.8 Left-Caudate 69.2122 8.8530 39.0000 97.0000 58.0000
7 12 5912 5759.8 Left-Putamen 80.0426 7.0941 48.0000 108.0000 60.0000
8 13 2114 2086.1 Left-Pallidum 100.2654 5.6306 62.0000 121.0000 59.0000
9 14 1100 1093.4 3rd-Ventricle 21.7009 16.7664 0.0000 78.0000 78.0000
10 15 2013 2166.1 4th-Ventricle 23.5455 14.7096 0.0000 81.0000 81.0000
11 16 20748 21092.1 Brain-Stem 99.3622 11.0016 24.0000 138.0000 114.0000
12 17 4798 4639.5 Left-Hippocampus 67.5809 11.1979 7.0000 111.0000 104.0000
13 18 1775 1791.2 Left-Amygdala 70.9116 8.1517 44.0000 101.0000 57.0000
14 24 1771 1751.6 CSF 28.8871 17.6215 0.0000 94.0000 94.0000
15 26 668 636.5 Left-Accumbens-area 73.6422 7.2247 34.0000 94.0000 60.0000
16 28 4211 4160.3 Left-VentralDC 98.5775 13.9117 44.0000 137.0000 93.0000
17 30 0 0.0 Left-vessel 0.0000 0.0000 0.0000 0.0000 0.0000
18 31 981 908.9 Left-choroid-plexus 46.0846 12.8490 15.0000 82.0000 67.0000
19 43 16303 16406.5 Right-Lateral-Ventricle 12.5516 12.5692 0.0000 72.0000 72.0000
20 44 547 599.4 Right-Inf-Lat-Vent 31.8995 17.3820 0.0000 72.0000 72.0000
21 46 15103 15736.9 Right-Cerebellum-White-Matter 110.4099 9.6056 39.0000 139.0000 100.0000
22 47 65268 65688.6 Right-Cerebellum-Cortex 75.0755 16.0825 0.0000 132.0000 132.0000
23 49 7346 7064.0 Right-Thalamus 83.5204 10.8770 38.0000 111.0000 73.0000
24 50 3742 3623.6 Right-Caudate 64.5714 9.6361 31.0000 101.0000 70.0000
25 51 5843 5712.5 Right-Putamen 78.0450 8.3307 45.0000 102.0000 57.0000
26 52 2210 2172.6 Right-Pallidum 100.2543 6.4414 56.0000 125.0000 69.0000
27 53 4948 4885.9 Right-Hippocampus 68.6249 9.7390 9.0000 103.0000 94.0000
28 54 1924 1910.8 Right-Amygdala 69.6559 8.5962 38.0000 98.0000 60.0000
29 58 606 561.1 Right-Accumbens-area 71.6287 8.4423 42.0000 94.0000 52.0000
30 60 4142 4004.7 Right-VentralDC 96.0311 14.1933 38.0000 133.0000 95.0000
31 62 0 0.0 Right-vessel 0.0000 0.0000 0.0000 0.0000 0.0000
32 63 1148 1081.5 Right-choroid-plexus 42.2073 11.7274 18.0000 80.0000 62.0000
33 72 0 0.0 5th-Ventricle 0.0000 0.0000 0.0000 0.0000 0.0000
34 77 2527 2365.6 WM-hypointensities 69.2576 11.5246 36.0000 97.0000 61.0000
35 78 0 0.0 Left-WM-hypointensities 0.0000 0.0000 0.0000 0.0000 0.0000
36 79 0 0.0 Right-WM-hypointensities 0.0000 0.0000 0.0000 0.0000 0.0000
37 80 0 0.0 non-WM-hypointensities 0.0000 0.0000 0.0000 0.0000 0.0000
38 81 0 0.0 Left-non-WM-hypointensities 0.0000 0.0000 0.0000 0.0000 0.0000
39 82 0 0.0 Right-non-WM-hypointensities 0.0000 0.0000 0.0000 0.0000 0.0000
40 85 0 0.0 Optic-Chiasm 0.0000 0.0000 0.0000 0.0000 0.0000
41 251 1193 1254.9 CC_Posterior 119.8307 16.7330 51.0000 151.0000 100.0000
42 252 677 609.1 CC_Mid_Posterior 105.2245 29.4593 7.0000 145.0000 138.0000
43 253 1064 975.4 CC_Central 104.2086 26.1164 4.0000 146.0000 142.0000
44 254 1121 1065.9 CC_Mid_Anterior 105.4451 26.4024 24.0000 152.0000 128.0000
45 255 1300 1420.5 CC_Anterior 130.7254 23.4886 34.0000 177.0000 143.0000
