Index SegId NVoxels Volume_mm3 StructName normMean normStdDev normMin normMax normRange
1 4 12046 12453.0 Left-Lateral-Ventricle 13.9212 14.4891 0.0000 73.0000 73.0000
2 5 344 398.0 Left-Inf-Lat-Vent 28.1192 14.6944 0.0000 68.0000 68.0000
3 7 17172 17775.7 Left-Cerebellum-White-Matter 103.7914 9.5366 34.0000 128.0000 94.0000
4 8 68651 67478.0 Left-Cerebellum-Cortex 70.6483 15.9307 0.0000 115.0000 115.0000
5 10 8391 7985.2 Left-Thalamus 89.3618 12.4932 24.0000 116.0000 92.0000
6 11 3269 3165.4 Left-Caudate 73.2481 10.2636 37.0000 104.0000 67.0000
7 12 5830 5778.9 Left-Putamen 87.3091 6.2429 50.0000 106.0000 56.0000
8 13 2320 2300.0 Left-Pallidum 104.4759 5.9397 49.0000 131.0000 82.0000
9 14 1168 1254.2 3rd-Ventricle 26.1875 15.0557 0.0000 69.0000 69.0000
10 15 2072 2284.5 4th-Ventricle 27.1448 14.5214 1.0000 75.0000 74.0000
11 16 22848 22534.6 Brain-Stem 98.1193 14.2692 16.0000 130.0000 114.0000
12 17 5005 4820.5 Left-Hippocampus 69.9093 12.2428 0.0000 106.0000 106.0000
13 18 2059 2075.3 Left-Amygdala 73.7232 8.3955 39.0000 100.0000 61.0000
14 24 1775 1757.3 CSF 35.4856 17.7428 1.0000 108.0000 107.0000
15 26 595 602.1 Left-Accumbens-area 77.6538 6.4021 44.0000 96.0000 52.0000
16 28 4623 4414.4 Left-VentralDC 96.2295 16.0729 30.0000 130.0000 100.0000
17 30 0 0.0 Left-vessel 0.0000 0.0000 0.0000 0.0000 0.0000
18 31 952 881.8 Left-choroid-plexus 35.0189 14.7611 1.0000 72.0000 71.0000
19 43 15504 15828.0 Right-Lateral-Ventricle 11.9176 13.3537 0.0000 70.0000 70.0000
20 44 446 520.0 Right-Inf-Lat-Vent 31.3296 16.0028 0.0000 65.0000 65.0000
21 46 15872 16525.1 Right-Cerebellum-White-Matter 102.4199 8.4860 38.0000 128.0000 90.0000
22 47 73140 71711.5 Right-Cerebellum-Cortex 71.1625 15.9503 4.0000 124.0000 120.0000
23 49 8116 7698.5 Right-Thalamus 89.2340 13.1664 19.0000 119.0000 100.0000
24 50 3682 3586.0 Right-Caudate 72.0752 10.6933 32.0000 104.0000 72.0000
25 51 5859 5809.7 Right-Putamen 85.9531 7.1282 49.0000 105.0000 56.0000
26 52 2328 2283.9 Right-Pallidum 104.9515 5.3744 74.0000 125.0000 51.0000
27 53 5442 5285.3 Right-Hippocampus 70.9873 10.7162 15.0000 104.0000 89.0000
28 54 2173 2165.1 Right-Amygdala 71.9650 8.3584 38.0000 96.0000 58.0000
29 58 609 603.5 Right-Accumbens-area 77.8571 6.6430 44.0000 96.0000 52.0000
30 60 4561 4269.3 Right-VentralDC 95.4282 17.1533 20.0000 134.0000 114.0000
31 62 0 0.0 Right-vessel 0.0000 0.0000 0.0000 0.0000 0.0000
32 63 1295 1208.7 Right-choroid-plexus 34.7653 13.9100 0.0000 71.0000 71.0000
33 72 0 0.0 5th-Ventricle 0.0000 0.0000 0.0000 0.0000 0.0000
34 77 1380 1252.0 WM-hypointensities 60.3674 12.1288 28.0000 88.0000 60.0000
35 78 0 0.0 Left-WM-hypointensities 0.0000 0.0000 0.0000 0.0000 0.0000
36 79 0 0.0 Right-WM-hypointensities 0.0000 0.0000 0.0000 0.0000 0.0000
37 80 0 0.0 non-WM-hypointensities 0.0000 0.0000 0.0000 0.0000 0.0000
38 81 0 0.0 Left-non-WM-hypointensities 0.0000 0.0000 0.0000 0.0000 0.0000
39 82 0 0.0 Right-non-WM-hypointensities 0.0000 0.0000 0.0000 0.0000 0.0000
40 85 0 0.0 Optic-Chiasm 0.0000 0.0000 0.0000 0.0000 0.0000
41 251 1238 1178.2 CC_Posterior 102.3021 15.2808 41.0000 122.0000 81.0000
42 252 713 631.1 CC_Mid_Posterior 91.0631 23.7321 9.0000 122.0000 113.0000
43 253 1070 951.6 CC_Central 90.7776 22.1517 19.0000 125.0000 106.0000
44 254 585 532.3 CC_Mid_Anterior 97.6427 18.2821 40.0000 121.0000 81.0000
45 255 1697 1621.8 CC_Anterior 95.2675 19.0169 33.0000 119.0000 86.0000
