Index SegId NVoxels Volume_mm3 StructName normMean normStdDev normMin normMax normRange
1 4 8717 8835.6 Left-Lateral-Ventricle 12.3809 14.2967 0.0000 71.0000 71.0000
2 5 372 423.0 Left-Inf-Lat-Vent 35.4194 17.7616 0.0000 74.0000 74.0000
3 7 15262 15676.0 Left-Cerebellum-White-Matter 106.3703 12.9372 43.0000 177.0000 134.0000
4 8 59834 60046.0 Left-Cerebellum-Cortex 75.4109 15.0547 0.0000 155.0000 155.0000
5 10 9336 9062.5 Left-Thalamus 84.2857 11.6775 37.0000 120.0000 83.0000
6 11 3911 3874.8 Left-Caudate 66.3932 9.0226 37.0000 99.0000 62.0000
7 12 5235 5043.5 Left-Putamen 77.3977 8.3478 40.0000 102.0000 62.0000
8 13 2152 2138.3 Left-Pallidum 100.6236 7.4368 58.0000 122.0000 64.0000
9 14 757 766.2 3rd-Ventricle 24.0396 19.0873 0.0000 73.0000 73.0000
10 15 1039 1124.5 4th-Ventricle 22.4264 16.6739 0.0000 70.0000 70.0000
11 16 21541 21835.7 Brain-Stem 97.8336 12.2423 15.0000 163.0000 148.0000
12 17 4065 3927.4 Left-Hippocampus 67.9766 11.3860 17.0000 119.0000 102.0000
13 18 1751 1749.9 Left-Amygdala 69.4061 10.1042 39.0000 106.0000 67.0000
14 24 919 925.0 CSF 33.2394 16.5970 0.0000 77.0000 77.0000
15 26 720 679.7 Left-Accumbens-area 69.3208 8.1789 40.0000 96.0000 56.0000
16 28 4256 4215.8 Left-VentralDC 99.5963 13.2726 38.0000 147.0000 109.0000
17 30 0 0.0 Left-vessel 0.0000 0.0000 0.0000 0.0000 0.0000
18 31 579 525.5 Left-choroid-plexus 45.6770 14.4081 7.0000 83.0000 76.0000
19 43 5738 5869.2 Right-Lateral-Ventricle 16.0310 15.8289 0.0000 82.0000 82.0000
20 44 317 358.1 Right-Inf-Lat-Vent 32.3312 16.6477 0.0000 85.0000 85.0000
21 46 14545 14963.7 Right-Cerebellum-White-Matter 109.2483 12.0468 47.0000 174.0000 127.0000
22 47 59515 59783.7 Right-Cerebellum-Cortex 77.6544 14.4656 0.0000 160.0000 160.0000
23 49 8596 8309.2 Right-Thalamus 81.8758 11.3513 32.0000 111.0000 79.0000
24 50 3951 3892.0 Right-Caudate 63.1926 9.0145 32.0000 92.0000 60.0000
25 51 5263 5162.5 Right-Putamen 74.1512 8.5535 24.0000 98.0000 74.0000
26 52 2050 2006.7 Right-Pallidum 98.3707 7.8781 31.0000 118.0000 87.0000
27 53 4246 4189.0 Right-Hippocampus 67.8512 9.9769 25.0000 101.0000 76.0000
28 54 1875 1928.7 Right-Amygdala 66.9685 9.1810 36.0000 103.0000 67.0000
29 58 752 711.9 Right-Accumbens-area 65.3245 9.2123 37.0000 92.0000 55.0000
30 60 4362 4260.9 Right-VentralDC 96.3072 14.0832 33.0000 136.0000 103.0000
31 62 0 0.0 Right-vessel 0.0000 0.0000 0.0000 0.0000 0.0000
32 63 667 585.6 Right-choroid-plexus 48.1289 13.4398 11.0000 80.0000 69.0000
33 72 0 0.0 5th-Ventricle 0.0000 0.0000 0.0000 0.0000 0.0000
34 77 1769 1676.0 WM-hypointensities 67.3561 11.3957 34.0000 93.0000 59.0000
35 78 0 0.0 Left-WM-hypointensities 0.0000 0.0000 0.0000 0.0000 0.0000
36 79 0 0.0 Right-WM-hypointensities 0.0000 0.0000 0.0000 0.0000 0.0000
37 80 0 0.0 non-WM-hypointensities 0.0000 0.0000 0.0000 0.0000 0.0000
38 81 0 0.0 Left-non-WM-hypointensities 0.0000 0.0000 0.0000 0.0000 0.0000
39 82 0 0.0 Right-non-WM-hypointensities 0.0000 0.0000 0.0000 0.0000 0.0000
40 85 0 0.0 Optic-Chiasm 0.0000 0.0000 0.0000 0.0000 0.0000
41 251 1368 1332.8 CC_Posterior 116.8867 16.3039 13.0000 150.0000 137.0000
42 252 776 727.6 CC_Mid_Posterior 104.2822 21.4394 3.0000 137.0000 134.0000
43 253 1039 972.3 CC_Central 103.5014 23.5046 0.0000 151.0000 151.0000
44 254 1025 949.4 CC_Mid_Anterior 103.5951 26.9270 0.0000 149.0000 149.0000
45 255 914 1025.0 CC_Anterior 133.3074 19.0720 39.0000 174.0000 135.0000
