Index SegId NVoxels Volume_mm3 StructName normMean normStdDev normMin normMax normRange
1 4 8641 8928.8 Left-Lateral-Ventricle 12.5980 13.6871 0.0000 74.0000 74.0000
2 5 348 409.4 Left-Inf-Lat-Vent 34.1609 17.1598 0.0000 75.0000 75.0000
3 7 15797 16070.6 Left-Cerebellum-White-Matter 101.8978 10.5749 39.0000 133.0000 94.0000
4 8 57621 56728.9 Left-Cerebellum-Cortex 66.5529 14.4309 0.0000 119.0000 119.0000
5 10 9540 9224.5 Left-Thalamus 89.2689 11.5600 35.0000 117.0000 82.0000
6 11 3691 3599.8 Left-Caudate 70.7304 10.0488 38.0000 100.0000 62.0000
7 12 5275 5141.6 Left-Putamen 81.9894 7.9873 47.0000 112.0000 65.0000
8 13 2253 2232.7 Left-Pallidum 101.6786 6.2515 56.0000 124.0000 68.0000
9 14 872 935.6 3rd-Ventricle 32.1995 16.0627 0.0000 77.0000 77.0000
10 15 1061 1185.2 4th-Ventricle 29.4119 17.6452 0.0000 83.0000 83.0000
11 16 22080 22007.6 Brain-Stem 97.9623 13.2757 21.0000 180.0000 159.0000
12 17 4409 4218.7 Left-Hippocampus 68.0875 12.3975 18.0000 109.0000 91.0000
13 18 1802 1806.5 Left-Amygdala 69.3158 11.1599 31.0000 107.0000 76.0000
14 24 952 980.7 CSF 36.8477 16.1275 3.0000 88.0000 85.0000
15 26 713 699.5 Left-Accumbens-area 72.6676 6.8996 35.0000 94.0000 59.0000
16 28 4635 4447.4 Left-VentralDC 97.5795 13.4779 37.0000 139.0000 102.0000
17 30 0 0.0 Left-vessel 0.0000 0.0000 0.0000 0.0000 0.0000
18 31 696 631.6 Left-choroid-plexus 39.8003 15.8532 2.0000 76.0000 74.0000
19 43 5587 5856.0 Right-Lateral-Ventricle 15.8439 16.0116 0.0000 83.0000 83.0000
20 44 352 423.1 Right-Inf-Lat-Vent 31.8835 17.7504 0.0000 74.0000 74.0000
21 46 14907 15114.4 Right-Cerebellum-White-Matter 102.6259 10.2833 39.0000 141.0000 102.0000
22 47 58372 57691.9 Right-Cerebellum-Cortex 68.6071 14.7590 0.0000 123.0000 123.0000
23 49 9190 8875.5 Right-Thalamus 87.6297 11.6014 25.0000 122.0000 97.0000
24 50 3813 3752.9 Right-Caudate 70.1526 9.6807 35.0000 109.0000 74.0000
25 51 5161 5026.3 Right-Putamen 81.1052 8.3600 27.0000 107.0000 80.0000
26 52 2143 2076.2 Right-Pallidum 100.0313 7.4353 33.0000 117.0000 84.0000
27 53 4620 4476.6 Right-Hippocampus 68.8162 12.2151 18.0000 110.0000 92.0000
28 54 1796 1799.3 Right-Amygdala 72.6414 11.9758 35.0000 111.0000 76.0000
29 58 799 765.2 Right-Accumbens-area 73.2666 7.1075 39.0000 95.0000 56.0000
30 60 4675 4473.1 Right-VentralDC 97.8702 14.6257 26.0000 153.0000 127.0000
31 62 0 0.0 Right-vessel 0.0000 0.0000 0.0000 0.0000 0.0000
32 63 713 618.0 Right-choroid-plexus 41.7097 15.0984 0.0000 79.0000 79.0000
33 72 0 0.0 5th-Ventricle 0.0000 0.0000 0.0000 0.0000 0.0000
34 77 1112 1032.0 WM-hypointensities 64.4056 12.3216 30.0000 95.0000 65.0000
35 78 0 0.0 Left-WM-hypointensities 0.0000 0.0000 0.0000 0.0000 0.0000
36 79 0 0.0 Right-WM-hypointensities 0.0000 0.0000 0.0000 0.0000 0.0000
37 80 0 0.0 non-WM-hypointensities 0.0000 0.0000 0.0000 0.0000 0.0000
38 81 0 0.0 Left-non-WM-hypointensities 0.0000 0.0000 0.0000 0.0000 0.0000
39 82 0 0.0 Right-non-WM-hypointensities 0.0000 0.0000 0.0000 0.0000 0.0000
40 85 0 0.0 Optic-Chiasm 0.0000 0.0000 0.0000 0.0000 0.0000
41 251 1365 1318.9 CC_Posterior 103.2777 15.8675 18.0000 127.0000 109.0000
42 252 833 758.0 CC_Mid_Posterior 93.2233 18.9818 8.0000 124.0000 116.0000
43 253 800 692.6 CC_Central 88.6225 18.3192 22.0000 121.0000 99.0000
44 254 736 640.4 CC_Mid_Anterior 87.6304 17.2230 22.0000 116.0000 94.0000
45 255 1068 1021.5 CC_Anterior 102.1461 15.0898 29.0000 152.0000 123.0000
