Index SegId NVoxels Volume_mm3 StructName normMean normStdDev normMin normMax normRange
1 4 8725 9155.0 Left-Lateral-Ventricle 12.2640 13.8450 0.0000 68.0000 68.0000
2 5 263 341.1 Left-Inf-Lat-Vent 33.1141 17.0630 0.0000 67.0000 67.0000
3 7 16505 16861.8 Left-Cerebellum-White-Matter 100.3111 10.2510 30.0000 128.0000 98.0000
4 8 61203 60202.2 Left-Cerebellum-Cortex 67.8412 13.9124 1.0000 120.0000 119.0000
5 10 9721 9272.5 Left-Thalamus 88.9626 11.8353 34.0000 116.0000 82.0000
6 11 3606 3574.0 Left-Caudate 72.6082 9.4583 33.0000 98.0000 65.0000
7 12 4865 4863.5 Left-Putamen 86.7967 6.0456 61.0000 107.0000 46.0000
8 13 2315 2290.3 Left-Pallidum 104.8285 5.5681 66.0000 123.0000 57.0000
9 14 841 931.2 3rd-Ventricle 29.8454 16.1777 0.0000 77.0000 77.0000
10 15 988 1134.1 4th-Ventricle 27.8016 17.4559 0.0000 77.0000 77.0000
11 16 22625 22356.0 Brain-Stem 99.7829 13.2652 18.0000 138.0000 120.0000
12 17 4296 4103.2 Left-Hippocampus 69.5324 10.4975 22.0000 106.0000 84.0000
13 18 1887 1911.6 Left-Amygdala 73.2644 9.8679 36.0000 105.0000 69.0000
14 24 1041 1056.3 CSF 39.9875 15.7893 4.0000 79.0000 75.0000
15 26 581 595.4 Left-Accumbens-area 73.4492 6.2642 41.0000 90.0000 49.0000
16 28 4662 4468.4 Left-VentralDC 98.0697 14.8112 30.0000 129.0000 99.0000
17 30 0 0.0 Left-vessel 0.0000 0.0000 0.0000 0.0000 0.0000
18 31 692 634.5 Left-choroid-plexus 35.0564 16.2753 0.0000 70.0000 70.0000
19 43 5698 6054.3 Right-Lateral-Ventricle 15.9328 15.6195 0.0000 77.0000 77.0000
20 44 232 303.0 Right-Inf-Lat-Vent 29.4569 15.0324 0.0000 61.0000 61.0000
21 46 15923 16111.0 Right-Cerebellum-White-Matter 100.2996 9.7419 40.0000 129.0000 89.0000
22 47 61736 60815.9 Right-Cerebellum-Cortex 68.4502 13.7691 4.0000 114.0000 110.0000
23 49 9177 8778.0 Right-Thalamus 87.9438 11.3510 29.0000 117.0000 88.0000
24 50 3734 3721.0 Right-Caudate 69.7485 9.2100 34.0000 93.0000 59.0000
25 51 5038 4979.0 Right-Putamen 82.0953 7.6116 29.0000 103.0000 74.0000
26 52 2192 2126.5 Right-Pallidum 101.5059 6.4580 51.0000 116.0000 65.0000
27 53 4531 4420.5 Right-Hippocampus 69.4767 9.7373 26.0000 103.0000 77.0000
28 54 1824 1861.1 Right-Amygdala 68.2177 9.4135 31.0000 102.0000 71.0000
29 58 668 655.4 Right-Accumbens-area 71.2335 6.7123 41.0000 90.0000 49.0000
30 60 4664 4432.2 Right-VentralDC 96.5808 15.5712 18.0000 125.0000 107.0000
31 62 0 0.0 Right-vessel 0.0000 0.0000 0.0000 0.0000 0.0000
32 63 637 576.0 Right-choroid-plexus 38.4914 15.3744 1.0000 74.0000 73.0000
33 72 0 0.0 5th-Ventricle 0.0000 0.0000 0.0000 0.0000 0.0000
34 77 1119 987.8 WM-hypointensities 57.9026 12.7318 22.0000 88.0000 66.0000
35 78 0 0.0 Left-WM-hypointensities 0.0000 0.0000 0.0000 0.0000 0.0000
36 79 0 0.0 Right-WM-hypointensities 0.0000 0.0000 0.0000 0.0000 0.0000
37 80 0 0.0 non-WM-hypointensities 0.0000 0.0000 0.0000 0.0000 0.0000
38 81 0 0.0 Left-non-WM-hypointensities 0.0000 0.0000 0.0000 0.0000 0.0000
39 82 0 0.0 Right-non-WM-hypointensities 0.0000 0.0000 0.0000 0.0000 0.0000
40 85 0 0.0 Optic-Chiasm 0.0000 0.0000 0.0000 0.0000 0.0000
41 251 1421 1346.2 CC_Posterior 101.5165 16.8995 12.0000 120.0000 108.0000
42 252 835 747.1 CC_Mid_Posterior 93.8814 19.0737 13.0000 121.0000 108.0000
43 253 614 547.0 CC_Central 94.1336 19.9094 30.0000 125.0000 95.0000
44 254 691 603.9 CC_Mid_Anterior 90.3357 21.0503 15.0000 114.0000 99.0000
45 255 1014 959.8 CC_Anterior 101.4487 14.4831 24.0000 123.0000 99.0000
