Index SegId NVoxels Volume_mm3 StructName normMean normStdDev normMin normMax normRange
1 4 12174 12585.6 Left-Lateral-Ventricle 14.0174 14.5944 0.0000 72.0000 72.0000
2 5 371 416.8 Left-Inf-Lat-Vent 26.6846 16.1336 0.0000 74.0000 74.0000
3 7 16678 17330.2 Left-Cerebellum-White-Matter 103.3649 9.5282 32.0000 128.0000 96.0000
4 8 67895 66759.0 Left-Cerebellum-Cortex 69.7519 15.8613 0.0000 115.0000 115.0000
5 10 8308 7892.3 Left-Thalamus 90.0964 12.5474 25.0000 119.0000 94.0000
6 11 3345 3213.2 Left-Caudate 73.9088 10.3661 38.0000 100.0000 62.0000
7 12 5775 5745.2 Left-Putamen 87.3358 6.4580 52.0000 108.0000 56.0000
8 13 2306 2273.7 Left-Pallidum 105.3114 6.2220 51.0000 131.0000 80.0000
9 14 1161 1242.2 3rd-Ventricle 26.2687 14.9585 1.0000 68.0000 67.0000
10 15 2088 2286.9 4th-Ventricle 27.0675 14.7704 0.0000 71.0000 71.0000
11 16 22804 22467.4 Brain-Stem 97.9222 14.2305 15.0000 128.0000 113.0000
12 17 4940 4721.5 Left-Hippocampus 69.7812 11.9774 4.0000 114.0000 110.0000
13 18 2045 2059.4 Left-Amygdala 73.3105 8.0892 41.0000 99.0000 58.0000
14 24 1826 1815.1 CSF 36.2097 18.0760 0.0000 113.0000 113.0000
15 26 577 590.2 Left-Accumbens-area 77.4471 6.4289 45.0000 91.0000 46.0000
16 28 4602 4377.3 Left-VentralDC 96.8531 16.1120 25.0000 127.0000 102.0000
17 30 0 0.0 Left-vessel 0.0000 0.0000 0.0000 0.0000 0.0000
18 31 862 785.6 Left-choroid-plexus 35.1450 15.0164 1.0000 73.0000 72.0000
19 43 15352 15667.0 Right-Lateral-Ventricle 12.2214 13.4281 0.0000 76.0000 76.0000
20 44 427 489.4 Right-Inf-Lat-Vent 31.2787 16.2624 0.0000 68.0000 68.0000
21 46 15795 16507.8 Right-Cerebellum-White-Matter 103.1701 8.3658 39.0000 127.0000 88.0000
22 47 72586 71281.2 Right-Cerebellum-Cortex 70.8169 15.9504 3.0000 119.0000 116.0000
23 49 8178 7732.6 Right-Thalamus 89.0405 13.1729 18.0000 116.0000 98.0000
24 50 3707 3590.5 Right-Caudate 71.2627 10.6800 32.0000 101.0000 69.0000
25 51 5884 5829.4 Right-Putamen 85.1596 7.1758 50.0000 107.0000 57.0000
26 52 2330 2294.7 Right-Pallidum 103.8687 5.7269 49.0000 127.0000 78.0000
27 53 5415 5262.0 Right-Hippocampus 70.9302 10.2883 15.0000 102.0000 87.0000
28 54 2196 2195.6 Right-Amygdala 71.6352 8.0053 37.0000 97.0000 60.0000
29 58 598 568.9 Right-Accumbens-area 75.5719 6.8205 52.0000 94.0000 42.0000
30 60 4494 4219.6 Right-VentralDC 95.7733 17.2101 17.0000 136.0000 119.0000
31 62 0 0.0 Right-vessel 0.0000 0.0000 0.0000 0.0000 0.0000
32 63 1336 1263.2 Right-choroid-plexus 35.0696 13.7642 2.0000 75.0000 73.0000
33 72 0 0.0 5th-Ventricle 0.0000 0.0000 0.0000 0.0000 0.0000
34 77 1488 1336.8 WM-hypointensities 60.8878 12.1690 25.0000 86.0000 61.0000
35 78 0 0.0 Left-WM-hypointensities 0.0000 0.0000 0.0000 0.0000 0.0000
36 79 0 0.0 Right-WM-hypointensities 0.0000 0.0000 0.0000 0.0000 0.0000
37 80 0 0.0 non-WM-hypointensities 0.0000 0.0000 0.0000 0.0000 0.0000
38 81 0 0.0 Left-non-WM-hypointensities 0.0000 0.0000 0.0000 0.0000 0.0000
39 82 0 0.0 Right-non-WM-hypointensities 0.0000 0.0000 0.0000 0.0000 0.0000
40 85 0 0.0 Optic-Chiasm 0.0000 0.0000 0.0000 0.0000 0.0000
41 251 1234 1172.5 CC_Posterior 102.3185 15.3684 30.0000 120.0000 90.0000
42 252 721 637.8 CC_Mid_Posterior 92.2483 21.8429 10.0000 121.0000 111.0000
43 253 826 730.7 CC_Central 93.5424 20.6343 20.0000 121.0000 101.0000
44 254 613 554.5 CC_Mid_Anterior 97.6411 18.7442 38.0000 120.0000 82.0000
45 255 1527 1450.4 CC_Anterior 96.7459 18.8485 36.0000 122.0000 86.0000
