Index SegId NVoxels Volume_mm3 StructName normMean normStdDev normMin normMax normRange
1 4 11660 12193.8 Left-Lateral-Ventricle 12.6221 13.8623 0.0000 71.0000 71.0000
2 5 304 364.4 Left-Inf-Lat-Vent 24.5263 14.0151 0.0000 64.0000 64.0000
3 7 17283 17921.3 Left-Cerebellum-White-Matter 104.6977 11.9738 21.0000 136.0000 115.0000
4 8 70261 68909.0 Left-Cerebellum-Cortex 69.8268 17.0288 1.0000 125.0000 124.0000
5 10 8414 7986.0 Left-Thalamus 89.6224 13.2840 27.0000 124.0000 97.0000
6 11 3326 3189.9 Left-Caudate 73.8713 10.5697 35.0000 100.0000 65.0000
7 12 5699 5731.0 Left-Putamen 85.9488 6.2126 50.0000 106.0000 56.0000
8 13 2368 2329.6 Left-Pallidum 104.9970 6.2121 57.0000 129.0000 72.0000
9 14 1116 1195.0 3rd-Ventricle 24.1586 15.1101 0.0000 66.0000 66.0000
10 15 1797 2066.7 4th-Ventricle 23.1313 12.8909 1.0000 68.0000 67.0000
11 16 22698 22280.3 Brain-Stem 95.1558 15.3816 11.0000 131.0000 120.0000
12 17 5051 4796.9 Left-Hippocampus 69.5039 13.0103 8.0000 110.0000 102.0000
13 18 2153 2194.7 Left-Amygdala 72.0790 8.5974 34.0000 102.0000 68.0000
14 24 1874 1877.5 CSF 34.4680 18.0382 2.0000 109.0000 107.0000
15 26 594 622.2 Left-Accumbens-area 76.8754 6.4126 44.0000 91.0000 47.0000
16 28 4753 4492.1 Left-VentralDC 95.8483 17.7066 23.0000 130.0000 107.0000
17 30 0 0.0 Left-vessel 0.0000 0.0000 0.0000 0.0000 0.0000
18 31 916 873.2 Left-choroid-plexus 31.0273 15.4974 0.0000 68.0000 68.0000
19 43 14840 15323.8 Right-Lateral-Ventricle 11.6106 12.5503 0.0000 71.0000 71.0000
20 44 340 413.6 Right-Inf-Lat-Vent 29.8559 13.9760 1.0000 63.0000 62.0000
21 46 15898 16632.8 Right-Cerebellum-White-Matter 101.1524 10.4113 26.0000 129.0000 103.0000
22 47 75134 73285.7 Right-Cerebellum-Cortex 71.6373 17.2961 0.0000 122.0000 122.0000
23 49 8117 7737.0 Right-Thalamus 88.3077 13.6894 17.0000 118.0000 101.0000
24 50 3617 3491.5 Right-Caudate 71.9068 11.1817 29.0000 102.0000 73.0000
25 51 5878 5843.4 Right-Putamen 85.2451 7.0308 40.0000 109.0000 69.0000
26 52 2370 2335.2 Right-Pallidum 104.2169 6.1150 51.0000 128.0000 77.0000
27 53 5553 5388.1 Right-Hippocampus 70.6641 10.8423 8.0000 104.0000 96.0000
28 54 2174 2186.3 Right-Amygdala 72.4963 8.4825 34.0000 97.0000 63.0000
29 58 588 582.8 Right-Accumbens-area 76.5510 6.8426 44.0000 95.0000 51.0000
30 60 4751 4383.1 Right-VentralDC 92.6394 18.5357 19.0000 128.0000 109.0000
31 62 0 0.0 Right-vessel 0.0000 0.0000 0.0000 0.0000 0.0000
32 63 1452 1380.7 Right-choroid-plexus 31.2720 14.5174 1.0000 70.0000 69.0000
33 72 0 0.0 5th-Ventricle 0.0000 0.0000 0.0000 0.0000 0.0000
34 77 1400 1235.8 WM-hypointensities 56.2964 13.2234 16.0000 88.0000 72.0000
35 78 0 0.0 Left-WM-hypointensities 0.0000 0.0000 0.0000 0.0000 0.0000
36 79 0 0.0 Right-WM-hypointensities 0.0000 0.0000 0.0000 0.0000 0.0000
37 80 0 0.0 non-WM-hypointensities 0.0000 0.0000 0.0000 0.0000 0.0000
38 81 0 0.0 Left-non-WM-hypointensities 0.0000 0.0000 0.0000 0.0000 0.0000
39 82 0 0.0 Right-non-WM-hypointensities 0.0000 0.0000 0.0000 0.0000 0.0000
40 85 0 0.0 Optic-Chiasm 0.0000 0.0000 0.0000 0.0000 0.0000
41 251 1257 1192.4 CC_Posterior 101.8178 15.6693 20.0000 122.0000 102.0000
42 252 730 642.2 CC_Mid_Posterior 91.1986 22.7670 12.0000 124.0000 112.0000
43 253 1087 962.3 CC_Central 90.0699 22.1704 12.0000 123.0000 111.0000
44 254 633 558.9 CC_Mid_Anterior 95.5687 18.2162 41.0000 117.0000 76.0000
45 255 1657 1548.2 CC_Anterior 93.6705 20.1851 20.0000 120.0000 100.0000
