Index SegId NVoxels Volume_mm3 StructName normMean normStdDev normMin normMax normRange
1 4 8757 9167.4 Left-Lateral-Ventricle 12.3009 13.9825 0.0000 69.0000 69.0000
2 5 258 336.3 Left-Inf-Lat-Vent 33.2791 16.6331 0.0000 70.0000 70.0000
3 7 16262 16630.5 Left-Cerebellum-White-Matter 99.7936 10.3687 31.0000 124.0000 93.0000
4 8 61397 60269.1 Left-Cerebellum-Cortex 68.2009 13.7913 0.0000 114.0000 114.0000
5 10 9685 9210.1 Left-Thalamus 88.5487 11.5708 28.0000 118.0000 90.0000
6 11 3624 3565.7 Left-Caudate 71.8615 9.7788 39.0000 95.0000 56.0000
7 12 4895 4842.4 Left-Putamen 84.8204 6.3756 50.0000 108.0000 58.0000
8 13 2234 2209.4 Left-Pallidum 102.5801 6.0126 48.0000 122.0000 74.0000
9 14 837 922.6 3rd-Ventricle 28.9904 16.6078 0.0000 74.0000 74.0000
10 15 988 1141.6 4th-Ventricle 27.0759 17.1187 0.0000 77.0000 77.0000
11 16 22613 22337.4 Brain-Stem 98.9021 13.6861 17.0000 133.0000 116.0000
12 17 4379 4208.7 Left-Hippocampus 69.4873 10.9132 21.0000 104.0000 83.0000
13 18 1962 1981.5 Left-Amygdala 69.8614 9.2585 31.0000 98.0000 67.0000
14 24 1022 1049.6 CSF 38.7779 16.3190 2.0000 86.0000 84.0000
15 26 582 583.7 Left-Accumbens-area 72.7010 6.3333 38.0000 92.0000 54.0000
16 28 4655 4448.0 Left-VentralDC 97.5620 14.8791 32.0000 135.0000 103.0000
17 30 0 0.0 Left-vessel 0.0000 0.0000 0.0000 0.0000 0.0000
18 31 669 628.4 Left-choroid-plexus 34.5037 16.4548 0.0000 75.0000 75.0000
19 43 5654 6016.3 Right-Lateral-Ventricle 15.6436 15.5226 0.0000 81.0000 81.0000
20 44 228 284.6 Right-Inf-Lat-Vent 28.7061 16.3604 0.0000 66.0000 66.0000
21 46 15722 15911.8 Right-Cerebellum-White-Matter 100.6547 9.9480 36.0000 126.0000 90.0000
22 47 61808 60829.6 Right-Cerebellum-Cortex 68.7997 13.5951 6.0000 113.0000 107.0000
23 49 9216 8770.3 Right-Thalamus 88.2718 11.4061 21.0000 114.0000 93.0000
24 50 3736 3724.6 Right-Caudate 69.9323 9.4351 31.0000 97.0000 66.0000
25 51 5060 4998.7 Right-Putamen 82.2458 7.3810 36.0000 103.0000 67.0000
26 52 2177 2118.8 Right-Pallidum 101.4722 6.3026 47.0000 118.0000 71.0000
27 53 4555 4417.0 Right-Hippocampus 68.6615 9.9679 20.0000 103.0000 83.0000
28 54 1953 1983.0 Right-Amygdala 69.1864 9.0624 31.0000 99.0000 68.0000
29 58 693 680.0 Right-Accumbens-area 71.2338 6.8013 38.0000 91.0000 53.0000
30 60 4725 4479.2 Right-VentralDC 96.6942 15.9457 18.0000 129.0000 111.0000
31 62 0 0.0 Right-vessel 0.0000 0.0000 0.0000 0.0000 0.0000
32 63 656 598.9 Right-choroid-plexus 38.6067 15.1517 3.0000 73.0000 70.0000
33 72 0 0.0 5th-Ventricle 0.0000 0.0000 0.0000 0.0000 0.0000
34 77 1033 920.9 WM-hypointensities 57.3708 13.0030 21.0000 86.0000 65.0000
35 78 0 0.0 Left-WM-hypointensities 0.0000 0.0000 0.0000 0.0000 0.0000
36 79 0 0.0 Right-WM-hypointensities 0.0000 0.0000 0.0000 0.0000 0.0000
37 80 0 0.0 non-WM-hypointensities 0.0000 0.0000 0.0000 0.0000 0.0000
38 81 0 0.0 Left-non-WM-hypointensities 0.0000 0.0000 0.0000 0.0000 0.0000
39 82 0 0.0 Right-non-WM-hypointensities 0.0000 0.0000 0.0000 0.0000 0.0000
40 85 0 0.0 Optic-Chiasm 0.0000 0.0000 0.0000 0.0000 0.0000
41 251 1431 1360.4 CC_Posterior 102.1083 16.8924 20.0000 124.0000 104.0000
42 252 775 694.0 CC_Mid_Posterior 95.1716 18.6311 11.0000 121.0000 110.0000
43 253 591 524.2 CC_Central 93.7411 20.0008 10.0000 118.0000 108.0000
44 254 677 599.4 CC_Mid_Anterior 91.3914 21.0135 21.0000 117.0000 96.0000
45 255 1017 954.5 CC_Anterior 101.2478 13.9614 29.0000 122.0000 93.0000
