Index SegId NVoxels Volume_mm3 StructName normMean normStdDev normMin normMax normRange
1 4 11790 12337.0 Left-Lateral-Ventricle 13.0793 13.9324 0.0000 70.0000 70.0000
2 5 286 352.9 Left-Inf-Lat-Vent 27.8042 13.7923 3.0000 65.0000 62.0000
3 7 16949 17648.6 Left-Cerebellum-White-Matter 103.2820 10.1636 27.0000 126.0000 99.0000
4 8 69202 67843.2 Left-Cerebellum-Cortex 70.2718 16.3710 0.0000 119.0000 119.0000
5 10 8414 8048.7 Left-Thalamus 89.6238 12.8222 24.0000 117.0000 93.0000
6 11 3327 3198.2 Left-Caudate 74.2864 10.4155 38.0000 101.0000 63.0000
7 12 5622 5643.9 Left-Putamen 87.6185 5.9048 52.0000 111.0000 59.0000
8 13 2357 2336.8 Left-Pallidum 104.3517 5.9024 46.0000 128.0000 82.0000
9 14 1126 1218.1 3rd-Ventricle 24.9805 14.2611 0.0000 68.0000 68.0000
10 15 1841 2101.9 4th-Ventricle 24.3292 13.7317 0.0000 76.0000 76.0000
11 16 22577 22131.7 Brain-Stem 97.6227 15.0145 15.0000 130.0000 115.0000
12 17 5055 4801.4 Left-Hippocampus 69.0131 12.2379 8.0000 105.0000 97.0000
13 18 2041 2072.4 Left-Amygdala 74.1568 8.1164 35.0000 97.0000 62.0000
14 24 1936 1908.0 CSF 35.7655 18.4640 0.0000 117.0000 117.0000
15 26 540 556.2 Left-Accumbens-area 77.0481 5.8237 49.0000 91.0000 42.0000
16 28 4773 4501.6 Left-VentralDC 94.3610 17.7874 20.0000 126.0000 106.0000
17 30 0 0.0 Left-vessel 0.0000 0.0000 0.0000 0.0000 0.0000
18 31 906 855.6 Left-choroid-plexus 31.9205 16.0123 0.0000 67.0000 67.0000
19 43 15044 15516.5 Right-Lateral-Ventricle 10.8954 12.5223 0.0000 75.0000 75.0000
20 44 337 419.1 Right-Inf-Lat-Vent 28.0979 12.8148 0.0000 63.0000 63.0000
21 46 16036 16766.4 Right-Cerebellum-White-Matter 102.2632 9.3361 26.0000 125.0000 99.0000
22 47 73721 72047.4 Right-Cerebellum-Cortex 70.7878 16.4423 1.0000 115.0000 114.0000
23 49 8134 7705.0 Right-Thalamus 88.6608 13.8933 19.0000 114.0000 95.0000
24 50 3568 3481.5 Right-Caudate 71.7363 10.5084 29.0000 100.0000 71.0000
25 51 5828 5808.2 Right-Putamen 85.0060 7.0430 33.0000 105.0000 72.0000
26 52 2372 2316.1 Right-Pallidum 103.3153 5.9356 60.0000 126.0000 66.0000
27 53 5469 5298.1 Right-Hippocampus 69.8292 10.4095 15.0000 100.0000 85.0000
28 54 2264 2293.5 Right-Amygdala 71.2111 8.6730 31.0000 97.0000 66.0000
29 58 607 582.1 Right-Accumbens-area 76.2982 6.2983 46.0000 92.0000 46.0000
30 60 4590 4243.4 Right-VentralDC 93.5366 18.6209 21.0000 125.0000 104.0000
31 62 0 0.0 Right-vessel 0.0000 0.0000 0.0000 0.0000 0.0000
32 63 1447 1358.3 Right-choroid-plexus 31.5853 14.8021 0.0000 71.0000 71.0000
33 72 0 0.0 5th-Ventricle 0.0000 0.0000 0.0000 0.0000 0.0000
34 77 1339 1180.0 WM-hypointensities 56.0112 12.9735 19.0000 88.0000 69.0000
35 78 0 0.0 Left-WM-hypointensities 0.0000 0.0000 0.0000 0.0000 0.0000
36 79 0 0.0 Right-WM-hypointensities 0.0000 0.0000 0.0000 0.0000 0.0000
37 80 0 0.0 non-WM-hypointensities 0.0000 0.0000 0.0000 0.0000 0.0000
38 81 0 0.0 Left-non-WM-hypointensities 0.0000 0.0000 0.0000 0.0000 0.0000
39 82 0 0.0 Right-non-WM-hypointensities 0.0000 0.0000 0.0000 0.0000 0.0000
40 85 0 0.0 Optic-Chiasm 0.0000 0.0000 0.0000 0.0000 0.0000
41 251 1238 1173.2 CC_Posterior 103.0170 16.1673 32.0000 121.0000 89.0000
42 252 676 601.1 CC_Mid_Posterior 95.5902 21.7658 5.0000 134.0000 129.0000
43 253 817 699.6 CC_Central 91.6891 21.2724 22.0000 129.0000 107.0000
44 254 640 568.8 CC_Mid_Anterior 96.4766 18.1975 39.0000 118.0000 79.0000
45 255 1445 1357.7 CC_Anterior 96.5744 18.0079 33.0000 117.0000 84.0000
