Index SegId NVoxels Volume_mm3 StructName normMean normStdDev normMin normMax normRange
1 4 11710 12107.4 Left-Lateral-Ventricle 13.7053 14.6007 0.0000 74.0000 74.0000
2 5 308 361.3 Left-Inf-Lat-Vent 26.2013 13.9955 0.0000 65.0000 65.0000
3 7 16663 17285.3 Left-Cerebellum-White-Matter 104.0709 10.3086 18.0000 129.0000 111.0000
4 8 69692 68408.7 Left-Cerebellum-Cortex 72.2043 16.5059 1.0000 121.0000 120.0000
5 10 8692 8337.5 Left-Thalamus 89.4833 12.8995 13.0000 120.0000 107.0000
6 11 3337 3200.4 Left-Caudate 74.3221 10.4698 37.0000 102.0000 65.0000
7 12 5811 5763.8 Left-Putamen 86.6491 6.5194 45.0000 108.0000 63.0000
8 13 2263 2244.4 Left-Pallidum 104.8073 6.4774 50.0000 133.0000 83.0000
9 14 1094 1161.8 3rd-Ventricle 23.4899 14.8239 0.0000 68.0000 68.0000
10 15 2024 2241.2 4th-Ventricle 26.7599 14.4970 0.0000 74.0000 74.0000
11 16 22847 22474.6 Brain-Stem 97.3388 14.8563 15.0000 128.0000 113.0000
12 17 5121 4862.0 Left-Hippocampus 69.9936 13.1029 3.0000 111.0000 108.0000
13 18 2176 2216.6 Left-Amygdala 75.1002 8.9765 36.0000 100.0000 64.0000
14 24 1798 1782.1 CSF 35.0323 18.8526 0.0000 123.0000 123.0000
15 26 604 599.6 Left-Accumbens-area 77.8858 7.0307 42.0000 96.0000 54.0000
16 28 4682 4439.3 Left-VentralDC 96.0041 16.7780 21.0000 134.0000 113.0000
17 30 0 0.0 Left-vessel 0.0000 0.0000 0.0000 0.0000 0.0000
18 31 856 821.6 Left-choroid-plexus 32.4521 16.2181 0.0000 71.0000 71.0000
19 43 15043 15450.0 Right-Lateral-Ventricle 11.7815 13.0097 0.0000 74.0000 74.0000
20 44 395 461.1 Right-Inf-Lat-Vent 30.4987 14.8718 0.0000 68.0000 68.0000
21 46 15721 16261.5 Right-Cerebellum-White-Matter 104.0483 9.4651 34.0000 129.0000 95.0000
22 47 73684 72368.3 Right-Cerebellum-Cortex 72.7507 16.7885 6.0000 137.0000 131.0000
23 49 8368 7984.5 Right-Thalamus 88.7141 13.5046 12.0000 117.0000 105.0000
24 50 3734 3626.4 Right-Caudate 70.9515 10.5910 32.0000 101.0000 69.0000
25 51 5911 5858.6 Right-Putamen 84.6701 7.1691 34.0000 104.0000 70.0000
26 52 2328 2282.6 Right-Pallidum 103.0580 6.2663 44.0000 126.0000 82.0000
27 53 5502 5329.1 Right-Hippocampus 71.0027 11.0939 16.0000 107.0000 91.0000
28 54 2213 2208.0 Right-Amygdala 72.8626 9.1076 35.0000 104.0000 69.0000
29 58 634 604.1 Right-Accumbens-area 76.1672 7.5387 39.0000 96.0000 57.0000
30 60 4619 4322.5 Right-VentralDC 95.0132 17.9292 19.0000 131.0000 112.0000
31 62 0 0.0 Right-vessel 0.0000 0.0000 0.0000 0.0000 0.0000
32 63 1299 1225.8 Right-choroid-plexus 33.1732 15.2595 1.0000 75.0000 74.0000
33 72 0 0.0 5th-Ventricle 0.0000 0.0000 0.0000 0.0000 0.0000
34 77 1173 1062.8 WM-hypointensities 59.6198 13.0819 23.0000 89.0000 66.0000
35 78 0 0.0 Left-WM-hypointensities 0.0000 0.0000 0.0000 0.0000 0.0000
36 79 0 0.0 Right-WM-hypointensities 0.0000 0.0000 0.0000 0.0000 0.0000
37 80 0 0.0 non-WM-hypointensities 0.0000 0.0000 0.0000 0.0000 0.0000
38 81 0 0.0 Left-non-WM-hypointensities 0.0000 0.0000 0.0000 0.0000 0.0000
39 82 0 0.0 Right-non-WM-hypointensities 0.0000 0.0000 0.0000 0.0000 0.0000
40 85 0 0.0 Optic-Chiasm 0.0000 0.0000 0.0000 0.0000 0.0000
41 251 1219 1155.2 CC_Posterior 101.5160 15.3847 27.0000 118.0000 91.0000
42 252 687 618.1 CC_Mid_Posterior 93.9782 24.4020 5.0000 122.0000 117.0000
43 253 1047 926.2 CC_Central 92.5234 22.2990 14.0000 128.0000 114.0000
44 254 592 541.3 CC_Mid_Anterior 99.2314 17.2557 40.0000 121.0000 81.0000
45 255 1579 1494.7 CC_Anterior 97.0032 18.9392 23.0000 123.0000 100.0000
