Index SegId NVoxels Volume_mm3 StructName normMean normStdDev normMin normMax normRange
1 4 12059 12490.0 Left-Lateral-Ventricle 14.3155 14.5878 0.0000 71.0000 71.0000
2 5 341 397.9 Left-Inf-Lat-Vent 27.2082 15.1102 0.0000 70.0000 70.0000
3 7 17094 17710.2 Left-Cerebellum-White-Matter 102.7055 10.0247 27.0000 129.0000 102.0000
4 8 68045 66829.5 Left-Cerebellum-Cortex 69.8877 15.8298 0.0000 115.0000 115.0000
5 10 8366 7954.8 Left-Thalamus 89.0515 12.8142 28.0000 117.0000 89.0000
6 11 3345 3195.4 Left-Caudate 73.6024 10.7084 36.0000 101.0000 65.0000
7 12 5785 5766.2 Left-Putamen 87.9837 6.2896 59.0000 110.0000 51.0000
8 13 2297 2283.8 Left-Pallidum 104.6622 6.0155 56.0000 129.0000 73.0000
9 14 1179 1274.6 3rd-Ventricle 25.3588 14.9310 0.0000 64.0000 64.0000
10 15 2077 2289.5 4th-Ventricle 25.0833 15.0292 0.0000 73.0000 73.0000
11 16 22788 22413.3 Brain-Stem 97.7749 14.4902 17.0000 131.0000 114.0000
12 17 5003 4797.7 Left-Hippocampus 69.6324 12.3071 0.0000 104.0000 104.0000
13 18 2082 2106.9 Left-Amygdala 74.8857 8.0319 38.0000 99.0000 61.0000
14 24 1779 1749.6 CSF 36.0736 18.2889 0.0000 119.0000 119.0000
15 26 587 592.9 Left-Accumbens-area 76.3543 6.2223 48.0000 94.0000 46.0000
16 28 4561 4333.2 Left-VentralDC 95.8375 16.2131 29.0000 126.0000 97.0000
17 30 0 0.0 Left-vessel 0.0000 0.0000 0.0000 0.0000 0.0000
18 31 885 823.4 Left-choroid-plexus 34.4463 14.9979 0.0000 72.0000 72.0000
19 43 15260 15580.7 Right-Lateral-Ventricle 11.7620 13.5506 0.0000 68.0000 68.0000
20 44 400 467.1 Right-Inf-Lat-Vent 31.0725 15.7642 0.0000 67.0000 67.0000
21 46 16103 16743.3 Right-Cerebellum-White-Matter 103.2637 9.1001 34.0000 126.0000 92.0000
22 47 72384 71029.2 Right-Cerebellum-Cortex 70.7406 16.0471 2.0000 116.0000 114.0000
23 49 8121 7721.7 Right-Thalamus 88.8107 13.1445 18.0000 115.0000 97.0000
24 50 3664 3548.2 Right-Caudate 71.1444 10.8902 31.0000 100.0000 69.0000
25 51 5886 5841.5 Right-Putamen 85.2057 7.4236 37.0000 107.0000 70.0000
26 52 2309 2274.8 Right-Pallidum 104.0775 5.6557 64.0000 122.0000 58.0000
27 53 5464 5290.7 Right-Hippocampus 69.7253 10.2637 11.0000 99.0000 88.0000
28 54 2183 2205.6 Right-Amygdala 70.8754 9.0181 19.0000 95.0000 76.0000
29 58 617 600.5 Right-Accumbens-area 75.5300 6.6342 43.0000 92.0000 49.0000
30 60 4501 4212.1 Right-VentralDC 94.4061 17.4863 21.0000 128.0000 107.0000
31 62 0 0.0 Right-vessel 0.0000 0.0000 0.0000 0.0000 0.0000
32 63 1369 1295.3 Right-choroid-plexus 33.7071 13.9599 0.0000 74.0000 74.0000
33 72 0 0.0 5th-Ventricle 0.0000 0.0000 0.0000 0.0000 0.0000
34 77 1516 1368.9 WM-hypointensities 59.5640 12.3854 29.0000 90.0000 61.0000
35 78 0 0.0 Left-WM-hypointensities 0.0000 0.0000 0.0000 0.0000 0.0000
36 79 0 0.0 Right-WM-hypointensities 0.0000 0.0000 0.0000 0.0000 0.0000
37 80 0 0.0 non-WM-hypointensities 0.0000 0.0000 0.0000 0.0000 0.0000
38 81 0 0.0 Left-non-WM-hypointensities 0.0000 0.0000 0.0000 0.0000 0.0000
39 82 0 0.0 Right-non-WM-hypointensities 0.0000 0.0000 0.0000 0.0000 0.0000
40 85 0 0.0 Optic-Chiasm 0.0000 0.0000 0.0000 0.0000 0.0000
41 251 1238 1181.8 CC_Posterior 102.3401 15.8291 33.0000 121.0000 88.0000
42 252 694 628.5 CC_Mid_Posterior 91.4452 20.8604 12.0000 122.0000 110.0000
43 253 1055 930.8 CC_Central 89.0957 21.9816 18.0000 120.0000 102.0000
44 254 606 540.8 CC_Mid_Anterior 95.6997 18.9335 36.0000 119.0000 83.0000
45 255 1653 1582.0 CC_Anterior 95.2868 19.5050 38.0000 126.0000 88.0000
