Index SegId NVoxels Volume_mm3 StructName normMean normStdDev normMin normMax normRange
1 4 8728 9122.2 Left-Lateral-Ventricle 11.5157 13.6831 0.0000 71.0000 71.0000
2 5 279 351.0 Left-Inf-Lat-Vent 33.0179 17.9879 0.0000 68.0000 68.0000
3 7 16730 17043.2 Left-Cerebellum-White-Matter 101.9002 9.9731 35.0000 127.0000 92.0000
4 8 60030 59143.9 Left-Cerebellum-Cortex 67.4126 13.9162 1.0000 111.0000 110.0000
5 10 9585 9127.8 Left-Thalamus 88.0602 11.5183 31.0000 117.0000 86.0000
6 11 3653 3613.0 Left-Caudate 71.9209 9.5175 35.0000 97.0000 62.0000
7 12 4933 4902.7 Left-Putamen 85.3908 6.1930 57.0000 106.0000 49.0000
8 13 2295 2286.6 Left-Pallidum 103.1451 5.3717 56.0000 121.0000 65.0000
9 14 834 932.0 3rd-Ventricle 30.2350 15.8005 0.0000 68.0000 68.0000
10 15 945 1085.4 4th-Ventricle 27.6053 16.8074 0.0000 75.0000 75.0000
11 16 21940 21771.7 Brain-Stem 98.4728 13.4047 14.0000 130.0000 116.0000
12 17 4329 4142.4 Left-Hippocampus 68.7653 10.8137 17.0000 103.0000 86.0000
13 18 1881 1886.7 Left-Amygdala 71.2111 8.9906 27.0000 107.0000 80.0000
14 24 1023 1045.9 CSF 38.1936 15.9669 3.0000 79.0000 76.0000
15 26 614 619.2 Left-Accumbens-area 71.9739 6.1304 39.0000 90.0000 51.0000
16 28 4544 4354.3 Left-VentralDC 98.2518 14.4909 33.0000 134.0000 101.0000
17 30 0 0.0 Left-vessel 0.0000 0.0000 0.0000 0.0000 0.0000
18 31 735 673.3 Left-choroid-plexus 36.1415 15.6453 0.0000 75.0000 75.0000
19 43 5662 6042.6 Right-Lateral-Ventricle 15.3384 15.2879 0.0000 77.0000 77.0000
20 44 255 308.7 Right-Inf-Lat-Vent 30.6588 17.5467 0.0000 66.0000 66.0000
21 46 16181 16473.7 Right-Cerebellum-White-Matter 102.3387 9.1384 38.0000 127.0000 89.0000
22 47 61361 60280.9 Right-Cerebellum-Cortex 70.0319 13.8028 8.0000 111.0000 103.0000
23 49 9205 8777.0 Right-Thalamus 86.6747 11.1133 29.0000 115.0000 86.0000
24 50 3761 3752.8 Right-Caudate 70.4297 9.0442 34.0000 98.0000 64.0000
25 51 5102 5041.9 Right-Putamen 82.0798 6.9732 31.0000 104.0000 73.0000
26 52 2218 2163.9 Right-Pallidum 100.2836 5.9486 46.0000 113.0000 67.0000
27 53 4490 4362.9 Right-Hippocampus 70.5100 9.9550 25.0000 103.0000 78.0000
28 54 1965 2008.2 Right-Amygdala 70.2738 8.2283 36.0000 105.0000 69.0000
29 58 696 684.7 Right-Accumbens-area 72.2443 6.5387 37.0000 92.0000 55.0000
30 60 4663 4437.7 Right-VentralDC 96.5906 15.5719 23.0000 133.0000 110.0000
31 62 0 0.0 Right-vessel 0.0000 0.0000 0.0000 0.0000 0.0000
32 63 692 619.5 Right-choroid-plexus 39.6416 14.5183 0.0000 74.0000 74.0000
33 72 0 0.0 5th-Ventricle 0.0000 0.0000 0.0000 0.0000 0.0000
34 77 1102 973.1 WM-hypointensities 59.2250 12.2473 22.0000 90.0000 68.0000
35 78 0 0.0 Left-WM-hypointensities 0.0000 0.0000 0.0000 0.0000 0.0000
36 79 0 0.0 Right-WM-hypointensities 0.0000 0.0000 0.0000 0.0000 0.0000
37 80 0 0.0 non-WM-hypointensities 0.0000 0.0000 0.0000 0.0000 0.0000
38 81 0 0.0 Left-non-WM-hypointensities 0.0000 0.0000 0.0000 0.0000 0.0000
39 82 0 0.0 Right-non-WM-hypointensities 0.0000 0.0000 0.0000 0.0000 0.0000
40 85 0 0.0 Optic-Chiasm 0.0000 0.0000 0.0000 0.0000 0.0000
41 251 1381 1325.4 CC_Posterior 102.7806 15.4306 18.0000 123.0000 105.0000
42 252 750 685.0 CC_Mid_Posterior 96.1587 16.7405 19.0000 119.0000 100.0000
43 253 605 516.1 CC_Central 93.5570 18.8911 34.0000 119.0000 85.0000
44 254 714 618.8 CC_Mid_Anterior 89.9916 20.4617 12.0000 113.0000 101.0000
45 255 982 942.8 CC_Anterior 102.4328 12.5104 34.0000 126.0000 92.0000
