Index SegId NVoxels Volume_mm3 StructName normMean normStdDev normMin normMax normRange
1 4 12560 12874.7 Left-Lateral-Ventricle 15.8811 14.0907 0.0000 68.0000 68.0000
2 5 397 451.1 Left-Inf-Lat-Vent 29.9924 14.6475 0.0000 63.0000 63.0000
3 7 16212 16728.3 Left-Cerebellum-White-Matter 103.4436 9.6739 34.0000 127.0000 93.0000
4 8 64827 63982.1 Left-Cerebellum-Cortex 69.3411 16.0362 0.0000 120.0000 120.0000
5 10 8440 8058.6 Left-Thalamus 89.2005 11.7784 24.0000 115.0000 91.0000
6 11 3228 3103.7 Left-Caudate 74.8928 10.7829 41.0000 101.0000 60.0000
7 12 5713 5639.9 Left-Putamen 86.4115 7.3852 55.0000 109.0000 54.0000
8 13 2294 2274.3 Left-Pallidum 103.2594 5.5490 48.0000 124.0000 76.0000
9 14 1194 1243.4 3rd-Ventricle 27.5997 15.0027 3.0000 72.0000 69.0000
10 15 2133 2307.9 4th-Ventricle 30.5865 15.2964 0.0000 92.0000 92.0000
11 16 22174 22035.3 Brain-Stem 98.0899 13.4267 11.0000 130.0000 119.0000
12 17 4793 4580.2 Left-Hippocampus 71.4152 11.7055 9.0000 106.0000 97.0000
13 18 2017 2070.6 Left-Amygdala 76.9167 7.8322 45.0000 98.0000 53.0000
14 24 1858 1846.7 CSF 36.9645 17.9161 0.0000 95.0000 95.0000
15 26 603 582.9 Left-Accumbens-area 73.1393 7.7163 46.0000 94.0000 48.0000
16 28 4426 4286.7 Left-VentralDC 98.2162 14.6700 35.0000 139.0000 104.0000
17 30 0 0.0 Left-vessel 0.0000 0.0000 0.0000 0.0000 0.0000
18 31 887 823.8 Left-choroid-plexus 39.7238 13.6037 3.0000 76.0000 73.0000
19 43 15899 16119.4 Right-Lateral-Ventricle 12.3146 13.2320 0.0000 70.0000 70.0000
20 44 490 560.3 Right-Inf-Lat-Vent 32.2980 16.5357 0.0000 70.0000 70.0000
21 46 15543 16190.9 Right-Cerebellum-White-Matter 105.3315 9.0369 44.0000 127.0000 83.0000
22 47 66709 65729.0 Right-Cerebellum-Cortex 69.7437 16.7433 0.0000 121.0000 121.0000
23 49 7915 7558.2 Right-Thalamus 89.1030 11.8511 22.0000 113.0000 91.0000
24 50 3619 3517.0 Right-Caudate 72.6145 10.5258 33.0000 99.0000 66.0000
25 51 5858 5794.9 Right-Putamen 86.1907 6.8181 53.0000 105.0000 52.0000
26 52 2352 2342.3 Right-Pallidum 103.1735 5.8616 65.0000 130.0000 65.0000
27 53 5175 5026.2 Right-Hippocampus 71.2910 10.2833 10.0000 101.0000 91.0000
28 54 2241 2253.5 Right-Amygdala 74.4726 7.9882 40.0000 102.0000 62.0000
29 58 614 586.1 Right-Accumbens-area 76.0961 8.1680 45.0000 97.0000 52.0000
30 60 4396 4166.2 Right-VentralDC 97.3337 15.4082 27.0000 132.0000 105.0000
31 62 0 0.0 Right-vessel 0.0000 0.0000 0.0000 0.0000 0.0000
32 63 1272 1184.6 Right-choroid-plexus 37.2429 12.8294 8.0000 75.0000 67.0000
33 72 0 0.0 5th-Ventricle 0.0000 0.0000 0.0000 0.0000 0.0000
34 77 1588 1453.9 WM-hypointensities 65.1045 11.6016 32.0000 91.0000 59.0000
35 78 0 0.0 Left-WM-hypointensities 0.0000 0.0000 0.0000 0.0000 0.0000
36 79 0 0.0 Right-WM-hypointensities 0.0000 0.0000 0.0000 0.0000 0.0000
37 80 0 0.0 non-WM-hypointensities 0.0000 0.0000 0.0000 0.0000 0.0000
38 81 0 0.0 Left-non-WM-hypointensities 0.0000 0.0000 0.0000 0.0000 0.0000
39 82 0 0.0 Right-non-WM-hypointensities 0.0000 0.0000 0.0000 0.0000 0.0000
40 85 0 0.0 Optic-Chiasm 0.0000 0.0000 0.0000 0.0000 0.0000
41 251 1184 1119.0 CC_Posterior 101.2399 14.1414 36.0000 122.0000 86.0000
42 252 666 598.2 CC_Mid_Posterior 90.5646 21.7308 7.0000 122.0000 115.0000
43 253 937 861.9 CC_Central 94.5592 20.3389 26.0000 125.0000 99.0000
44 254 597 554.1 CC_Mid_Anterior 100.0050 18.4392 40.0000 127.0000 87.0000
45 255 1561 1463.3 CC_Anterior 95.4247 18.5379 34.0000 123.0000 89.0000
