Index SegId NVoxels Volume_mm3 StructName normMean normStdDev normMin normMax normRange
1 4 11938 12357.4 Left-Lateral-Ventricle 13.6969 14.3111 0.0000 70.0000 70.0000
2 5 337 394.3 Left-Inf-Lat-Vent 27.2522 14.7879 0.0000 64.0000 64.0000
3 7 17059 17636.1 Left-Cerebellum-White-Matter 102.6395 10.6298 24.0000 126.0000 102.0000
4 8 68576 67388.6 Left-Cerebellum-Cortex 70.3413 16.0488 0.0000 119.0000 119.0000
5 10 8527 8112.4 Left-Thalamus 89.5800 12.5072 26.0000 116.0000 90.0000
6 11 3303 3173.4 Left-Caudate 73.2131 10.6027 39.0000 100.0000 61.0000
7 12 5837 5818.5 Left-Putamen 87.4566 6.6820 57.0000 109.0000 52.0000
8 13 2344 2321.6 Left-Pallidum 105.3067 6.2433 55.0000 130.0000 75.0000
9 14 1153 1244.6 3rd-Ventricle 25.8716 14.9042 1.0000 68.0000 67.0000
10 15 2032 2282.3 4th-Ventricle 27.1235 14.0522 0.0000 68.0000 68.0000
11 16 22934 22509.3 Brain-Stem 97.4576 14.7889 13.0000 126.0000 113.0000
12 17 4950 4737.0 Left-Hippocampus 68.5964 12.1573 2.0000 113.0000 111.0000
13 18 2086 2110.2 Left-Amygdala 73.6879 8.9088 38.0000 100.0000 62.0000
14 24 1739 1740.3 CSF 36.4301 18.3085 0.0000 116.0000 116.0000
15 26 582 592.3 Left-Accumbens-area 76.8162 6.6051 45.0000 94.0000 49.0000
16 28 4610 4389.7 Left-VentralDC 96.0946 16.2746 29.0000 132.0000 103.0000
17 30 0 0.0 Left-vessel 0.0000 0.0000 0.0000 0.0000 0.0000
18 31 896 841.4 Left-choroid-plexus 33.8426 15.0705 0.0000 72.0000 72.0000
19 43 15149 15484.8 Right-Lateral-Ventricle 11.8061 13.3087 0.0000 72.0000 72.0000
20 44 375 454.1 Right-Inf-Lat-Vent 30.7360 14.6639 0.0000 65.0000 65.0000
21 46 16131 16720.1 Right-Cerebellum-White-Matter 102.1373 9.3994 34.0000 125.0000 91.0000
22 47 73123 71852.5 Right-Cerebellum-Cortex 70.7276 16.0836 5.0000 121.0000 116.0000
23 49 8190 7759.5 Right-Thalamus 89.2118 13.1390 20.0000 116.0000 96.0000
24 50 3668 3575.7 Right-Caudate 71.2285 10.8623 27.0000 100.0000 73.0000
25 51 5843 5783.6 Right-Putamen 85.8520 7.3992 35.0000 108.0000 73.0000
26 52 2351 2313.1 Right-Pallidum 104.5143 5.9136 52.0000 127.0000 75.0000
27 53 5431 5274.8 Right-Hippocampus 70.2326 10.8164 16.0000 99.0000 83.0000
28 54 2187 2189.5 Right-Amygdala 71.3365 8.9947 36.0000 98.0000 62.0000
29 58 629 618.7 Right-Accumbens-area 75.0843 6.8290 45.0000 93.0000 48.0000
30 60 4534 4258.5 Right-VentralDC 95.4773 17.3064 22.0000 132.0000 110.0000
31 62 0 0.0 Right-vessel 0.0000 0.0000 0.0000 0.0000 0.0000
32 63 1360 1286.7 Right-choroid-plexus 33.8110 14.0501 1.0000 74.0000 73.0000
33 72 0 0.0 5th-Ventricle 0.0000 0.0000 0.0000 0.0000 0.0000
34 77 1287 1179.7 WM-hypointensities 59.9091 12.3163 26.0000 87.0000 61.0000
35 78 0 0.0 Left-WM-hypointensities 0.0000 0.0000 0.0000 0.0000 0.0000
36 79 0 0.0 Right-WM-hypointensities 0.0000 0.0000 0.0000 0.0000 0.0000
37 80 0 0.0 non-WM-hypointensities 0.0000 0.0000 0.0000 0.0000 0.0000
38 81 0 0.0 Left-non-WM-hypointensities 0.0000 0.0000 0.0000 0.0000 0.0000
39 82 0 0.0 Right-non-WM-hypointensities 0.0000 0.0000 0.0000 0.0000 0.0000
40 85 0 0.0 Optic-Chiasm 0.0000 0.0000 0.0000 0.0000 0.0000
41 251 1239 1183.4 CC_Posterior 102.1082 15.0364 34.0000 118.0000 84.0000
42 252 705 633.3 CC_Mid_Posterior 91.6809 24.3073 6.0000 125.0000 119.0000
43 253 1023 907.5 CC_Central 92.7771 21.8073 23.0000 126.0000 103.0000
44 254 592 537.4 CC_Mid_Anterior 99.4983 17.4815 38.0000 117.0000 79.0000
45 255 1640 1557.0 CC_Anterior 95.8366 19.0647 35.0000 121.0000 86.0000
