Index SegId NVoxels Volume_mm3 StructName normMean normStdDev normMin normMax normRange
1 4 11986 12427.9 Left-Lateral-Ventricle 14.1392 14.6625 0.0000 68.0000 68.0000
2 5 370 416.1 Left-Inf-Lat-Vent 25.5757 16.4520 0.0000 66.0000 66.0000
3 7 16910 17535.2 Left-Cerebellum-White-Matter 104.3703 9.7363 32.0000 127.0000 95.0000
4 8 68686 67462.5 Left-Cerebellum-Cortex 70.7614 16.0063 2.0000 116.0000 114.0000
5 10 8488 8073.6 Left-Thalamus 88.6734 12.8443 27.0000 120.0000 93.0000
6 11 3316 3181.0 Left-Caudate 73.9427 10.3434 39.0000 100.0000 61.0000
7 12 5761 5728.1 Left-Putamen 86.8306 6.1074 58.0000 106.0000 48.0000
8 13 2284 2268.3 Left-Pallidum 104.5766 6.2613 53.0000 132.0000 79.0000
9 14 1151 1221.9 3rd-Ventricle 24.7984 15.1444 0.0000 66.0000 66.0000
10 15 2047 2269.8 4th-Ventricle 27.7132 14.5218 1.0000 79.0000 78.0000
11 16 22825 22473.4 Brain-Stem 97.6692 14.5445 16.0000 129.0000 113.0000
12 17 5028 4801.3 Left-Hippocampus 69.2424 12.4414 5.0000 109.0000 104.0000
13 18 2075 2095.2 Left-Amygdala 73.5658 8.7454 40.0000 97.0000 57.0000
14 24 1735 1736.2 CSF 35.0853 18.1747 0.0000 113.0000 113.0000
15 26 579 588.8 Left-Accumbens-area 77.1779 6.3789 51.0000 97.0000 46.0000
16 28 4689 4460.1 Left-VentralDC 95.8910 16.4655 29.0000 125.0000 96.0000
17 30 0 0.0 Left-vessel 0.0000 0.0000 0.0000 0.0000 0.0000
18 31 901 834.4 Left-choroid-plexus 33.8013 14.7068 0.0000 71.0000 71.0000
19 43 15262 15574.2 Right-Lateral-Ventricle 11.8256 13.4176 0.0000 71.0000 71.0000
20 44 397 467.2 Right-Inf-Lat-Vent 31.1612 15.0794 0.0000 66.0000 66.0000
21 46 15701 16347.2 Right-Cerebellum-White-Matter 103.6779 8.7059 39.0000 126.0000 87.0000
22 47 72839 71390.5 Right-Cerebellum-Cortex 71.7187 16.1744 2.0000 128.0000 126.0000
23 49 8125 7695.1 Right-Thalamus 88.8156 13.0166 24.0000 117.0000 93.0000
24 50 3653 3551.0 Right-Caudate 72.1007 10.6363 31.0000 100.0000 69.0000
25 51 5868 5797.5 Right-Putamen 86.1791 7.3773 39.0000 108.0000 69.0000
26 52 2270 2224.1 Right-Pallidum 105.0692 5.8019 53.0000 129.0000 76.0000
27 53 5482 5302.7 Right-Hippocampus 70.5892 10.2667 16.0000 103.0000 87.0000
28 54 2147 2160.6 Right-Amygdala 71.7494 8.5662 30.0000 99.0000 69.0000
29 58 598 579.3 Right-Accumbens-area 75.3562 6.8520 40.0000 94.0000 54.0000
30 60 4569 4268.0 Right-VentralDC 94.2267 17.2258 19.0000 137.0000 118.0000
31 62 0 0.0 Right-vessel 0.0000 0.0000 0.0000 0.0000 0.0000
32 63 1367 1290.0 Right-choroid-plexus 34.1895 13.7861 2.0000 73.0000 71.0000
33 72 0 0.0 5th-Ventricle 0.0000 0.0000 0.0000 0.0000 0.0000
34 77 1459 1319.7 WM-hypointensities 60.3310 12.6081 26.0000 90.0000 64.0000
35 78 0 0.0 Left-WM-hypointensities 0.0000 0.0000 0.0000 0.0000 0.0000
36 79 0 0.0 Right-WM-hypointensities 0.0000 0.0000 0.0000 0.0000 0.0000
37 80 0 0.0 non-WM-hypointensities 0.0000 0.0000 0.0000 0.0000 0.0000
38 81 0 0.0 Left-non-WM-hypointensities 0.0000 0.0000 0.0000 0.0000 0.0000
39 82 0 0.0 Right-non-WM-hypointensities 0.0000 0.0000 0.0000 0.0000 0.0000
40 85 0 0.0 Optic-Chiasm 0.0000 0.0000 0.0000 0.0000 0.0000
41 251 1249 1209.7 CC_Posterior 102.4532 15.6080 34.0000 121.0000 87.0000
42 252 732 647.1 CC_Mid_Posterior 89.9221 23.3549 10.0000 125.0000 115.0000
43 253 1163 1032.5 CC_Central 90.2218 21.7857 10.0000 124.0000 114.0000
44 254 628 565.5 CC_Mid_Anterior 96.9268 18.5652 40.0000 116.0000 76.0000
45 255 1707 1631.3 CC_Anterior 93.8067 20.4054 15.0000 124.0000 109.0000
