Index SegId NVoxels Volume_mm3 StructName normMean normStdDev normMin normMax normRange
1 4 8427 8752.7 Left-Lateral-Ventricle 13.1379 14.6762 0.0000 73.0000 73.0000
2 5 254 315.3 Left-Inf-Lat-Vent 34.2992 18.6292 0.0000 74.0000 74.0000
3 7 17443 17718.8 Left-Cerebellum-White-Matter 102.2193 9.6508 32.0000 134.0000 102.0000
4 8 57809 56550.9 Left-Cerebellum-Cortex 68.5703 14.5879 2.0000 114.0000 112.0000
5 10 9704 9302.9 Left-Thalamus 92.9447 11.5054 39.0000 116.0000 77.0000
6 11 3498 3430.1 Left-Caudate 73.8768 9.9854 39.0000 98.0000 59.0000
7 12 4940 4845.0 Left-Putamen 88.0492 6.3973 51.0000 108.0000 57.0000
8 13 2190 2153.1 Left-Pallidum 107.1183 4.8270 67.0000 122.0000 55.0000
9 14 850 920.6 3rd-Ventricle 29.7529 18.0648 0.0000 75.0000 75.0000
10 15 1046 1170.6 4th-Ventricle 30.8633 17.8286 0.0000 81.0000 81.0000
11 16 22144 21889.9 Brain-Stem 98.8152 12.9003 20.0000 130.0000 110.0000
12 17 4330 4115.5 Left-Hippocampus 72.1464 10.4120 24.0000 105.0000 81.0000
13 18 1911 1935.8 Left-Amygdala 72.5767 7.9470 38.0000 97.0000 59.0000
14 24 962 983.8 CSF 42.2879 17.1372 0.0000 84.0000 84.0000
15 26 580 584.2 Left-Accumbens-area 75.1224 5.8614 46.0000 92.0000 46.0000
16 28 4765 4561.2 Left-VentralDC 100.1173 13.5140 38.0000 128.0000 90.0000
17 30 0 0.0 Left-vessel 0.0000 0.0000 0.0000 0.0000 0.0000
18 31 645 600.3 Left-choroid-plexus 37.9473 15.1693 2.0000 75.0000 73.0000
19 43 5612 5924.3 Right-Lateral-Ventricle 16.1613 16.1792 0.0000 78.0000 78.0000
20 44 264 325.2 Right-Inf-Lat-Vent 32.3864 17.1520 0.0000 75.0000 75.0000
21 46 16434 16615.5 Right-Cerebellum-White-Matter 102.2893 9.3903 40.0000 126.0000 86.0000
22 47 58067 56963.5 Right-Cerebellum-Cortex 66.5304 15.4679 0.0000 114.0000 114.0000
23 49 9113 8711.0 Right-Thalamus 91.8934 11.2586 29.0000 116.0000 87.0000
24 50 3796 3728.6 Right-Caudate 71.1257 9.5795 36.0000 99.0000 63.0000
25 51 4923 4838.2 Right-Putamen 85.5738 7.3603 40.0000 106.0000 66.0000
26 52 2175 2111.7 Right-Pallidum 104.4120 5.7962 35.0000 120.0000 85.0000
27 53 4567 4448.9 Right-Hippocampus 70.9893 9.5668 24.0000 100.0000 76.0000
28 54 1978 2050.8 Right-Amygdala 71.4575 8.9032 33.0000 99.0000 66.0000
29 58 726 724.0 Right-Accumbens-area 73.1116 6.3241 44.0000 90.0000 46.0000
30 60 4855 4619.4 Right-VentralDC 98.8012 14.6617 21.0000 129.0000 108.0000
31 62 0 0.0 Right-vessel 0.0000 0.0000 0.0000 0.0000 0.0000
32 63 597 515.0 Right-choroid-plexus 41.5477 16.1303 0.0000 79.0000 79.0000
33 72 0 0.0 5th-Ventricle 0.0000 0.0000 0.0000 0.0000 0.0000
34 77 954 860.5 WM-hypointensities 60.9591 11.9695 28.0000 87.0000 59.0000
35 78 0 0.0 Left-WM-hypointensities 0.0000 0.0000 0.0000 0.0000 0.0000
36 79 0 0.0 Right-WM-hypointensities 0.0000 0.0000 0.0000 0.0000 0.0000
37 80 0 0.0 non-WM-hypointensities 0.0000 0.0000 0.0000 0.0000 0.0000
38 81 0 0.0 Left-non-WM-hypointensities 0.0000 0.0000 0.0000 0.0000 0.0000
39 82 0 0.0 Right-non-WM-hypointensities 0.0000 0.0000 0.0000 0.0000 0.0000
40 85 0 0.0 Optic-Chiasm 0.0000 0.0000 0.0000 0.0000 0.0000
41 251 1396 1319.6 CC_Posterior 100.4620 16.6767 18.0000 119.0000 101.0000
42 252 827 737.2 CC_Mid_Posterior 92.5490 19.2259 8.0000 127.0000 119.0000
43 253 874 781.8 CC_Central 89.6636 20.3251 6.0000 121.0000 115.0000
44 254 742 627.9 CC_Mid_Anterior 86.1698 19.9628 13.0000 109.0000 96.0000
45 255 959 915.8 CC_Anterior 99.8884 14.0759 25.0000 124.0000 99.0000
