Index SegId NVoxels Volume_mm3 StructName normMean normStdDev normMin normMax normRange
1 4 3221 3564.4 Left-Lateral-Ventricle 19.5042 15.9077 0.0000 74.0000 74.0000
2 5 107 144.0 Left-Inf-Lat-Vent 39.1963 12.2640 12.0000 65.0000 53.0000
3 7 13891 14354.1 Left-Cerebellum-White-Matter 99.8101 10.0894 30.0000 128.0000 98.0000
4 8 47559 46269.3 Left-Cerebellum-Cortex 61.4223 15.3563 0.0000 112.0000 112.0000
5 10 7700 7426.2 Left-Thalamus 89.4370 11.5920 31.0000 118.0000 87.0000
6 11 3597 3591.7 Left-Caudate 71.4259 8.5169 38.0000 97.0000 59.0000
7 12 4637 4614.5 Left-Putamen 85.2709 7.0786 49.0000 105.0000 56.0000
8 13 2102 2067.0 Left-Pallidum 102.7236 5.2710 74.0000 120.0000 46.0000
9 14 513 599.1 3rd-Ventricle 39.5107 16.8941 1.0000 72.0000 71.0000
10 15 886 986.0 4th-Ventricle 25.3634 18.7299 0.0000 71.0000 71.0000
11 16 19326 19191.1 Brain-Stem 97.9691 12.7950 16.0000 128.0000 112.0000
12 17 4086 3943.6 Left-Hippocampus 60.8035 10.8928 20.0000 102.0000 82.0000
13 18 1583 1604.7 Left-Amygdala 65.2325 7.7328 36.0000 91.0000 55.0000
14 24 801 849.8 CSF 35.4307 16.2599 0.0000 88.0000 88.0000
15 26 505 518.4 Left-Accumbens-area 72.4970 5.5220 48.0000 86.0000 38.0000
16 28 4074 3924.5 Left-VentralDC 97.9381 13.6524 32.0000 130.0000 98.0000
17 30 0 0.0 Left-vessel 0.0000 0.0000 0.0000 0.0000 0.0000
18 31 478 459.3 Left-choroid-plexus 44.3661 17.0395 4.0000 76.0000 72.0000
19 43 3041 3335.1 Right-Lateral-Ventricle 17.0763 15.8867 0.0000 65.0000 65.0000
20 44 357 401.2 Right-Inf-Lat-Vent 23.3529 16.0377 0.0000 61.0000 61.0000
21 46 13615 14044.1 Right-Cerebellum-White-Matter 99.1442 9.8529 37.0000 135.0000 98.0000
22 47 48299 46901.9 Right-Cerebellum-Cortex 61.3453 15.7856 0.0000 110.0000 110.0000
23 49 7457 7085.4 Right-Thalamus 89.1080 11.7133 27.0000 116.0000 89.0000
24 50 3689 3729.9 Right-Caudate 71.0060 8.6177 35.0000 98.0000 63.0000
25 51 4704 4676.1 Right-Putamen 85.1097 7.5684 46.0000 106.0000 60.0000
26 52 1994 1923.1 Right-Pallidum 103.3340 5.1575 71.0000 118.0000 47.0000
27 53 4183 4082.3 Right-Hippocampus 62.6381 11.3377 0.0000 102.0000 102.0000
28 54 1672 1701.1 Right-Amygdala 67.9139 8.4213 31.0000 94.0000 63.0000
29 58 596 584.8 Right-Accumbens-area 73.4933 5.8045 48.0000 89.0000 41.0000
30 60 4168 3996.9 Right-VentralDC 99.8954 14.6814 18.0000 135.0000 117.0000
31 62 0 0.0 Right-vessel 0.0000 0.0000 0.0000 0.0000 0.0000
32 63 663 595.0 Right-choroid-plexus 42.0437 16.9452 5.0000 77.0000 72.0000
33 72 0 0.0 5th-Ventricle 0.0000 0.0000 0.0000 0.0000 0.0000
34 77 973 928.4 WM-hypointensities 61.2806 12.2953 16.0000 90.0000 74.0000
35 78 0 0.0 Left-WM-hypointensities 0.0000 0.0000 0.0000 0.0000 0.0000
36 79 0 0.0 Right-WM-hypointensities 0.0000 0.0000 0.0000 0.0000 0.0000
37 80 0 0.0 non-WM-hypointensities 0.0000 0.0000 0.0000 0.0000 0.0000
38 81 0 0.0 Left-non-WM-hypointensities 0.0000 0.0000 0.0000 0.0000 0.0000
39 82 0 0.0 Right-non-WM-hypointensities 0.0000 0.0000 0.0000 0.0000 0.0000
40 85 0 0.0 Optic-Chiasm 0.0000 0.0000 0.0000 0.0000 0.0000
41 251 1036 1003.9 CC_Posterior 102.5135 14.5611 31.0000 117.0000 86.0000
42 252 550 496.0 CC_Mid_Posterior 97.4218 18.9890 15.0000 118.0000 103.0000
43 253 755 681.1 CC_Central 92.5682 18.2967 15.0000 113.0000 98.0000
44 254 856 754.0 CC_Mid_Anterior 86.4404 20.5154 40.0000 114.0000 74.0000
45 255 890 818.7 CC_Anterior 96.9101 16.0350 22.0000 117.0000 95.0000
