Index SegId NVoxels Volume_mm3 StructName normMean normStdDev normMin normMax normRange
1 4 3210 3598.8 Left-Lateral-Ventricle 17.5125 15.2696 0.0000 69.0000 69.0000
2 5 71 107.1 Left-Inf-Lat-Vent 38.1549 12.9059 0.0000 60.0000 60.0000
3 7 13838 14438.6 Left-Cerebellum-White-Matter 101.1554 10.3824 28.0000 129.0000 101.0000
4 8 50884 49268.1 Left-Cerebellum-Cortex 65.5600 15.6872 0.0000 118.0000 118.0000
5 10 7756 7475.9 Left-Thalamus 87.2129 12.2555 22.0000 114.0000 92.0000
6 11 3543 3545.9 Left-Caudate 69.6209 8.6096 35.0000 93.0000 58.0000
7 12 4484 4469.6 Left-Putamen 85.1385 6.9252 41.0000 106.0000 65.0000
8 13 2019 2027.4 Left-Pallidum 102.9094 5.4044 81.0000 120.0000 39.0000
9 14 511 603.2 3rd-Ventricle 34.7573 16.8998 0.0000 74.0000 74.0000
10 15 854 973.9 4th-Ventricle 26.3735 18.6183 0.0000 75.0000 75.0000
11 16 19377 19064.5 Brain-Stem 98.7222 13.6169 6.0000 125.0000 119.0000
12 17 4178 4065.8 Left-Hippocampus 65.4708 10.5411 25.0000 104.0000 79.0000
13 18 1540 1557.3 Left-Amygdala 69.1292 9.0352 36.0000 97.0000 61.0000
14 24 845 888.0 CSF 33.4391 15.8436 0.0000 89.0000 89.0000
15 26 478 485.1 Left-Accumbens-area 70.4121 5.7221 45.0000 86.0000 41.0000
16 28 4210 4058.6 Left-VentralDC 97.1561 15.1424 24.0000 130.0000 106.0000
17 30 0 0.0 Left-vessel 0.0000 0.0000 0.0000 0.0000 0.0000
18 31 405 386.1 Left-choroid-plexus 39.1333 18.0061 0.0000 75.0000 75.0000
19 43 3087 3425.4 Right-Lateral-Ventricle 15.4590 15.2951 0.0000 66.0000 66.0000
20 44 292 353.1 Right-Inf-Lat-Vent 23.8356 15.9779 0.0000 65.0000 65.0000
21 46 13468 14020.5 Right-Cerebellum-White-Matter 99.8675 9.4468 39.0000 125.0000 86.0000
22 47 52058 50416.2 Right-Cerebellum-Cortex 64.8585 15.6283 0.0000 117.0000 117.0000
23 49 7613 7253.5 Right-Thalamus 85.6729 11.5661 26.0000 112.0000 86.0000
24 50 3615 3663.5 Right-Caudate 68.0409 8.8254 31.0000 94.0000 63.0000
25 51 4661 4675.9 Right-Putamen 82.4036 7.4499 46.0000 106.0000 60.0000
26 52 1955 1913.3 Right-Pallidum 100.7688 5.2912 68.0000 115.0000 47.0000
27 53 4260 4129.9 Right-Hippocampus 64.4688 10.3115 21.0000 98.0000 77.0000
28 54 1571 1596.4 Right-Amygdala 65.8861 9.0291 32.0000 96.0000 64.0000
29 58 568 558.0 Right-Accumbens-area 68.3908 6.0154 39.0000 85.0000 46.0000
30 60 4209 3987.7 Right-VentralDC 95.1029 15.6449 21.0000 124.0000 103.0000
31 62 0 0.0 Right-vessel 0.0000 0.0000 0.0000 0.0000 0.0000
32 63 546 504.6 Right-choroid-plexus 36.5458 16.0002 0.0000 72.0000 72.0000
33 72 0 0.0 5th-Ventricle 0.0000 0.0000 0.0000 0.0000 0.0000
34 77 1000 948.2 WM-hypointensities 55.0730 13.0108 15.0000 87.0000 72.0000
35 78 0 0.0 Left-WM-hypointensities 0.0000 0.0000 0.0000 0.0000 0.0000
36 79 0 0.0 Right-WM-hypointensities 0.0000 0.0000 0.0000 0.0000 0.0000
37 80 0 0.0 non-WM-hypointensities 0.0000 0.0000 0.0000 0.0000 0.0000
38 81 0 0.0 Left-non-WM-hypointensities 0.0000 0.0000 0.0000 0.0000 0.0000
39 82 0 0.0 Right-non-WM-hypointensities 0.0000 0.0000 0.0000 0.0000 0.0000
40 85 0 0.0 Optic-Chiasm 0.0000 0.0000 0.0000 0.0000 0.0000
41 251 1046 1000.1 CC_Posterior 102.2553 14.9493 33.0000 118.0000 85.0000
42 252 573 511.6 CC_Mid_Posterior 95.5515 19.1477 16.0000 118.0000 102.0000
43 253 728 657.9 CC_Central 93.1470 16.0723 28.0000 116.0000 88.0000
44 254 810 690.5 CC_Mid_Anterior 83.8753 20.8766 4.0000 110.0000 106.0000
45 255 828 762.2 CC_Anterior 98.0894 17.4485 0.0000 117.0000 117.0000
