Index SegId NVoxels Volume_mm3 StructName normMean normStdDev normMin normMax normRange
1 4 3067 3388.1 Left-Lateral-Ventricle 19.5618 16.9923 0.0000 74.0000 74.0000
2 5 70 109.3 Left-Inf-Lat-Vent 47.6286 10.0031 27.0000 68.0000 41.0000
3 7 14649 15050.6 Left-Cerebellum-White-Matter 100.2296 9.6162 30.0000 123.0000 93.0000
4 8 48189 46800.1 Left-Cerebellum-Cortex 65.5678 16.0990 0.0000 114.0000 114.0000
5 10 7880 7612.6 Left-Thalamus 91.4642 11.6472 32.0000 118.0000 86.0000
6 11 3523 3496.1 Left-Caudate 72.7224 8.7586 38.0000 97.0000 59.0000
7 12 4406 4408.7 Left-Putamen 86.8670 6.6841 53.0000 106.0000 53.0000
8 13 2039 1996.7 Left-Pallidum 103.6503 4.8457 73.0000 119.0000 46.0000
9 14 489 560.2 3rd-Ventricle 38.3783 19.2265 0.0000 76.0000 76.0000
10 15 888 1048.3 4th-Ventricle 33.9775 17.7728 0.0000 81.0000 81.0000
11 16 19386 19137.2 Brain-Stem 100.0131 12.9373 15.0000 127.0000 112.0000
12 17 4091 3970.1 Left-Hippocampus 66.5683 9.6826 24.0000 104.0000 80.0000
13 18 1528 1535.1 Left-Amygdala 68.4496 8.4071 38.0000 96.0000 58.0000
14 24 775 820.0 CSF 37.0787 16.9635 0.0000 84.0000 84.0000
15 26 457 477.9 Left-Accumbens-area 72.2451 5.4080 50.0000 87.0000 37.0000
16 28 4182 4025.4 Left-VentralDC 99.9567 13.7292 32.0000 126.0000 94.0000
17 30 0 0.0 Left-vessel 0.0000 0.0000 0.0000 0.0000 0.0000
18 31 428 406.7 Left-choroid-plexus 42.8598 18.5830 2.0000 80.0000 78.0000
19 43 3022 3329.6 Right-Lateral-Ventricle 16.8958 16.2603 0.0000 70.0000 70.0000
20 44 324 373.1 Right-Inf-Lat-Vent 24.7130 15.7423 0.0000 66.0000 66.0000
21 46 14213 14563.2 Right-Cerebellum-White-Matter 100.8775 8.9111 37.0000 123.0000 86.0000
22 47 48780 47175.9 Right-Cerebellum-Cortex 67.1747 16.6924 0.0000 115.0000 115.0000
23 49 7670 7317.5 Right-Thalamus 89.8988 11.5019 31.0000 116.0000 85.0000
24 50 3596 3611.5 Right-Caudate 71.3615 8.5157 34.0000 94.0000 60.0000
25 51 4595 4586.5 Right-Putamen 85.5539 7.3841 44.0000 104.0000 60.0000
26 52 2041 1986.4 Right-Pallidum 103.0671 4.6253 74.0000 113.0000 39.0000
27 53 4222 4109.7 Right-Hippocampus 65.5514 10.3975 17.0000 112.0000 95.0000
28 54 1644 1688.5 Right-Amygdala 68.5657 7.6578 38.0000 90.0000 52.0000
29 58 557 549.6 Right-Accumbens-area 72.8797 5.8563 46.0000 88.0000 42.0000
30 60 4203 4022.0 Right-VentralDC 99.6498 15.1694 22.0000 130.0000 108.0000
31 62 0 0.0 Right-vessel 0.0000 0.0000 0.0000 0.0000 0.0000
32 63 536 479.5 Right-choroid-plexus 41.7015 18.3288 2.0000 83.0000 81.0000
33 72 0 0.0 5th-Ventricle 0.0000 0.0000 0.0000 0.0000 0.0000
34 77 1016 981.0 WM-hypointensities 59.4380 12.5758 14.0000 89.0000 75.0000
35 78 0 0.0 Left-WM-hypointensities 0.0000 0.0000 0.0000 0.0000 0.0000
36 79 0 0.0 Right-WM-hypointensities 0.0000 0.0000 0.0000 0.0000 0.0000
37 80 0 0.0 non-WM-hypointensities 0.0000 0.0000 0.0000 0.0000 0.0000
38 81 0 0.0 Left-non-WM-hypointensities 0.0000 0.0000 0.0000 0.0000 0.0000
39 82 0 0.0 Right-non-WM-hypointensities 0.0000 0.0000 0.0000 0.0000 0.0000
40 85 0 0.0 Optic-Chiasm 0.0000 0.0000 0.0000 0.0000 0.0000
41 251 1084 1011.5 CC_Posterior 101.2565 15.3977 37.0000 119.0000 82.0000
42 252 589 516.2 CC_Mid_Posterior 95.8336 18.2399 15.0000 121.0000 106.0000
43 253 826 742.8 CC_Central 92.1804 18.3842 10.0000 114.0000 104.0000
44 254 869 762.9 CC_Mid_Anterior 85.5823 19.0122 20.0000 110.0000 90.0000
45 255 836 774.6 CC_Anterior 96.6687 15.0044 34.0000 115.0000 81.0000
