Index SegId NVoxels Volume_mm3 StructName normMean normStdDev normMin normMax normRange
1 4 3135 3517.8 Left-Lateral-Ventricle 17.2019 15.4682 0.0000 75.0000 75.0000
2 5 89 135.7 Left-Inf-Lat-Vent 39.3371 14.6528 1.0000 67.0000 66.0000
3 7 14311 14911.2 Left-Cerebellum-White-Matter 99.5034 11.5209 28.0000 132.0000 104.0000
4 8 50012 48405.5 Left-Cerebellum-Cortex 61.0946 15.2718 0.0000 113.0000 113.0000
5 10 7809 7488.1 Left-Thalamus 88.7925 12.2959 24.0000 116.0000 92.0000
6 11 3531 3571.7 Left-Caudate 70.3214 8.3180 37.0000 95.0000 58.0000
7 12 4556 4570.9 Left-Putamen 85.1780 7.1098 40.0000 105.0000 65.0000
8 13 2025 2012.2 Left-Pallidum 104.5269 5.5754 78.0000 121.0000 43.0000
9 14 487 573.4 3rd-Ventricle 34.7372 17.3493 0.0000 73.0000 73.0000
10 15 796 915.1 4th-Ventricle 23.9975 17.7243 0.0000 72.0000 72.0000
11 16 19117 18953.6 Brain-Stem 97.2053 14.0756 9.0000 135.0000 126.0000
12 17 4105 4002.6 Left-Hippocampus 65.1815 10.6053 23.0000 100.0000 77.0000
13 18 1557 1572.7 Left-Amygdala 68.6423 8.6327 39.0000 95.0000 56.0000
14 24 783 841.0 CSF 32.9387 16.4106 0.0000 90.0000 90.0000
15 26 482 498.8 Left-Accumbens-area 70.2282 5.4690 48.0000 83.0000 35.0000
16 28 4089 3947.2 Left-VentralDC 99.3372 15.3786 28.0000 127.0000 99.0000
17 30 0 0.0 Left-vessel 0.0000 0.0000 0.0000 0.0000 0.0000
18 31 406 392.5 Left-choroid-plexus 40.9187 18.5174 0.0000 73.0000 73.0000
19 43 3003 3361.0 Right-Lateral-Ventricle 15.1195 15.0785 0.0000 68.0000 68.0000
20 44 274 330.6 Right-Inf-Lat-Vent 22.5474 15.1232 0.0000 59.0000 59.0000
21 46 13810 14308.1 Right-Cerebellum-White-Matter 98.1933 9.7051 38.0000 127.0000 89.0000
22 47 51411 49815.8 Right-Cerebellum-Cortex 62.0443 15.2040 0.0000 108.0000 108.0000
23 49 7543 7187.8 Right-Thalamus 87.2657 11.6707 29.0000 118.0000 89.0000
24 50 3603 3669.8 Right-Caudate 69.2154 8.7335 29.0000 94.0000 65.0000
25 51 4676 4708.7 Right-Putamen 82.4512 7.4307 40.0000 103.0000 63.0000
26 52 1998 1951.4 Right-Pallidum 101.6912 5.3336 70.0000 118.0000 48.0000
27 53 4235 4127.0 Right-Hippocampus 62.7195 10.2454 21.0000 98.0000 77.0000
28 54 1594 1616.8 Right-Amygdala 63.8902 8.8136 32.0000 92.0000 60.0000
29 58 535 526.3 Right-Accumbens-area 68.1477 6.3787 31.0000 86.0000 55.0000
30 60 4097 3891.0 Right-VentralDC 95.4860 15.5785 27.0000 127.0000 100.0000
31 62 0 0.0 Right-vessel 0.0000 0.0000 0.0000 0.0000 0.0000
32 63 565 525.7 Right-choroid-plexus 37.5150 16.5804 1.0000 74.0000 73.0000
33 72 0 0.0 5th-Ventricle 0.0000 0.0000 0.0000 0.0000 0.0000
34 77 1039 991.7 WM-hypointensities 55.4783 12.7956 12.0000 86.0000 74.0000
35 78 0 0.0 Left-WM-hypointensities 0.0000 0.0000 0.0000 0.0000 0.0000
36 79 0 0.0 Right-WM-hypointensities 0.0000 0.0000 0.0000 0.0000 0.0000
37 80 0 0.0 non-WM-hypointensities 0.0000 0.0000 0.0000 0.0000 0.0000
38 81 0 0.0 Left-non-WM-hypointensities 0.0000 0.0000 0.0000 0.0000 0.0000
39 82 0 0.0 Right-non-WM-hypointensities 0.0000 0.0000 0.0000 0.0000 0.0000
40 85 0 0.0 Optic-Chiasm 0.0000 0.0000 0.0000 0.0000 0.0000
41 251 1059 1023.6 CC_Posterior 102.6308 13.9133 41.0000 118.0000 77.0000
42 252 573 511.1 CC_Mid_Posterior 97.3386 18.9555 12.0000 117.0000 105.0000
43 253 879 787.8 CC_Central 90.0785 19.3293 16.0000 114.0000 98.0000
44 254 976 859.1 CC_Mid_Anterior 82.6107 21.8333 11.0000 112.0000 101.0000
45 255 830 767.6 CC_Anterior 99.0169 15.2562 28.0000 117.0000 89.0000
