Index SegId NVoxels Volume_mm3 StructName normMean normStdDev normMin normMax normRange
1 4 3133 3537.6 Left-Lateral-Ventricle 16.7386 15.2717 0.0000 75.0000 75.0000
2 5 65 100.6 Left-Inf-Lat-Vent 41.5077 11.9950 16.0000 62.0000 46.0000
3 7 14033 14655.6 Left-Cerebellum-White-Matter 99.7750 10.9990 25.0000 122.0000 97.0000
4 8 50386 48760.7 Left-Cerebellum-Cortex 61.4272 15.4731 0.0000 111.0000 111.0000
5 10 7865 7598.2 Left-Thalamus 89.2692 12.4675 28.0000 118.0000 90.0000
6 11 3548 3582.7 Left-Caudate 70.4008 8.0847 33.0000 93.0000 60.0000
7 12 4505 4546.7 Left-Putamen 84.5620 6.8868 43.0000 107.0000 64.0000
8 13 2014 1982.0 Left-Pallidum 103.9355 5.5029 81.0000 119.0000 38.0000
9 14 510 605.3 3rd-Ventricle 37.5765 17.3543 0.0000 79.0000 79.0000
10 15 814 953.9 4th-Ventricle 24.6757 17.1886 0.0000 70.0000 70.0000
11 16 19131 18860.1 Brain-Stem 96.9395 14.3045 6.0000 124.0000 118.0000
12 17 4176 4076.9 Left-Hippocampus 63.8135 10.6105 20.0000 101.0000 81.0000
13 18 1543 1545.4 Left-Amygdala 66.6935 8.8928 36.0000 93.0000 57.0000
14 24 832 886.5 CSF 33.6695 17.2621 0.0000 78.0000 78.0000
15 26 452 462.6 Left-Accumbens-area 70.3208 5.3383 46.0000 83.0000 37.0000
16 28 4040 3870.7 Left-VentralDC 98.5403 15.3518 28.0000 131.0000 103.0000
17 30 0 0.0 Left-vessel 0.0000 0.0000 0.0000 0.0000 0.0000
18 31 400 382.5 Left-choroid-plexus 39.7650 18.5207 0.0000 73.0000 73.0000
19 43 3002 3374.9 Right-Lateral-Ventricle 14.6126 14.9495 0.0000 63.0000 63.0000
20 44 285 344.6 Right-Inf-Lat-Vent 22.3649 14.9212 0.0000 57.0000 57.0000
21 46 13391 13940.4 Right-Cerebellum-White-Matter 100.5192 9.9498 38.0000 124.0000 86.0000
22 47 52227 50535.8 Right-Cerebellum-Cortex 62.2672 15.8463 0.0000 109.0000 109.0000
23 49 7603 7227.6 Right-Thalamus 87.8214 11.9063 26.0000 118.0000 92.0000
24 50 3587 3654.0 Right-Caudate 69.5397 8.8289 31.0000 92.0000 61.0000
25 51 4710 4729.3 Right-Putamen 83.0686 7.4301 50.0000 104.0000 54.0000
26 52 2031 1986.3 Right-Pallidum 102.5480 5.2512 75.0000 115.0000 40.0000
27 53 4281 4174.9 Right-Hippocampus 63.4149 10.8850 22.0000 101.0000 79.0000
28 54 1689 1708.4 Right-Amygdala 65.1539 9.1138 28.0000 96.0000 68.0000
29 58 536 532.2 Right-Accumbens-area 68.4142 5.8642 42.0000 85.0000 43.0000
30 60 4084 3874.1 Right-VentralDC 96.3883 16.5613 18.0000 125.0000 107.0000
31 62 0 0.0 Right-vessel 0.0000 0.0000 0.0000 0.0000 0.0000
32 63 571 527.4 Right-choroid-plexus 36.4291 16.3077 0.0000 75.0000 75.0000
33 72 0 0.0 5th-Ventricle 0.0000 0.0000 0.0000 0.0000 0.0000
34 77 1036 1004.1 WM-hypointensities 54.4633 13.0430 14.0000 84.0000 70.0000
35 78 0 0.0 Left-WM-hypointensities 0.0000 0.0000 0.0000 0.0000 0.0000
36 79 0 0.0 Right-WM-hypointensities 0.0000 0.0000 0.0000 0.0000 0.0000
37 80 0 0.0 non-WM-hypointensities 0.0000 0.0000 0.0000 0.0000 0.0000
38 81 0 0.0 Left-non-WM-hypointensities 0.0000 0.0000 0.0000 0.0000 0.0000
39 82 0 0.0 Right-non-WM-hypointensities 0.0000 0.0000 0.0000 0.0000 0.0000
40 85 0 0.0 Optic-Chiasm 0.0000 0.0000 0.0000 0.0000 0.0000
41 251 1102 1023.4 CC_Posterior 101.6225 16.6229 35.0000 122.0000 87.0000
42 252 557 498.5 CC_Mid_Posterior 96.9910 19.2785 21.0000 118.0000 97.0000
43 253 767 687.1 CC_Central 91.8175 18.5264 19.0000 118.0000 99.0000
44 254 931 807.4 CC_Mid_Anterior 84.4952 20.7635 31.0000 114.0000 83.0000
45 255 839 780.4 CC_Anterior 98.8117 16.3853 31.0000 116.0000 85.0000
