Index SegId NVoxels Volume_mm3 StructName normMean normStdDev normMin normMax normRange
1 4 3089 3465.0 Left-Lateral-Ventricle 17.7705 15.8158 0.0000 80.0000 80.0000
2 5 49 87.7 Left-Inf-Lat-Vent 36.5918 12.9822 12.0000 65.0000 53.0000
3 7 14069 14713.3 Left-Cerebellum-White-Matter 99.2741 10.9353 24.0000 124.0000 100.0000
4 8 50868 49336.1 Left-Cerebellum-Cortex 63.5198 15.4278 0.0000 119.0000 119.0000
5 10 7910 7615.6 Left-Thalamus 87.5736 12.2430 22.0000 118.0000 96.0000
6 11 3512 3540.5 Left-Caudate 71.2241 8.5606 31.0000 94.0000 63.0000
7 12 4532 4555.2 Left-Putamen 86.4673 6.4250 41.0000 108.0000 67.0000
8 13 1996 1976.6 Left-Pallidum 103.7911 5.6761 72.0000 122.0000 50.0000
9 14 481 567.4 3rd-Ventricle 33.3368 17.1039 0.0000 73.0000 73.0000
10 15 799 937.7 4th-Ventricle 25.4543 18.2185 0.0000 75.0000 75.0000
11 16 19500 19202.9 Brain-Stem 98.9289 13.7253 6.0000 129.0000 123.0000
12 17 4164 4060.4 Left-Hippocampus 65.6148 10.9177 18.0000 101.0000 83.0000
13 18 1455 1471.9 Left-Amygdala 68.3677 10.9275 37.0000 107.0000 70.0000
14 24 844 886.5 CSF 33.8045 16.4273 0.0000 96.0000 96.0000
15 26 484 496.4 Left-Accumbens-area 71.2831 5.3083 46.0000 86.0000 40.0000
16 28 4090 3958.0 Left-VentralDC 97.6885 14.8440 27.0000 126.0000 99.0000
17 30 0 0.0 Left-vessel 0.0000 0.0000 0.0000 0.0000 0.0000
18 31 356 337.5 Left-choroid-plexus 39.7921 17.5529 0.0000 75.0000 75.0000
19 43 3001 3373.2 Right-Lateral-Ventricle 15.6638 15.3383 0.0000 63.0000 63.0000
20 44 292 349.6 Right-Inf-Lat-Vent 23.4521 16.0823 0.0000 64.0000 64.0000
21 46 13586 14084.2 Right-Cerebellum-White-Matter 97.7567 9.7799 37.0000 126.0000 89.0000
22 47 52838 51184.4 Right-Cerebellum-Cortex 62.4688 15.5678 0.0000 112.0000 112.0000
23 49 7671 7290.7 Right-Thalamus 86.4400 11.6851 26.0000 112.0000 86.0000
24 50 3573 3646.7 Right-Caudate 69.2365 8.5255 33.0000 94.0000 61.0000
25 51 4671 4703.8 Right-Putamen 82.5558 7.4692 44.0000 104.0000 60.0000
26 52 1990 1953.5 Right-Pallidum 101.5588 5.1482 69.0000 118.0000 49.0000
27 53 4311 4207.0 Right-Hippocampus 64.4196 10.6649 24.0000 103.0000 79.0000
28 54 1590 1631.3 Right-Amygdala 67.1396 10.8594 31.0000 105.0000 74.0000
29 58 543 528.1 Right-Accumbens-area 68.6427 6.1597 38.0000 86.0000 48.0000
30 60 4179 3953.8 Right-VentralDC 95.0258 15.8479 24.0000 129.0000 105.0000
31 62 0 0.0 Right-vessel 0.0000 0.0000 0.0000 0.0000 0.0000
32 63 520 483.4 Right-choroid-plexus 36.2846 15.8939 1.0000 72.0000 71.0000
33 72 0 0.0 5th-Ventricle 0.0000 0.0000 0.0000 0.0000 0.0000
34 77 1003 988.9 WM-hypointensities 54.8116 12.7206 16.0000 86.0000 70.0000
35 78 0 0.0 Left-WM-hypointensities 0.0000 0.0000 0.0000 0.0000 0.0000
36 79 0 0.0 Right-WM-hypointensities 0.0000 0.0000 0.0000 0.0000 0.0000
37 80 0 0.0 non-WM-hypointensities 0.0000 0.0000 0.0000 0.0000 0.0000
38 81 0 0.0 Left-non-WM-hypointensities 0.0000 0.0000 0.0000 0.0000 0.0000
39 82 0 0.0 Right-non-WM-hypointensities 0.0000 0.0000 0.0000 0.0000 0.0000
40 85 0 0.0 Optic-Chiasm 0.0000 0.0000 0.0000 0.0000 0.0000
41 251 1068 1018.5 CC_Posterior 101.1152 14.3653 33.0000 116.0000 83.0000
42 252 557 503.4 CC_Mid_Posterior 96.5978 19.9446 10.0000 118.0000 108.0000
43 253 790 721.1 CC_Central 92.2570 16.8662 25.0000 113.0000 88.0000
44 254 822 719.0 CC_Mid_Anterior 84.3260 20.6811 11.0000 114.0000 103.0000
45 255 854 795.4 CC_Anterior 99.0059 16.9712 0.0000 117.0000 117.0000
