Index SegId NVoxels Volume_mm3 StructName normMean normStdDev normMin normMax normRange
1 4 3644 3854.4 Left-Lateral-Ventricle 17.5233 16.7154 0.0000 70.0000 70.0000
2 5 169 212.6 Left-Inf-Lat-Vent 39.7337 11.7790 3.0000 63.0000 60.0000
3 7 12472 13128.0 Left-Cerebellum-White-Matter 106.6854 12.0033 45.0000 146.0000 101.0000
4 8 48240 48136.6 Left-Cerebellum-Cortex 68.7137 14.8436 0.0000 120.0000 120.0000
5 10 7212 6930.9 Left-Thalamus 83.0675 12.0390 43.0000 113.0000 70.0000
6 11 3672 3670.5 Left-Caudate 64.9777 7.5910 36.0000 90.0000 54.0000
7 12 4733 4668.0 Left-Putamen 75.3389 7.1816 39.0000 98.0000 59.0000
8 13 1976 1933.0 Left-Pallidum 99.1802 6.0973 74.0000 118.0000 44.0000
9 14 475 496.4 3rd-Ventricle 25.6232 20.5720 0.0000 71.0000 71.0000
10 15 876 939.1 4th-Ventricle 21.1781 17.7701 0.0000 82.0000 82.0000
11 16 18008 18291.3 Brain-Stem 96.1448 12.2986 9.0000 151.0000 142.0000
12 17 3756 3650.2 Left-Hippocampus 61.6510 10.8473 25.0000 94.0000 69.0000
13 18 1370 1377.3 Left-Amygdala 66.3606 7.6407 44.0000 103.0000 59.0000
14 24 784 797.8 CSF 27.4452 17.0020 0.0000 69.0000 69.0000
15 26 554 531.0 Left-Accumbens-area 68.4296 6.9007 39.0000 85.0000 46.0000
16 28 3730 3665.8 Left-VentralDC 98.0713 14.1859 49.0000 134.0000 85.0000
17 30 0 0.0 Left-vessel 0.0000 0.0000 0.0000 0.0000 0.0000
18 31 556 526.0 Left-choroid-plexus 50.1619 12.8220 12.0000 75.0000 63.0000
19 43 3426 3619.1 Right-Lateral-Ventricle 15.5210 16.0017 0.0000 65.0000 65.0000
20 44 362 393.2 Right-Inf-Lat-Vent 28.1657 17.2697 0.0000 69.0000 69.0000
21 46 11925 12514.0 Right-Cerebellum-White-Matter 107.4018 11.1996 40.0000 150.0000 110.0000
22 47 49259 49173.5 Right-Cerebellum-Cortex 71.1594 15.2371 0.0000 123.0000 123.0000
23 49 6835 6543.7 Right-Thalamus 78.8170 12.0823 39.0000 116.0000 77.0000
24 50 3782 3784.4 Right-Caudate 62.4188 8.2380 29.0000 91.0000 62.0000
25 51 4799 4790.3 Right-Putamen 75.1727 7.0496 36.0000 97.0000 61.0000
26 52 1889 1842.7 Right-Pallidum 100.6088 6.5439 66.0000 120.0000 54.0000
27 53 3848 3753.9 Right-Hippocampus 62.6130 11.1645 23.0000 102.0000 79.0000
28 54 1522 1551.7 Right-Amygdala 66.9619 7.6076 40.0000 95.0000 55.0000
29 58 603 560.6 Right-Accumbens-area 64.3947 7.9404 29.0000 88.0000 59.0000
30 60 3724 3599.7 Right-VentralDC 95.2895 14.4714 41.0000 136.0000 95.0000
31 62 0 0.0 Right-vessel 0.0000 0.0000 0.0000 0.0000 0.0000
32 63 853 790.9 Right-choroid-plexus 47.5041 13.3808 10.0000 83.0000 73.0000
33 72 0 0.0 5th-Ventricle 0.0000 0.0000 0.0000 0.0000 0.0000
34 77 1219 1098.1 WM-hypointensities 63.6284 11.5664 32.0000 88.0000 56.0000
35 78 0 0.0 Left-WM-hypointensities 0.0000 0.0000 0.0000 0.0000 0.0000
36 79 0 0.0 Right-WM-hypointensities 0.0000 0.0000 0.0000 0.0000 0.0000
37 80 0 0.0 non-WM-hypointensities 0.0000 0.0000 0.0000 0.0000 0.0000
38 81 0 0.0 Left-non-WM-hypointensities 0.0000 0.0000 0.0000 0.0000 0.0000
39 82 0 0.0 Right-non-WM-hypointensities 0.0000 0.0000 0.0000 0.0000 0.0000
40 85 0 0.0 Optic-Chiasm 0.0000 0.0000 0.0000 0.0000 0.0000
41 251 1043 1147.6 CC_Posterior 117.9655 15.5267 47.0000 146.0000 99.0000
42 252 571 521.8 CC_Mid_Posterior 103.8511 25.0499 0.0000 141.0000 141.0000
43 253 889 799.8 CC_Central 97.7840 24.0984 0.0000 134.0000 134.0000
44 254 1094 1005.0 CC_Mid_Anterior 95.2185 23.9656 21.0000 137.0000 116.0000
45 255 856 850.3 CC_Anterior 118.5888 21.8648 34.0000 151.0000 117.0000
