Index SegId NVoxels Volume_mm3 StructName normMean normStdDev normMin normMax normRange
1 4 3133 3497.8 Left-Lateral-Ventricle 16.7849 15.6932 0.0000 78.0000 78.0000
2 5 83 129.5 Left-Inf-Lat-Vent 36.9277 12.9679 10.0000 62.0000 52.0000
3 7 13974 14587.1 Left-Cerebellum-White-Matter 100.4120 11.0661 32.0000 131.0000 99.0000
4 8 50142 48677.5 Left-Cerebellum-Cortex 61.8529 15.6392 0.0000 115.0000 115.0000
5 10 7791 7530.7 Left-Thalamus 88.6690 12.0599 22.0000 116.0000 94.0000
6 11 3566 3614.0 Left-Caudate 70.3702 8.2716 29.0000 95.0000 66.0000
7 12 4545 4580.1 Left-Putamen 83.7375 6.9526 37.0000 106.0000 69.0000
8 13 2005 1981.8 Left-Pallidum 102.7342 5.8187 62.0000 123.0000 61.0000
9 14 506 578.6 3rd-Ventricle 32.3538 17.4200 0.0000 76.0000 76.0000
10 15 808 922.6 4th-Ventricle 24.4493 17.9700 0.0000 73.0000 73.0000
11 16 18933 18739.8 Brain-Stem 97.9381 13.7396 11.0000 136.0000 125.0000
12 17 4109 3974.1 Left-Hippocampus 63.3979 10.7778 16.0000 98.0000 82.0000
13 18 1562 1570.4 Left-Amygdala 67.4782 9.4724 33.0000 100.0000 67.0000
14 24 819 874.4 CSF 33.7350 16.3219 0.0000 103.0000 103.0000
15 26 473 480.7 Left-Accumbens-area 69.5687 6.2690 45.0000 85.0000 40.0000
16 28 4029 3906.1 Left-VentralDC 97.6706 14.7773 18.0000 129.0000 111.0000
17 30 0 0.0 Left-vessel 0.0000 0.0000 0.0000 0.0000 0.0000
18 31 455 443.3 Left-choroid-plexus 41.2505 17.4222 0.0000 73.0000 73.0000
19 43 3035 3386.1 Right-Lateral-Ventricle 15.0537 15.1200 0.0000 66.0000 66.0000
20 44 302 351.4 Right-Inf-Lat-Vent 22.7417 15.9150 0.0000 63.0000 63.0000
21 46 13591 14161.4 Right-Cerebellum-White-Matter 99.9953 10.0085 42.0000 127.0000 85.0000
22 47 52323 50740.4 Right-Cerebellum-Cortex 62.6494 15.7944 0.0000 114.0000 114.0000
23 49 7539 7204.5 Right-Thalamus 87.4296 11.6174 24.0000 116.0000 92.0000
24 50 3608 3683.3 Right-Caudate 69.7669 8.4155 32.0000 92.0000 60.0000
25 51 4676 4703.3 Right-Putamen 83.0361 7.8145 42.0000 103.0000 61.0000
26 52 1997 1970.5 Right-Pallidum 102.2133 5.5216 69.0000 117.0000 48.0000
27 53 4205 4113.7 Right-Hippocampus 64.1591 10.7327 22.0000 105.0000 83.0000
28 54 1610 1627.1 Right-Amygdala 67.0516 9.6730 32.0000 104.0000 72.0000
29 58 551 541.5 Right-Accumbens-area 68.6860 6.3639 46.0000 87.0000 41.0000
30 60 4071 3852.6 Right-VentralDC 96.1887 15.6669 26.0000 130.0000 104.0000
31 62 0 0.0 Right-vessel 0.0000 0.0000 0.0000 0.0000 0.0000
32 63 568 527.1 Right-choroid-plexus 37.6725 15.4164 0.0000 78.0000 78.0000
33 72 0 0.0 5th-Ventricle 0.0000 0.0000 0.0000 0.0000 0.0000
34 77 961 926.8 WM-hypointensities 54.9969 12.8927 14.0000 84.0000 70.0000
35 78 0 0.0 Left-WM-hypointensities 0.0000 0.0000 0.0000 0.0000 0.0000
36 79 0 0.0 Right-WM-hypointensities 0.0000 0.0000 0.0000 0.0000 0.0000
37 80 0 0.0 non-WM-hypointensities 0.0000 0.0000 0.0000 0.0000 0.0000
38 81 0 0.0 Left-non-WM-hypointensities 0.0000 0.0000 0.0000 0.0000 0.0000
39 82 0 0.0 Right-non-WM-hypointensities 0.0000 0.0000 0.0000 0.0000 0.0000
40 85 0 0.0 Optic-Chiasm 0.0000 0.0000 0.0000 0.0000 0.0000
41 251 1087 1029.6 CC_Posterior 102.6256 15.3575 41.0000 119.0000 78.0000
42 252 581 523.5 CC_Mid_Posterior 96.3408 19.5377 9.0000 119.0000 110.0000
43 253 811 730.8 CC_Central 91.2047 19.3030 5.0000 113.0000 108.0000
44 254 945 811.8 CC_Mid_Anterior 83.7587 20.4589 22.0000 114.0000 92.0000
45 255 858 795.2 CC_Anterior 97.5023 16.3560 27.0000 116.0000 89.0000
