Index SegId NVoxels Volume_mm3 StructName normMean normStdDev normMin normMax normRange
1 4 3173 3572.3 Left-Lateral-Ventricle 16.0470 15.2116 0.0000 73.0000 73.0000
2 5 59 93.1 Left-Inf-Lat-Vent 36.2203 12.9802 3.0000 64.0000 61.0000
3 7 13858 14475.8 Left-Cerebellum-White-Matter 100.2213 11.1401 28.0000 134.0000 106.0000
4 8 51846 50205.8 Left-Cerebellum-Cortex 62.9932 15.4559 0.0000 111.0000 111.0000
5 10 8005 7724.5 Left-Thalamus 87.1669 12.5299 17.0000 117.0000 100.0000
6 11 3514 3562.8 Left-Caudate 69.6981 8.4914 29.0000 94.0000 65.0000
7 12 4455 4525.2 Left-Putamen 84.7863 6.3551 50.0000 105.0000 55.0000
8 13 2016 1982.2 Left-Pallidum 102.1597 5.4957 79.0000 121.0000 42.0000
9 14 540 637.5 3rd-Ventricle 34.6944 16.9836 0.0000 68.0000 68.0000
10 15 827 964.7 4th-Ventricle 23.8017 17.2908 0.0000 65.0000 65.0000
11 16 19280 18998.2 Brain-Stem 96.7667 14.8138 1.0000 131.0000 130.0000
12 17 4161 4087.5 Left-Hippocampus 63.7018 10.7830 17.0000 103.0000 86.0000
13 18 1519 1522.2 Left-Amygdala 68.6425 8.5349 37.0000 101.0000 64.0000
14 24 868 907.5 CSF 34.6809 16.2352 0.0000 89.0000 89.0000
15 26 468 481.6 Left-Accumbens-area 70.6218 5.7704 38.0000 88.0000 50.0000
16 28 4054 3901.0 Left-VentralDC 97.3522 15.1400 30.0000 127.0000 97.0000
17 30 0 0.0 Left-vessel 0.0000 0.0000 0.0000 0.0000 0.0000
18 31 368 358.5 Left-choroid-plexus 36.9837 18.5212 0.0000 73.0000 73.0000
19 43 3035 3430.4 Right-Lateral-Ventricle 14.4181 14.8983 0.0000 62.0000 62.0000
20 44 263 326.5 Right-Inf-Lat-Vent 22.7643 14.1561 0.0000 56.0000 56.0000
21 46 13595 14151.1 Right-Cerebellum-White-Matter 99.6271 9.9375 33.0000 129.0000 96.0000
22 47 53493 51800.0 Right-Cerebellum-Cortex 63.4447 15.4466 0.0000 111.0000 111.0000
23 49 7651 7280.4 Right-Thalamus 85.7011 12.2006 20.0000 113.0000 93.0000
24 50 3565 3625.4 Right-Caudate 68.8996 8.5247 30.0000 92.0000 62.0000
25 51 4668 4714.5 Right-Putamen 82.4145 6.9738 50.0000 103.0000 53.0000
26 52 1993 1941.3 Right-Pallidum 101.1751 4.9946 74.0000 114.0000 40.0000
27 53 4326 4227.7 Right-Hippocampus 62.4741 10.3087 21.0000 104.0000 83.0000
28 54 1659 1678.6 Right-Amygdala 66.4352 8.7135 29.0000 95.0000 66.0000
29 58 535 526.0 Right-Accumbens-area 70.3065 6.1409 40.0000 86.0000 46.0000
30 60 4112 3857.9 Right-VentralDC 95.3509 16.3304 20.0000 124.0000 104.0000
31 62 0 0.0 Right-vessel 0.0000 0.0000 0.0000 0.0000 0.0000
32 63 503 469.5 Right-choroid-plexus 34.8767 15.0236 0.0000 73.0000 73.0000
33 72 0 0.0 5th-Ventricle 0.0000 0.0000 0.0000 0.0000 0.0000
34 77 979 938.7 WM-hypointensities 51.9949 13.5144 10.0000 86.0000 76.0000
35 78 0 0.0 Left-WM-hypointensities 0.0000 0.0000 0.0000 0.0000 0.0000
36 79 0 0.0 Right-WM-hypointensities 0.0000 0.0000 0.0000 0.0000 0.0000
37 80 0 0.0 non-WM-hypointensities 0.0000 0.0000 0.0000 0.0000 0.0000
38 81 0 0.0 Left-non-WM-hypointensities 0.0000 0.0000 0.0000 0.0000 0.0000
39 82 0 0.0 Right-non-WM-hypointensities 0.0000 0.0000 0.0000 0.0000 0.0000
40 85 0 0.0 Optic-Chiasm 0.0000 0.0000 0.0000 0.0000 0.0000
41 251 1116 1054.3 CC_Posterior 100.0780 17.3191 33.0000 119.0000 86.0000
42 252 554 489.3 CC_Mid_Posterior 95.0993 18.7656 22.0000 117.0000 95.0000
43 253 759 678.1 CC_Central 90.7800 17.1074 6.0000 112.0000 106.0000
44 254 804 707.7 CC_Mid_Anterior 84.5970 19.6473 26.0000 112.0000 86.0000
45 255 899 812.7 CC_Anterior 96.1168 16.9966 26.0000 114.0000 88.0000
