Index SegId NVoxels Volume_mm3 StructName normMean normStdDev normMin normMax normRange
1 4 3227 3626.3 Left-Lateral-Ventricle 16.4165 15.1997 0.0000 72.0000 72.0000
2 5 68 109.0 Left-Inf-Lat-Vent 41.5294 13.3645 15.0000 69.0000 54.0000
3 7 13929 14531.4 Left-Cerebellum-White-Matter 99.7577 10.9740 28.0000 128.0000 100.0000
4 8 50070 48386.8 Left-Cerebellum-Cortex 61.4850 15.5326 0.0000 108.0000 108.0000
5 10 7802 7508.9 Left-Thalamus 89.1248 12.5548 22.0000 118.0000 96.0000
6 11 3517 3564.2 Left-Caudate 70.0711 8.4631 31.0000 92.0000 61.0000
7 12 4443 4493.7 Left-Putamen 85.7148 6.9571 44.0000 108.0000 64.0000
8 13 2023 2001.5 Left-Pallidum 104.4221 6.1239 70.0000 123.0000 53.0000
9 14 520 606.3 3rd-Ventricle 34.6365 17.7225 0.0000 75.0000 75.0000
10 15 836 966.7 4th-Ventricle 24.4940 17.7682 0.0000 72.0000 72.0000
11 16 19104 18838.8 Brain-Stem 96.7619 14.5825 7.0000 128.0000 121.0000
12 17 4085 3971.6 Left-Hippocampus 64.6637 10.1062 22.0000 104.0000 82.0000
13 18 1536 1557.9 Left-Amygdala 68.1862 8.5755 37.0000 97.0000 60.0000
14 24 857 898.9 CSF 33.8296 16.8993 0.0000 92.0000 92.0000
15 26 449 463.0 Left-Accumbens-area 70.7617 5.3896 44.0000 86.0000 42.0000
16 28 4018 3874.1 Left-VentralDC 98.7320 14.5211 34.0000 125.0000 91.0000
17 30 0 0.0 Left-vessel 0.0000 0.0000 0.0000 0.0000 0.0000
18 31 398 385.0 Left-choroid-plexus 39.7588 18.7624 0.0000 75.0000 75.0000
19 43 3078 3468.0 Right-Lateral-Ventricle 14.7573 14.9154 0.0000 63.0000 63.0000
20 44 280 341.9 Right-Inf-Lat-Vent 22.6429 15.7029 0.0000 61.0000 61.0000
21 46 13630 14227.1 Right-Cerebellum-White-Matter 98.8929 9.4700 37.0000 122.0000 85.0000
22 47 51904 50065.6 Right-Cerebellum-Cortex 62.2700 15.6142 0.0000 104.0000 104.0000
23 49 7572 7186.6 Right-Thalamus 87.7757 11.8867 26.0000 117.0000 91.0000
24 50 3593 3647.7 Right-Caudate 69.3217 8.8137 31.0000 91.0000 60.0000
25 51 4614 4656.2 Right-Putamen 83.5585 7.2536 48.0000 104.0000 56.0000
26 52 1986 1940.7 Right-Pallidum 103.0846 5.3177 74.0000 118.0000 44.0000
27 53 4224 4102.0 Right-Hippocampus 63.6011 10.6455 0.0000 101.0000 101.0000
28 54 1608 1637.3 Right-Amygdala 67.4248 8.5812 32.0000 96.0000 64.0000
29 58 523 515.1 Right-Accumbens-area 69.4646 5.4270 43.0000 84.0000 41.0000
30 60 4089 3859.9 Right-VentralDC 96.0413 15.9769 25.0000 126.0000 101.0000
31 62 0 0.0 Right-vessel 0.0000 0.0000 0.0000 0.0000 0.0000
32 63 562 509.7 Right-choroid-plexus 36.8505 16.2783 1.0000 72.0000 71.0000
33 72 0 0.0 5th-Ventricle 0.0000 0.0000 0.0000 0.0000 0.0000
34 77 1026 980.7 WM-hypointensities 54.3109 13.0975 9.0000 84.0000 75.0000
35 78 0 0.0 Left-WM-hypointensities 0.0000 0.0000 0.0000 0.0000 0.0000
36 79 0 0.0 Right-WM-hypointensities 0.0000 0.0000 0.0000 0.0000 0.0000
37 80 0 0.0 non-WM-hypointensities 0.0000 0.0000 0.0000 0.0000 0.0000
38 81 0 0.0 Left-non-WM-hypointensities 0.0000 0.0000 0.0000 0.0000 0.0000
39 82 0 0.0 Right-non-WM-hypointensities 0.0000 0.0000 0.0000 0.0000 0.0000
40 85 0 0.0 Optic-Chiasm 0.0000 0.0000 0.0000 0.0000 0.0000
41 251 1089 1032.9 CC_Posterior 101.9238 16.0311 35.0000 119.0000 84.0000
42 252 552 496.0 CC_Mid_Posterior 97.1359 19.5164 14.0000 123.0000 109.0000
43 253 786 715.1 CC_Central 90.9008 18.6862 19.0000 114.0000 95.0000
44 254 882 762.9 CC_Mid_Anterior 83.1893 21.1009 21.0000 111.0000 90.0000
45 255 885 797.3 CC_Anterior 97.7164 16.9063 27.0000 119.0000 92.0000
