Index SegId NVoxels Volume_mm3 StructName normMean normStdDev normMin normMax normRange
1 4 3221 3606.9 Left-Lateral-Ventricle 16.1546 15.5997 0.0000 78.0000 78.0000
2 5 75 107.3 Left-Inf-Lat-Vent 40.3333 12.0375 14.0000 65.0000 51.0000
3 7 14162 14733.7 Left-Cerebellum-White-Matter 100.6453 11.2951 32.0000 125.0000 93.0000
4 8 50183 48575.7 Left-Cerebellum-Cortex 61.7980 15.4774 0.0000 108.0000 108.0000
5 10 7855 7566.3 Left-Thalamus 90.2738 12.4505 19.0000 121.0000 102.0000
6 11 3569 3610.9 Left-Caudate 71.0048 8.5895 34.0000 98.0000 64.0000
7 12 4541 4554.1 Left-Putamen 85.9531 6.7261 37.0000 107.0000 70.0000
8 13 2030 2012.0 Left-Pallidum 105.1828 5.6046 75.0000 123.0000 48.0000
9 14 509 597.2 3rd-Ventricle 33.4145 16.8029 0.0000 73.0000 73.0000
10 15 808 948.6 4th-Ventricle 24.9691 17.3194 0.0000 73.0000 73.0000
11 16 19137 18823.3 Brain-Stem 97.4450 14.3092 7.0000 124.0000 117.0000
12 17 4132 4016.8 Left-Hippocampus 65.2812 10.3130 25.0000 100.0000 75.0000
13 18 1506 1535.1 Left-Amygdala 69.4236 7.6212 37.0000 97.0000 60.0000
14 24 857 886.6 CSF 33.7456 16.8840 0.0000 99.0000 99.0000
15 26 464 487.2 Left-Accumbens-area 70.7737 5.7050 41.0000 85.0000 44.0000
16 28 4021 3886.7 Left-VentralDC 98.1410 15.0718 29.0000 128.0000 99.0000
17 30 0 0.0 Left-vessel 0.0000 0.0000 0.0000 0.0000 0.0000
18 31 428 419.7 Left-choroid-plexus 40.7173 18.3218 0.0000 76.0000 76.0000
19 43 3128 3495.9 Right-Lateral-Ventricle 15.1394 15.1242 0.0000 63.0000 63.0000
20 44 307 356.6 Right-Inf-Lat-Vent 22.2215 15.3004 0.0000 61.0000 61.0000
21 46 13862 14418.2 Right-Cerebellum-White-Matter 99.8412 9.4982 38.0000 123.0000 85.0000
22 47 52203 50477.1 Right-Cerebellum-Cortex 62.6507 15.6341 0.0000 104.0000 104.0000
23 49 7571 7229.2 Right-Thalamus 87.9102 11.6842 21.0000 113.0000 92.0000
24 50 3615 3693.9 Right-Caudate 69.6501 8.6725 32.0000 97.0000 65.0000
25 51 4683 4727.8 Right-Putamen 83.2767 7.7969 35.0000 106.0000 71.0000
26 52 1986 1948.7 Right-Pallidum 102.7165 5.5636 66.0000 119.0000 53.0000
27 53 4292 4208.1 Right-Hippocampus 62.1158 9.7384 18.0000 96.0000 78.0000
28 54 1648 1694.9 Right-Amygdala 64.0073 8.3818 31.0000 90.0000 59.0000
29 58 549 539.9 Right-Accumbens-area 69.3169 6.3140 38.0000 87.0000 49.0000
30 60 4162 3956.2 Right-VentralDC 94.0795 15.7300 14.0000 127.0000 113.0000
31 62 0 0.0 Right-vessel 0.0000 0.0000 0.0000 0.0000 0.0000
32 63 538 491.8 Right-choroid-plexus 35.9833 15.7526 1.0000 80.0000 79.0000
33 72 0 0.0 5th-Ventricle 0.0000 0.0000 0.0000 0.0000 0.0000
34 77 968 920.4 WM-hypointensities 54.5465 13.2359 9.0000 88.0000 79.0000
35 78 0 0.0 Left-WM-hypointensities 0.0000 0.0000 0.0000 0.0000 0.0000
36 79 0 0.0 Right-WM-hypointensities 0.0000 0.0000 0.0000 0.0000 0.0000
37 80 0 0.0 non-WM-hypointensities 0.0000 0.0000 0.0000 0.0000 0.0000
38 81 0 0.0 Left-non-WM-hypointensities 0.0000 0.0000 0.0000 0.0000 0.0000
39 82 0 0.0 Right-non-WM-hypointensities 0.0000 0.0000 0.0000 0.0000 0.0000
40 85 0 0.0 Optic-Chiasm 0.0000 0.0000 0.0000 0.0000 0.0000
41 251 1075 1015.3 CC_Posterior 103.1051 15.2685 36.0000 122.0000 86.0000
42 252 552 495.5 CC_Mid_Posterior 97.3152 19.6279 21.0000 120.0000 99.0000
43 253 821 719.7 CC_Central 91.5128 18.7447 22.0000 117.0000 95.0000
44 254 912 785.4 CC_Mid_Anterior 84.2259 20.5060 21.0000 116.0000 95.0000
45 255 885 817.1 CC_Anterior 97.9288 17.2353 8.0000 121.0000 113.0000
