Index SegId NVoxels Volume_mm3 StructName normMean normStdDev normMin normMax normRange
1 4 6454 6876.0 Left-Lateral-Ventricle 15.8836 15.1506 0.0000 71.0000 71.0000
2 5 192 248.6 Left-Inf-Lat-Vent 34.6562 15.8780 0.0000 64.0000 64.0000
3 7 15600 16139.9 Left-Cerebellum-White-Matter 101.9565 9.9191 32.0000 125.0000 93.0000
4 8 57713 56549.0 Left-Cerebellum-Cortex 67.1328 16.3231 1.0000 123.0000 122.0000
5 10 8807 8558.3 Left-Thalamus 89.4244 12.0357 36.0000 118.0000 82.0000
6 11 3133 3017.0 Left-Caudate 69.5448 10.3970 31.0000 100.0000 69.0000
7 12 4858 4822.1 Left-Putamen 83.8938 7.0681 24.0000 103.0000 79.0000
8 13 1992 1952.0 Left-Pallidum 102.4478 5.4866 70.0000 124.0000 54.0000
9 14 963 1021.4 3rd-Ventricle 24.8692 17.0720 0.0000 74.0000 74.0000
10 15 1871 2010.5 4th-Ventricle 24.0353 16.6681 0.0000 81.0000 81.0000
11 16 21404 21248.3 Brain-Stem 99.4153 13.6928 7.0000 135.0000 128.0000
12 17 4643 4524.0 Left-Hippocampus 66.3140 10.6187 22.0000 99.0000 77.0000
13 18 1721 1731.9 Left-Amygdala 69.2539 8.1523 32.0000 94.0000 62.0000
14 24 1110 1126.4 CSF 36.4477 17.9422 0.0000 83.0000 83.0000
15 26 476 477.2 Left-Accumbens-area 72.4244 7.8481 30.0000 91.0000 61.0000
16 28 4290 4132.0 Left-VentralDC 97.1231 15.7023 12.0000 134.0000 122.0000
17 30 0 0.0 Left-vessel 0.0000 0.0000 0.0000 0.0000 0.0000
18 31 712 720.3 Left-choroid-plexus 40.4354 15.1382 0.0000 77.0000 77.0000
19 43 6254 6619.8 Right-Lateral-Ventricle 16.6816 15.5165 0.0000 67.0000 67.0000
20 44 184 247.9 Right-Inf-Lat-Vent 31.2283 16.5771 0.0000 70.0000 70.0000
21 46 14582 15132.6 Right-Cerebellum-White-Matter 101.5038 9.0438 40.0000 125.0000 85.0000
22 47 58691 57437.2 Right-Cerebellum-Cortex 67.5564 15.4775 0.0000 123.0000 123.0000
23 49 8351 7995.3 Right-Thalamus 87.9224 11.6517 23.0000 115.0000 92.0000
24 50 3165 3060.3 Right-Caudate 68.5400 10.1816 30.0000 98.0000 68.0000
25 51 5099 5039.2 Right-Putamen 81.2487 7.3232 35.0000 103.0000 68.0000
26 52 1965 1923.9 Right-Pallidum 101.0545 5.2218 80.0000 120.0000 40.0000
27 53 4727 4597.0 Right-Hippocampus 65.2996 10.7863 13.0000 97.0000 84.0000
28 54 1734 1768.3 Right-Amygdala 68.0940 7.8050 33.0000 93.0000 60.0000
29 58 577 559.4 Right-Accumbens-area 71.1629 7.6307 27.0000 94.0000 67.0000
30 60 4281 4048.4 Right-VentralDC 94.5891 16.1719 21.0000 128.0000 107.0000
31 62 0 0.0 Right-vessel 0.0000 0.0000 0.0000 0.0000 0.0000
32 63 670 665.3 Right-choroid-plexus 39.0224 14.3135 0.0000 75.0000 75.0000
33 72 0 0.0 5th-Ventricle 0.0000 0.0000 0.0000 0.0000 0.0000
34 77 910 770.6 WM-hypointensities 59.2802 12.5568 26.0000 86.0000 60.0000
35 78 0 0.0 Left-WM-hypointensities 0.0000 0.0000 0.0000 0.0000 0.0000
36 79 0 0.0 Right-WM-hypointensities 0.0000 0.0000 0.0000 0.0000 0.0000
37 80 0 0.0 non-WM-hypointensities 0.0000 0.0000 0.0000 0.0000 0.0000
38 81 0 0.0 Left-non-WM-hypointensities 0.0000 0.0000 0.0000 0.0000 0.0000
39 82 0 0.0 Right-non-WM-hypointensities 0.0000 0.0000 0.0000 0.0000 0.0000
40 85 0 0.0 Optic-Chiasm 0.0000 0.0000 0.0000 0.0000 0.0000
41 251 839 784.4 CC_Posterior 103.5292 16.0589 37.0000 127.0000 90.0000
42 252 598 527.2 CC_Mid_Posterior 86.0084 25.5551 2.0000 120.0000 118.0000
43 253 774 700.9 CC_Central 90.6783 21.5206 18.0000 120.0000 102.0000
44 254 794 688.6 CC_Mid_Anterior 87.8967 21.4543 22.0000 116.0000 94.0000
45 255 911 860.8 CC_Anterior 102.9989 16.6266 27.0000 123.0000 96.0000
