Index SegId NVoxels Volume_mm3 StructName normMean normStdDev normMin normMax normRange
1 4 6871 7307.2 Left-Lateral-Ventricle 14.8997 14.5139 0.0000 74.0000 74.0000
2 5 245 309.5 Left-Inf-Lat-Vent 36.0490 15.1218 0.0000 71.0000 71.0000
3 7 15435 16039.2 Left-Cerebellum-White-Matter 101.8708 10.1082 31.0000 129.0000 98.0000
4 8 57065 55792.5 Left-Cerebellum-Cortex 63.4832 16.2140 2.0000 121.0000 119.0000
5 10 8462 8137.0 Left-Thalamus 88.2301 12.1621 38.0000 115.0000 77.0000
6 11 3049 2954.5 Left-Caudate 69.5920 10.5081 31.0000 94.0000 63.0000
7 12 4761 4734.6 Left-Putamen 84.5755 7.0002 33.0000 103.0000 70.0000
8 13 1989 1928.9 Left-Pallidum 102.5696 5.3183 80.0000 125.0000 45.0000
9 14 982 1067.1 3rd-Ventricle 23.1609 15.9857 0.0000 67.0000 67.0000
10 15 1914 2050.8 4th-Ventricle 21.0026 16.0289 0.0000 74.0000 74.0000
11 16 21222 21075.7 Brain-Stem 97.6869 13.9064 13.0000 129.0000 116.0000
12 17 4591 4465.5 Left-Hippocampus 64.7153 10.3798 19.0000 98.0000 79.0000
13 18 1705 1717.6 Left-Amygdala 68.6891 8.1842 34.0000 94.0000 60.0000
14 24 1163 1185.6 CSF 35.4867 16.5787 0.0000 83.0000 83.0000
15 26 499 510.0 Left-Accumbens-area 70.9258 6.9897 32.0000 85.0000 53.0000
16 28 4251 4112.1 Left-VentralDC 96.3670 15.3887 31.0000 126.0000 95.0000
17 30 0 0.0 Left-vessel 0.0000 0.0000 0.0000 0.0000 0.0000
18 31 784 778.9 Left-choroid-plexus 40.3980 14.4761 2.0000 78.0000 76.0000
19 43 6514 6916.6 Right-Lateral-Ventricle 16.2117 15.0312 0.0000 65.0000 65.0000
20 44 202 266.4 Right-Inf-Lat-Vent 31.4208 16.5802 0.0000 66.0000 66.0000
21 46 14167 14782.2 Right-Cerebellum-White-Matter 102.1897 9.1823 40.0000 128.0000 88.0000
22 47 58567 57272.3 Right-Cerebellum-Cortex 65.5565 15.5482 0.0000 117.0000 117.0000
23 49 8159 7791.2 Right-Thalamus 87.7262 12.2529 19.0000 116.0000 97.0000
24 50 3086 2993.4 Right-Caudate 68.5324 10.3441 32.0000 92.0000 60.0000
25 51 4961 4926.0 Right-Putamen 82.2250 7.5194 39.0000 104.0000 65.0000
26 52 1979 1929.8 Right-Pallidum 101.7635 5.4371 75.0000 118.0000 43.0000
27 53 4687 4552.0 Right-Hippocampus 66.1265 11.4395 12.0000 101.0000 89.0000
28 54 1731 1747.9 Right-Amygdala 68.5742 7.8757 36.0000 93.0000 57.0000
29 58 550 546.8 Right-Accumbens-area 71.1673 6.5704 38.0000 87.0000 49.0000
30 60 4317 4106.2 Right-VentralDC 96.0878 16.6239 13.0000 141.0000 128.0000
31 62 0 0.0 Right-vessel 0.0000 0.0000 0.0000 0.0000 0.0000
32 63 707 684.7 Right-choroid-plexus 39.8345 14.2669 0.0000 78.0000 78.0000
33 72 0 0.0 5th-Ventricle 0.0000 0.0000 0.0000 0.0000 0.0000
34 77 1108 952.4 WM-hypointensities 59.6309 12.9106 26.0000 89.0000 63.0000
35 78 0 0.0 Left-WM-hypointensities 0.0000 0.0000 0.0000 0.0000 0.0000
36 79 0 0.0 Right-WM-hypointensities 0.0000 0.0000 0.0000 0.0000 0.0000
37 80 0 0.0 non-WM-hypointensities 0.0000 0.0000 0.0000 0.0000 0.0000
38 81 0 0.0 Left-non-WM-hypointensities 0.0000 0.0000 0.0000 0.0000 0.0000
39 82 0 0.0 Right-non-WM-hypointensities 0.0000 0.0000 0.0000 0.0000 0.0000
40 85 0 0.0 Optic-Chiasm 0.0000 0.0000 0.0000 0.0000 0.0000
41 251 823 775.7 CC_Posterior 102.5662 15.3494 34.0000 121.0000 87.0000
42 252 602 525.8 CC_Mid_Posterior 85.7193 23.1296 16.0000 119.0000 103.0000
43 253 752 669.0 CC_Central 90.3218 22.1660 18.0000 118.0000 100.0000
44 254 765 672.7 CC_Mid_Anterior 88.3320 21.3672 27.0000 116.0000 89.0000
45 255 933 888.9 CC_Anterior 103.3548 16.0625 27.0000 123.0000 96.0000
