Index SegId NVoxels Volume_mm3 StructName normMean normStdDev normMin normMax normRange
1 4 6807 6986.8 Left-Lateral-Ventricle 15.4228 15.4508 0.0000 70.0000 70.0000
2 5 380 429.2 Left-Inf-Lat-Vent 35.7500 16.5979 0.0000 71.0000 71.0000
3 7 14582 15101.0 Left-Cerebellum-White-Matter 107.1196 10.8100 50.0000 140.0000 90.0000
4 8 55618 55694.0 Left-Cerebellum-Cortex 69.4333 16.0138 0.0000 130.0000 130.0000
5 10 8119 7911.3 Left-Thalamus 85.4780 11.3469 37.0000 118.0000 81.0000
6 11 3142 3090.1 Left-Caudate 63.9338 9.5686 30.0000 95.0000 65.0000
7 12 4990 4896.7 Left-Putamen 75.6818 8.3180 21.0000 99.0000 78.0000
8 13 1877 1825.7 Left-Pallidum 97.7038 6.4405 61.0000 120.0000 59.0000
9 14 930 937.1 3rd-Ventricle 26.2398 17.6078 0.0000 75.0000 75.0000
10 15 1890 2001.0 4th-Ventricle 18.9630 15.4111 0.0000 76.0000 76.0000
11 16 20284 20516.3 Brain-Stem 98.7910 12.3110 15.0000 140.0000 125.0000
12 17 4263 4168.6 Left-Hippocampus 62.6352 12.2143 4.0000 104.0000 100.0000
13 18 1710 1743.0 Left-Amygdala 67.4152 7.8702 34.0000 101.0000 67.0000
14 24 990 1000.8 CSF 32.9071 17.6485 0.0000 98.0000 98.0000
15 26 604 581.7 Left-Accumbens-area 67.1391 7.4612 36.0000 88.0000 52.0000
16 28 4087 4043.8 Left-VentralDC 98.5995 14.7301 40.0000 141.0000 101.0000
17 30 0 0.0 Left-vessel 0.0000 0.0000 0.0000 0.0000 0.0000
18 31 912 880.1 Left-choroid-plexus 45.8673 12.1922 10.0000 81.0000 71.0000
19 43 6546 6739.8 Right-Lateral-Ventricle 16.1838 15.1828 0.0000 66.0000 66.0000
20 44 294 326.1 Right-Inf-Lat-Vent 28.1020 17.5984 0.0000 71.0000 71.0000
21 46 13659 14183.8 Right-Cerebellum-White-Matter 106.1909 10.9755 47.0000 139.0000 92.0000
22 47 56213 56312.1 Right-Cerebellum-Cortex 71.9212 16.4715 0.0000 131.0000 131.0000
23 49 7805 7528.0 Right-Thalamus 81.5220 10.9428 32.0000 116.0000 84.0000
24 50 3289 3221.2 Right-Caudate 61.7641 9.1467 32.0000 95.0000 63.0000
25 51 5150 5054.5 Right-Putamen 73.0561 8.7220 24.0000 97.0000 73.0000
26 52 1848 1779.4 Right-Pallidum 95.1337 6.4906 69.0000 115.0000 46.0000
27 53 4297 4278.2 Right-Hippocampus 62.1026 10.9204 0.0000 105.0000 105.0000
28 54 1693 1728.1 Right-Amygdala 64.7383 7.8890 38.0000 92.0000 54.0000
29 58 602 568.7 Right-Accumbens-area 67.3239 8.6772 27.0000 94.0000 67.0000
30 60 3771 3666.1 Right-VentralDC 95.2596 14.3064 32.0000 135.0000 103.0000
31 62 0 0.0 Right-vessel 0.0000 0.0000 0.0000 0.0000 0.0000
32 63 902 822.5 Right-choroid-plexus 44.1419 12.1596 15.0000 78.0000 63.0000
33 72 0 0.0 5th-Ventricle 0.0000 0.0000 0.0000 0.0000 0.0000
34 77 1223 1100.5 WM-hypointensities 66.2069 11.7083 29.0000 92.0000 63.0000
35 78 0 0.0 Left-WM-hypointensities 0.0000 0.0000 0.0000 0.0000 0.0000
36 79 0 0.0 Right-WM-hypointensities 0.0000 0.0000 0.0000 0.0000 0.0000
37 80 0 0.0 non-WM-hypointensities 0.0000 0.0000 0.0000 0.0000 0.0000
38 81 0 0.0 Left-non-WM-hypointensities 0.0000 0.0000 0.0000 0.0000 0.0000
39 82 0 0.0 Right-non-WM-hypointensities 0.0000 0.0000 0.0000 0.0000 0.0000
40 85 0 0.0 Optic-Chiasm 0.0000 0.0000 0.0000 0.0000 0.0000
41 251 824 842.8 CC_Posterior 125.6371 18.6083 33.0000 158.0000 125.0000
42 252 575 520.1 CC_Mid_Posterior 103.1235 30.3296 7.0000 150.0000 143.0000
43 253 904 859.8 CC_Central 108.6272 29.3441 11.0000 151.0000 140.0000
44 254 916 893.0 CC_Mid_Anterior 108.2445 29.7885 31.0000 158.0000 127.0000
45 255 934 1016.4 CC_Anterior 137.7238 21.1819 45.0000 185.0000 140.0000
