Index SegId NVoxels Volume_mm3 StructName normMean normStdDev normMin normMax normRange
1 4 6633 6961.6 Left-Lateral-Ventricle 16.8599 15.4428 0.0000 74.0000 74.0000
2 5 276 344.9 Left-Inf-Lat-Vent 38.7754 15.3032 0.0000 73.0000 73.0000
3 7 15517 15952.2 Left-Cerebellum-White-Matter 103.2971 10.1355 33.0000 128.0000 95.0000
4 8 55791 54830.3 Left-Cerebellum-Cortex 67.8965 16.5083 0.0000 123.0000 123.0000
5 10 8706 8384.8 Left-Thalamus 88.0098 11.5090 37.0000 112.0000 75.0000
6 11 3105 3007.8 Left-Caudate 70.1562 10.3641 37.0000 98.0000 61.0000
7 12 4854 4792.0 Left-Putamen 82.2042 6.9742 28.0000 103.0000 75.0000
8 13 1977 1901.0 Left-Pallidum 99.6894 4.8870 71.0000 116.0000 45.0000
9 14 947 1015.7 3rd-Ventricle 25.9007 16.2880 0.0000 65.0000 65.0000
10 15 1941 2070.4 4th-Ventricle 24.0994 16.5373 0.0000 77.0000 77.0000
11 16 21489 21407.1 Brain-Stem 99.0853 13.4558 9.0000 131.0000 122.0000
12 17 4562 4422.6 Left-Hippocampus 67.0680 10.7075 22.0000 101.0000 79.0000
13 18 1756 1763.6 Left-Amygdala 71.0974 8.7809 35.0000 98.0000 63.0000
14 24 1086 1110.7 CSF 36.0939 17.0319 0.0000 80.0000 80.0000
15 26 525 520.6 Left-Accumbens-area 72.6514 6.6372 47.0000 88.0000 41.0000
16 28 4239 4130.8 Left-VentralDC 97.2430 14.5378 28.0000 133.0000 105.0000
17 30 0 0.0 Left-vessel 0.0000 0.0000 0.0000 0.0000 0.0000
18 31 793 791.6 Left-choroid-plexus 43.0605 14.5876 7.0000 86.0000 79.0000
19 43 6408 6719.4 Right-Lateral-Ventricle 16.8583 15.5130 0.0000 69.0000 69.0000
20 44 253 310.6 Right-Inf-Lat-Vent 32.2767 17.1259 0.0000 71.0000 71.0000
21 46 14378 14848.3 Right-Cerebellum-White-Matter 101.6742 8.8052 38.0000 125.0000 87.0000
22 47 56585 55482.8 Right-Cerebellum-Cortex 66.1807 15.8772 0.0000 119.0000 119.0000
23 49 8070 7716.6 Right-Thalamus 87.2524 11.3161 30.0000 111.0000 81.0000
24 50 3168 3044.7 Right-Caudate 68.6364 10.5160 33.0000 93.0000 60.0000
25 51 5099 5031.0 Right-Putamen 80.7641 6.9718 34.0000 100.0000 66.0000
26 52 2026 1966.4 Right-Pallidum 99.5168 5.1090 73.0000 118.0000 45.0000
27 53 4550 4399.3 Right-Hippocampus 64.0270 11.4953 0.0000 104.0000 104.0000
28 54 1812 1843.2 Right-Amygdala 70.3549 8.5879 36.0000 93.0000 57.0000
29 58 563 542.0 Right-Accumbens-area 74.1794 7.1567 38.0000 93.0000 55.0000
30 60 4264 4101.1 Right-VentralDC 95.2294 14.7781 30.0000 137.0000 107.0000
31 62 0 0.0 Right-vessel 0.0000 0.0000 0.0000 0.0000 0.0000
32 63 665 623.3 Right-choroid-plexus 40.9113 13.5785 0.0000 75.0000 75.0000
33 72 0 0.0 5th-Ventricle 0.0000 0.0000 0.0000 0.0000 0.0000
34 77 975 833.9 WM-hypointensities 63.3815 12.3222 31.0000 90.0000 59.0000
35 78 0 0.0 Left-WM-hypointensities 0.0000 0.0000 0.0000 0.0000 0.0000
36 79 0 0.0 Right-WM-hypointensities 0.0000 0.0000 0.0000 0.0000 0.0000
37 80 0 0.0 non-WM-hypointensities 0.0000 0.0000 0.0000 0.0000 0.0000
38 81 0 0.0 Left-non-WM-hypointensities 0.0000 0.0000 0.0000 0.0000 0.0000
39 82 0 0.0 Right-non-WM-hypointensities 0.0000 0.0000 0.0000 0.0000 0.0000
40 85 0 0.0 Optic-Chiasm 0.0000 0.0000 0.0000 0.0000 0.0000
41 251 843 783.1 CC_Posterior 101.8209 16.4668 32.0000 125.0000 93.0000
42 252 578 508.2 CC_Mid_Posterior 86.2318 24.3067 7.0000 124.0000 117.0000
43 253 770 697.9 CC_Central 91.1234 19.9170 22.0000 121.0000 99.0000
44 254 763 684.9 CC_Mid_Anterior 89.7313 19.6540 32.0000 116.0000 84.0000
45 255 900 855.3 CC_Anterior 100.3367 16.1957 8.0000 127.0000 119.0000
