Index SegId NVoxels Volume_mm3 StructName normMean normStdDev normMin normMax normRange
1 4 6998 7296.4 Left-Lateral-Ventricle 15.8933 15.1516 0.0000 72.0000 72.0000
2 5 297 361.9 Left-Inf-Lat-Vent 35.6263 16.2189 0.0000 71.0000 71.0000
3 7 15252 15708.6 Left-Cerebellum-White-Matter 101.9445 9.3648 38.0000 132.0000 94.0000
4 8 56514 55404.2 Left-Cerebellum-Cortex 66.6615 16.6201 0.0000 121.0000 121.0000
5 10 8435 8157.0 Left-Thalamus 89.2178 11.5599 39.0000 112.0000 73.0000
6 11 3089 3003.6 Left-Caudate 69.8511 10.0784 35.0000 94.0000 59.0000
7 12 4973 4857.1 Left-Putamen 81.1315 7.0439 30.0000 105.0000 75.0000
8 13 2035 2005.9 Left-Pallidum 99.5174 4.8814 58.0000 119.0000 61.0000
9 14 1020 1087.5 3rd-Ventricle 27.2216 15.9505 0.0000 69.0000 69.0000
10 15 1994 2118.2 4th-Ventricle 24.2984 17.4068 0.0000 74.0000 74.0000
11 16 21092 21017.4 Brain-Stem 99.4655 13.0726 8.0000 137.0000 129.0000
12 17 4518 4348.1 Left-Hippocampus 67.1012 11.7839 15.0000 103.0000 88.0000
13 18 1725 1748.5 Left-Amygdala 66.3942 8.0684 27.0000 91.0000 64.0000
14 24 1124 1152.8 CSF 37.1174 17.2092 1.0000 93.0000 92.0000
15 26 472 466.1 Left-Accumbens-area 73.9788 7.1094 41.0000 91.0000 50.0000
16 28 4302 4203.2 Left-VentralDC 96.6585 14.1834 35.0000 130.0000 95.0000
17 30 0 0.0 Left-vessel 0.0000 0.0000 0.0000 0.0000 0.0000
18 31 828 808.2 Left-choroid-plexus 42.7850 14.5013 9.0000 79.0000 70.0000
19 43 6720 6975.1 Right-Lateral-Ventricle 16.3446 15.1721 0.0000 66.0000 66.0000
20 44 286 344.8 Right-Inf-Lat-Vent 31.9895 15.5129 0.0000 63.0000 63.0000
21 46 14319 14846.4 Right-Cerebellum-White-Matter 103.1492 8.8957 41.0000 141.0000 100.0000
22 47 56710 55631.7 Right-Cerebellum-Cortex 67.4261 15.8222 0.0000 118.0000 118.0000
23 49 8209 7877.9 Right-Thalamus 87.9219 11.7639 28.0000 112.0000 84.0000
24 50 3110 3025.7 Right-Caudate 69.7537 10.1114 31.0000 96.0000 65.0000
25 51 5002 4946.0 Right-Putamen 82.0120 6.8697 35.0000 101.0000 66.0000
26 52 1988 1947.6 Right-Pallidum 100.1937 5.1956 71.0000 118.0000 47.0000
27 53 4535 4357.2 Right-Hippocampus 66.9078 12.7734 0.0000 107.0000 107.0000
28 54 1713 1727.9 Right-Amygdala 69.9889 7.9185 32.0000 94.0000 62.0000
29 58 571 545.2 Right-Accumbens-area 74.5569 6.9385 39.0000 91.0000 52.0000
30 60 4256 4082.7 Right-VentralDC 95.7984 14.3687 27.0000 131.0000 104.0000
31 62 0 0.0 Right-vessel 0.0000 0.0000 0.0000 0.0000 0.0000
32 63 709 680.7 Right-choroid-plexus 41.7137 14.1698 1.0000 78.0000 77.0000
33 72 0 0.0 5th-Ventricle 0.0000 0.0000 0.0000 0.0000 0.0000
34 77 776 650.5 WM-hypointensities 62.2951 12.2095 30.0000 88.0000 58.0000
35 78 0 0.0 Left-WM-hypointensities 0.0000 0.0000 0.0000 0.0000 0.0000
36 79 0 0.0 Right-WM-hypointensities 0.0000 0.0000 0.0000 0.0000 0.0000
37 80 0 0.0 non-WM-hypointensities 0.0000 0.0000 0.0000 0.0000 0.0000
38 81 0 0.0 Left-non-WM-hypointensities 0.0000 0.0000 0.0000 0.0000 0.0000
39 82 0 0.0 Right-non-WM-hypointensities 0.0000 0.0000 0.0000 0.0000 0.0000
40 85 0 0.0 Optic-Chiasm 0.0000 0.0000 0.0000 0.0000 0.0000
41 251 805 765.0 CC_Posterior 105.6112 14.5903 37.0000 124.0000 87.0000
42 252 503 448.9 CC_Mid_Posterior 90.7734 24.5360 14.0000 123.0000 109.0000
43 253 462 429.1 CC_Central 97.5931 17.2844 37.0000 122.0000 85.0000
44 254 544 502.4 CC_Mid_Anterior 96.0974 17.2521 40.0000 118.0000 78.0000
45 255 1041 978.2 CC_Anterior 99.9798 17.4861 38.0000 129.0000 91.0000
