Index SegId NVoxels Volume_mm3 StructName normMean normStdDev normMin normMax normRange
1 4 6696 7038.7 Left-Lateral-Ventricle 16.5103 15.5416 0.0000 69.0000 69.0000
2 5 281 346.9 Left-Inf-Lat-Vent 36.9359 16.2158 0.0000 69.0000 69.0000
3 7 15899 16323.3 Left-Cerebellum-White-Matter 102.1026 9.7576 35.0000 128.0000 93.0000
4 8 55779 54640.3 Left-Cerebellum-Cortex 66.3644 16.6668 0.0000 120.0000 120.0000
5 10 8579 8285.9 Left-Thalamus 89.5008 11.5321 37.0000 115.0000 78.0000
6 11 3070 2970.2 Left-Caudate 71.0039 10.4121 34.0000 97.0000 63.0000
7 12 4874 4777.8 Left-Putamen 82.8394 7.3506 35.0000 109.0000 74.0000
8 13 1979 1942.1 Left-Pallidum 100.4720 5.5573 59.0000 119.0000 60.0000
9 14 987 1045.7 3rd-Ventricle 26.6383 16.6041 0.0000 70.0000 70.0000
10 15 1990 2110.1 4th-Ventricle 25.8829 16.3023 0.0000 75.0000 75.0000
11 16 21340 21253.6 Brain-Stem 99.7016 13.0828 0.0000 130.0000 130.0000
12 17 4522 4408.2 Left-Hippocampus 66.0232 11.3269 12.0000 98.0000 86.0000
13 18 1700 1709.7 Left-Amygdala 69.8971 8.6435 28.0000 93.0000 65.0000
14 24 1111 1133.5 CSF 36.9775 17.4375 0.0000 81.0000 81.0000
15 26 524 533.0 Left-Accumbens-area 71.7824 7.1428 30.0000 87.0000 57.0000
16 28 4236 4113.7 Left-VentralDC 97.7790 14.6174 24.0000 131.0000 107.0000
17 30 0 0.0 Left-vessel 0.0000 0.0000 0.0000 0.0000 0.0000
18 31 816 798.1 Left-choroid-plexus 43.5294 14.7889 7.0000 77.0000 70.0000
19 43 6667 6978.7 Right-Lateral-Ventricle 17.1354 15.5503 0.0000 67.0000 67.0000
20 44 268 323.5 Right-Inf-Lat-Vent 33.9813 15.1933 0.0000 70.0000 70.0000
21 46 14610 15026.7 Right-Cerebellum-White-Matter 101.7430 8.9998 40.0000 129.0000 89.0000
22 47 56261 55181.2 Right-Cerebellum-Cortex 65.6048 16.5243 0.0000 117.0000 117.0000
23 49 8192 7854.4 Right-Thalamus 88.9653 11.6104 31.0000 114.0000 83.0000
24 50 3208 3076.0 Right-Caudate 70.3454 10.4596 34.0000 97.0000 63.0000
25 51 5058 5018.1 Right-Putamen 82.8017 6.9093 28.0000 100.0000 72.0000
26 52 2074 2007.2 Right-Pallidum 101.1490 5.6270 73.0000 127.0000 54.0000
27 53 4585 4449.6 Right-Hippocampus 64.6907 12.2512 5.0000 106.0000 101.0000
28 54 1761 1770.3 Right-Amygdala 70.2215 8.2433 37.0000 94.0000 57.0000
29 58 569 552.7 Right-Accumbens-area 75.6995 7.7550 35.0000 91.0000 56.0000
30 60 4265 4093.8 Right-VentralDC 96.7334 15.0340 29.0000 133.0000 104.0000
31 62 0 0.0 Right-vessel 0.0000 0.0000 0.0000 0.0000 0.0000
32 63 682 640.5 Right-choroid-plexus 41.1012 13.5385 0.0000 73.0000 73.0000
33 72 0 0.0 5th-Ventricle 0.0000 0.0000 0.0000 0.0000 0.0000
34 77 894 758.3 WM-hypointensities 62.8635 12.0881 32.0000 90.0000 58.0000
35 78 0 0.0 Left-WM-hypointensities 0.0000 0.0000 0.0000 0.0000 0.0000
36 79 0 0.0 Right-WM-hypointensities 0.0000 0.0000 0.0000 0.0000 0.0000
37 80 0 0.0 non-WM-hypointensities 0.0000 0.0000 0.0000 0.0000 0.0000
38 81 0 0.0 Left-non-WM-hypointensities 0.0000 0.0000 0.0000 0.0000 0.0000
39 82 0 0.0 Right-non-WM-hypointensities 0.0000 0.0000 0.0000 0.0000 0.0000
40 85 0 0.0 Optic-Chiasm 0.0000 0.0000 0.0000 0.0000 0.0000
41 251 830 766.8 CC_Posterior 100.5627 17.4956 16.0000 118.0000 102.0000
42 252 629 537.7 CC_Mid_Posterior 84.6677 24.4616 1.0000 119.0000 118.0000
43 253 740 658.7 CC_Central 90.4527 21.5218 7.0000 117.0000 110.0000
44 254 759 671.3 CC_Mid_Anterior 87.2688 22.0612 14.0000 114.0000 100.0000
45 255 934 885.5 CC_Anterior 101.0118 14.6083 29.0000 123.0000 94.0000
