Index SegId NVoxels Volume_mm3 StructName normMean normStdDev normMin normMax normRange
1 4 6533 6842.0 Left-Lateral-Ventricle 17.2131 16.0231 0.0000 75.0000 75.0000
2 5 229 289.0 Left-Inf-Lat-Vent 37.6856 16.9656 0.0000 71.0000 71.0000
3 7 15733 16168.1 Left-Cerebellum-White-Matter 104.4403 9.2443 35.0000 131.0000 96.0000
4 8 57200 55837.1 Left-Cerebellum-Cortex 70.7305 17.9302 2.0000 124.0000 122.0000
5 10 8740 8427.7 Left-Thalamus 92.4367 11.3078 31.0000 117.0000 86.0000
6 11 3076 2987.8 Left-Caudate 72.4503 9.9994 38.0000 99.0000 61.0000
7 12 4789 4742.6 Left-Putamen 86.3312 6.6913 27.0000 118.0000 91.0000
8 13 2047 1994.4 Left-Pallidum 103.5970 4.9241 58.0000 120.0000 62.0000
9 14 967 1039.6 3rd-Ventricle 28.4126 16.4791 0.0000 76.0000 76.0000
10 15 2012 2149.4 4th-Ventricle 28.3897 17.1490 0.0000 81.0000 81.0000
11 16 21524 21321.8 Brain-Stem 100.4611 12.9859 15.0000 128.0000 113.0000
12 17 4615 4472.9 Left-Hippocampus 70.9421 11.3464 5.0000 103.0000 98.0000
13 18 1720 1733.8 Left-Amygdala 75.8547 7.6888 38.0000 98.0000 60.0000
14 24 1127 1145.2 CSF 40.9104 17.3284 3.0000 91.0000 88.0000
15 26 460 453.1 Left-Accumbens-area 77.4022 7.1493 38.0000 93.0000 55.0000
16 28 4378 4248.5 Left-VentralDC 100.1099 14.3533 22.0000 138.0000 116.0000
17 30 0 0.0 Left-vessel 0.0000 0.0000 0.0000 0.0000 0.0000
18 31 750 750.1 Left-choroid-plexus 43.3200 14.7833 5.0000 81.0000 76.0000
19 43 6408 6660.7 Right-Lateral-Ventricle 16.3071 16.0105 0.0000 70.0000 70.0000
20 44 254 312.4 Right-Inf-Lat-Vent 32.2008 15.8524 0.0000 63.0000 63.0000
21 46 14589 15024.0 Right-Cerebellum-White-Matter 104.5198 8.5451 40.0000 129.0000 89.0000
22 47 57344 56030.8 Right-Cerebellum-Cortex 69.4470 17.4664 0.0000 122.0000 122.0000
23 49 8218 7780.8 Right-Thalamus 90.5795 11.4792 28.0000 114.0000 86.0000
24 50 3123 3029.6 Right-Caudate 69.4976 10.3270 35.0000 99.0000 64.0000
25 51 5002 4941.6 Right-Putamen 83.2767 6.7056 29.0000 103.0000 74.0000
26 52 2039 1980.4 Right-Pallidum 102.2830 4.9060 75.0000 121.0000 46.0000
27 53 4620 4479.2 Right-Hippocampus 68.2719 12.0846 0.0000 107.0000 107.0000
28 54 1761 1819.5 Right-Amygdala 71.9126 7.1452 36.0000 94.0000 58.0000
29 58 558 542.1 Right-Accumbens-area 76.6004 7.3228 35.0000 96.0000 61.0000
30 60 4407 4214.0 Right-VentralDC 97.7822 14.8445 28.0000 131.0000 103.0000
31 62 0 0.0 Right-vessel 0.0000 0.0000 0.0000 0.0000 0.0000
32 63 666 657.7 Right-choroid-plexus 41.7312 13.8219 0.0000 76.0000 76.0000
33 72 0 0.0 5th-Ventricle 0.0000 0.0000 0.0000 0.0000 0.0000
34 77 661 561.0 WM-hypointensities 61.1831 12.7427 31.0000 88.0000 57.0000
35 78 0 0.0 Left-WM-hypointensities 0.0000 0.0000 0.0000 0.0000 0.0000
36 79 0 0.0 Right-WM-hypointensities 0.0000 0.0000 0.0000 0.0000 0.0000
37 80 0 0.0 non-WM-hypointensities 0.0000 0.0000 0.0000 0.0000 0.0000
38 81 0 0.0 Left-non-WM-hypointensities 0.0000 0.0000 0.0000 0.0000 0.0000
39 82 0 0.0 Right-non-WM-hypointensities 0.0000 0.0000 0.0000 0.0000 0.0000
40 85 0 0.0 Optic-Chiasm 0.0000 0.0000 0.0000 0.0000 0.0000
41 251 833 779.7 CC_Posterior 104.8127 15.8627 22.0000 125.0000 103.0000
42 252 597 542.7 CC_Mid_Posterior 88.0352 25.7752 7.0000 118.0000 111.0000
43 253 1000 920.5 CC_Central 88.6940 21.9471 15.0000 119.0000 104.0000
44 254 930 845.3 CC_Mid_Anterior 85.4505 19.6606 17.0000 112.0000 95.0000
45 255 926 871.3 CC_Anterior 102.0670 15.6106 17.0000 122.0000 105.0000
