Index SegId NVoxels Volume_mm3 StructName normMean normStdDev normMin normMax normRange
1 4 6631 7083.0 Left-Lateral-Ventricle 15.9517 14.7400 0.0000 72.0000 72.0000
2 5 187 253.6 Left-Inf-Lat-Vent 35.5936 14.8710 1.0000 65.0000 64.0000
3 7 15512 16139.2 Left-Cerebellum-White-Matter 103.3141 10.3085 31.0000 128.0000 97.0000
4 8 57691 56322.5 Left-Cerebellum-Cortex 66.9745 16.5485 0.0000 124.0000 124.0000
5 10 8670 8379.1 Left-Thalamus 89.7415 11.9197 36.0000 116.0000 80.0000
6 11 3059 2978.3 Left-Caudate 69.2432 10.2737 30.0000 94.0000 64.0000
7 12 4838 4813.6 Left-Putamen 82.6914 7.2208 31.0000 104.0000 73.0000
8 13 2014 1965.7 Left-Pallidum 101.3565 5.3141 63.0000 119.0000 56.0000
9 14 979 1064.5 3rd-Ventricle 25.1522 16.3949 0.0000 67.0000 67.0000
10 15 1908 2065.7 4th-Ventricle 23.8826 16.8935 0.0000 80.0000 80.0000
11 16 21363 21163.1 Brain-Stem 99.0400 13.5506 12.0000 128.0000 116.0000
12 17 4620 4548.1 Left-Hippocampus 65.2716 10.1725 21.0000 94.0000 73.0000
13 18 1734 1742.4 Left-Amygdala 68.2543 8.0083 34.0000 92.0000 58.0000
14 24 1174 1188.5 CSF 37.5562 17.4758 3.0000 84.0000 81.0000
15 26 471 472.4 Left-Accumbens-area 70.4628 6.7580 32.0000 85.0000 53.0000
16 28 4279 4119.6 Left-VentralDC 96.4167 15.9465 22.0000 126.0000 104.0000
17 30 0 0.0 Left-vessel 0.0000 0.0000 0.0000 0.0000 0.0000
18 31 678 688.9 Left-choroid-plexus 41.1209 15.4451 3.0000 75.0000 72.0000
19 43 6355 6758.1 Right-Lateral-Ventricle 16.5548 15.4720 0.0000 66.0000 66.0000
20 44 173 233.8 Right-Inf-Lat-Vent 31.1908 15.2328 0.0000 63.0000 63.0000
21 46 14557 15139.2 Right-Cerebellum-White-Matter 101.3616 9.2973 36.0000 124.0000 88.0000
22 47 59222 57823.4 Right-Cerebellum-Cortex 67.1180 15.6900 0.0000 118.0000 118.0000
23 49 8302 7920.9 Right-Thalamus 88.4603 12.0838 23.0000 117.0000 94.0000
24 50 3134 3026.0 Right-Caudate 68.4365 10.3655 30.0000 95.0000 65.0000
25 51 5019 5016.4 Right-Putamen 81.7922 7.3246 31.0000 102.0000 71.0000
26 52 2024 1962.4 Right-Pallidum 101.4145 5.2714 75.0000 119.0000 44.0000
27 53 4698 4614.9 Right-Hippocampus 64.8425 10.6123 9.0000 98.0000 89.0000
28 54 1704 1726.1 Right-Amygdala 68.2829 8.0205 34.0000 94.0000 60.0000
29 58 556 548.3 Right-Accumbens-area 69.7698 7.0095 38.0000 87.0000 49.0000
30 60 4315 4079.7 Right-VentralDC 94.9261 16.9975 18.0000 128.0000 110.0000
31 62 0 0.0 Right-vessel 0.0000 0.0000 0.0000 0.0000 0.0000
32 63 614 609.0 Right-choroid-plexus 39.0651 14.2626 0.0000 70.0000 70.0000
33 72 0 0.0 5th-Ventricle 0.0000 0.0000 0.0000 0.0000 0.0000
34 77 999 868.7 WM-hypointensities 58.1752 12.3342 22.0000 85.0000 63.0000
35 78 0 0.0 Left-WM-hypointensities 0.0000 0.0000 0.0000 0.0000 0.0000
36 79 0 0.0 Right-WM-hypointensities 0.0000 0.0000 0.0000 0.0000 0.0000
37 80 0 0.0 non-WM-hypointensities 0.0000 0.0000 0.0000 0.0000 0.0000
38 81 0 0.0 Left-non-WM-hypointensities 0.0000 0.0000 0.0000 0.0000 0.0000
39 82 0 0.0 Right-non-WM-hypointensities 0.0000 0.0000 0.0000 0.0000 0.0000
40 85 0 0.0 Optic-Chiasm 0.0000 0.0000 0.0000 0.0000 0.0000
41 251 828 786.4 CC_Posterior 104.6667 16.2926 40.0000 125.0000 85.0000
42 252 573 504.5 CC_Mid_Posterior 88.4119 22.4257 22.0000 120.0000 98.0000
43 253 588 523.7 CC_Central 91.7092 21.1735 31.0000 116.0000 85.0000
44 254 552 503.7 CC_Mid_Anterior 95.4348 18.1708 40.0000 115.0000 75.0000
45 255 1079 1020.5 CC_Anterior 100.4690 19.5561 23.0000 123.0000 100.0000
