Index SegId NVoxels Volume_mm3 StructName normMean normStdDev normMin normMax normRange
1 4 6642 6995.5 Left-Lateral-Ventricle 16.8448 15.4898 0.0000 70.0000 70.0000
2 5 283 340.8 Left-Inf-Lat-Vent 35.6113 16.4874 0.0000 69.0000 69.0000
3 7 15654 16130.9 Left-Cerebellum-White-Matter 101.7158 9.7793 36.0000 127.0000 91.0000
4 8 55267 54156.7 Left-Cerebellum-Cortex 65.5362 16.5713 0.0000 118.0000 118.0000
5 10 8517 8219.7 Left-Thalamus 89.2198 11.4176 35.0000 114.0000 79.0000
6 11 3072 2986.3 Left-Caudate 70.2419 10.2136 36.0000 95.0000 59.0000
7 12 4870 4790.5 Left-Putamen 81.7561 7.8070 31.0000 103.0000 72.0000
8 13 1984 1936.7 Left-Pallidum 100.2369 4.9859 77.0000 115.0000 38.0000
9 14 992 1044.3 3rd-Ventricle 26.7470 16.5994 0.0000 74.0000 74.0000
10 15 1943 2063.1 4th-Ventricle 25.1637 16.4633 0.0000 76.0000 76.0000
11 16 21234 21114.7 Brain-Stem 99.0491 12.9058 16.0000 132.0000 116.0000
12 17 4510 4398.7 Left-Hippocampus 66.0703 11.2453 13.0000 100.0000 87.0000
13 18 1773 1775.3 Left-Amygdala 69.9306 8.8658 25.0000 98.0000 73.0000
14 24 1098 1119.8 CSF 37.7714 17.0336 0.0000 86.0000 86.0000
15 26 530 518.0 Left-Accumbens-area 69.0208 7.0382 31.0000 85.0000 54.0000
16 28 4289 4160.0 Left-VentralDC 97.1271 14.4949 37.0000 131.0000 94.0000
17 30 0 0.0 Left-vessel 0.0000 0.0000 0.0000 0.0000 0.0000
18 31 804 792.6 Left-choroid-plexus 43.2861 14.8947 5.0000 80.0000 75.0000
19 43 6541 6833.2 Right-Lateral-Ventricle 17.4654 15.8571 0.0000 71.0000 71.0000
20 44 257 304.7 Right-Inf-Lat-Vent 32.5992 16.0319 0.0000 66.0000 66.0000
21 46 14621 15095.7 Right-Cerebellum-White-Matter 101.8729 8.8587 42.0000 129.0000 87.0000
22 47 56359 55259.5 Right-Cerebellum-Cortex 65.8811 16.2095 0.0000 120.0000 120.0000
23 49 8214 7860.4 Right-Thalamus 88.6354 11.2826 30.0000 114.0000 84.0000
24 50 3188 3081.0 Right-Caudate 68.7011 10.0650 33.0000 93.0000 60.0000
25 51 5062 4985.4 Right-Putamen 80.9018 7.4375 27.0000 103.0000 76.0000
26 52 1962 1909.1 Right-Pallidum 99.8899 5.2792 75.0000 120.0000 45.0000
27 53 4580 4469.6 Right-Hippocampus 64.5644 12.2011 0.0000 106.0000 106.0000
28 54 1757 1795.6 Right-Amygdala 70.6466 8.2482 35.0000 94.0000 59.0000
29 58 569 555.8 Right-Accumbens-area 71.5694 7.1211 40.0000 88.0000 48.0000
30 60 4328 4165.9 Right-VentralDC 96.0102 14.9367 25.0000 127.0000 102.0000
31 62 0 0.0 Right-vessel 0.0000 0.0000 0.0000 0.0000 0.0000
32 63 664 639.3 Right-choroid-plexus 41.5813 13.5337 0.0000 77.0000 77.0000
33 72 0 0.0 5th-Ventricle 0.0000 0.0000 0.0000 0.0000 0.0000
34 77 899 755.7 WM-hypointensities 63.3749 12.7027 31.0000 91.0000 60.0000
35 78 0 0.0 Left-WM-hypointensities 0.0000 0.0000 0.0000 0.0000 0.0000
36 79 0 0.0 Right-WM-hypointensities 0.0000 0.0000 0.0000 0.0000 0.0000
37 80 0 0.0 non-WM-hypointensities 0.0000 0.0000 0.0000 0.0000 0.0000
38 81 0 0.0 Left-non-WM-hypointensities 0.0000 0.0000 0.0000 0.0000 0.0000
39 82 0 0.0 Right-non-WM-hypointensities 0.0000 0.0000 0.0000 0.0000 0.0000
40 85 0 0.0 Optic-Chiasm 0.0000 0.0000 0.0000 0.0000 0.0000
41 251 827 763.0 CC_Posterior 101.2491 16.2412 40.0000 121.0000 81.0000
42 252 602 536.1 CC_Mid_Posterior 85.3355 24.4390 1.0000 119.0000 118.0000
43 253 535 485.8 CC_Central 93.6598 20.5015 18.0000 115.0000 97.0000
44 254 542 497.7 CC_Mid_Anterior 95.4059 17.6330 22.0000 115.0000 93.0000
45 255 1038 976.3 CC_Anterior 97.6166 17.2319 24.0000 125.0000 101.0000
