Index SegId NVoxels Volume_mm3 StructName normMean normStdDev normMin normMax normRange
1 4 6795 7083.8 Left-Lateral-Ventricle 17.0500 15.8163 0.0000 73.0000 73.0000
2 5 267 353.6 Left-Inf-Lat-Vent 40.5918 13.5736 10.0000 69.0000 59.0000
3 7 15536 16038.5 Left-Cerebellum-White-Matter 102.3829 9.3161 33.0000 124.0000 91.0000
4 8 56948 55594.2 Left-Cerebellum-Cortex 69.8100 16.9799 2.0000 122.0000 120.0000
5 10 8855 8558.2 Left-Thalamus 90.1484 11.6060 33.0000 117.0000 84.0000
6 11 3057 2958.1 Left-Caudate 72.9774 10.4608 36.0000 99.0000 63.0000
7 12 4761 4689.6 Left-Putamen 85.4831 6.8786 41.0000 108.0000 67.0000
8 13 1984 1962.6 Left-Pallidum 101.4153 4.6717 77.0000 120.0000 43.0000
9 14 1007 1073.5 3rd-Ventricle 27.7736 16.5139 0.0000 71.0000 71.0000
10 15 2019 2141.8 4th-Ventricle 25.3784 17.3430 0.0000 80.0000 80.0000
11 16 21378 21246.3 Brain-Stem 98.8295 13.3007 12.0000 137.0000 125.0000
12 17 4650 4486.8 Left-Hippocampus 69.2123 10.2021 25.0000 101.0000 76.0000
13 18 1660 1667.0 Left-Amygdala 72.8916 8.2793 39.0000 96.0000 57.0000
14 24 1165 1170.4 CSF 37.3957 18.8106 0.0000 96.0000 96.0000
15 26 488 488.2 Left-Accumbens-area 73.5082 8.2569 30.0000 93.0000 63.0000
16 28 4255 4121.8 Left-VentralDC 97.5236 14.3429 24.0000 131.0000 107.0000
17 30 0 0.0 Left-vessel 0.0000 0.0000 0.0000 0.0000 0.0000
18 31 737 736.0 Left-choroid-plexus 42.9946 15.6421 0.0000 78.0000 78.0000
19 43 6739 7030.5 Right-Lateral-Ventricle 17.5300 15.8370 0.0000 69.0000 69.0000
20 44 207 259.3 Right-Inf-Lat-Vent 33.4106 15.9988 0.0000 65.0000 65.0000
21 46 14523 15017.7 Right-Cerebellum-White-Matter 103.0966 8.7474 41.0000 127.0000 86.0000
22 47 57160 55896.1 Right-Cerebellum-Cortex 69.4442 17.2159 0.0000 125.0000 125.0000
23 49 8240 7905.0 Right-Thalamus 89.2911 11.6312 26.0000 114.0000 88.0000
24 50 3147 3018.3 Right-Caudate 71.8440 10.2526 33.0000 98.0000 65.0000
25 51 4971 4913.2 Right-Putamen 84.1847 6.2739 41.0000 101.0000 60.0000
26 52 2005 1966.6 Right-Pallidum 101.2663 4.9038 78.0000 121.0000 43.0000
27 53 4631 4507.9 Right-Hippocampus 66.8596 11.1631 6.0000 98.0000 92.0000
28 54 1737 1758.3 Right-Amygdala 72.6546 7.9387 39.0000 96.0000 57.0000
29 58 559 539.2 Right-Accumbens-area 77.0107 7.5546 32.0000 93.0000 61.0000
30 60 4292 4093.5 Right-VentralDC 96.3322 15.1180 31.0000 131.0000 100.0000
31 62 0 0.0 Right-vessel 0.0000 0.0000 0.0000 0.0000 0.0000
32 63 633 626.5 Right-choroid-plexus 41.6840 14.3277 0.0000 74.0000 74.0000
33 72 0 0.0 5th-Ventricle 0.0000 0.0000 0.0000 0.0000 0.0000
34 77 882 750.3 WM-hypointensities 63.6281 12.2741 31.0000 91.0000 60.0000
35 78 0 0.0 Left-WM-hypointensities 0.0000 0.0000 0.0000 0.0000 0.0000
36 79 0 0.0 Right-WM-hypointensities 0.0000 0.0000 0.0000 0.0000 0.0000
37 80 0 0.0 non-WM-hypointensities 0.0000 0.0000 0.0000 0.0000 0.0000
38 81 0 0.0 Left-non-WM-hypointensities 0.0000 0.0000 0.0000 0.0000 0.0000
39 82 0 0.0 Right-non-WM-hypointensities 0.0000 0.0000 0.0000 0.0000 0.0000
40 85 0 0.0 Optic-Chiasm 0.0000 0.0000 0.0000 0.0000 0.0000
41 251 805 768.3 CC_Posterior 103.9689 14.5676 40.0000 125.0000 85.0000
42 252 571 515.4 CC_Mid_Posterior 89.4081 27.3105 0.0000 124.0000 124.0000
43 253 790 711.9 CC_Central 90.0304 21.7215 4.0000 123.0000 119.0000
44 254 780 710.3 CC_Mid_Anterior 88.7231 20.0185 35.0000 116.0000 81.0000
45 255 907 873.8 CC_Anterior 102.2007 14.4175 30.0000 132.0000 102.0000
