Index SegId NVoxels Volume_mm3 StructName normMean normStdDev normMin normMax normRange
1 4 6710 7050.8 Left-Lateral-Ventricle 16.1292 14.9339 0.0000 76.0000 76.0000
2 5 243 300.7 Left-Inf-Lat-Vent 34.3745 16.9643 0.0000 72.0000 72.0000
3 7 15550 16033.2 Left-Cerebellum-White-Matter 103.4523 10.2229 33.0000 132.0000 99.0000
4 8 55802 54611.2 Left-Cerebellum-Cortex 67.8693 17.0645 0.0000 124.0000 124.0000
5 10 8469 8184.3 Left-Thalamus 88.3810 11.9822 39.0000 114.0000 75.0000
6 11 3091 3019.2 Left-Caudate 69.7590 10.2035 35.0000 96.0000 61.0000
7 12 4931 4805.0 Left-Putamen 81.4498 7.1777 24.0000 106.0000 82.0000
8 13 2051 2021.5 Left-Pallidum 98.9459 4.9427 66.0000 125.0000 59.0000
9 14 971 1046.4 3rd-Ventricle 25.2173 16.3891 0.0000 68.0000 68.0000
10 15 1918 2050.0 4th-Ventricle 23.8170 17.4738 0.0000 80.0000 80.0000
11 16 21240 21096.0 Brain-Stem 99.2398 13.7674 3.0000 137.0000 134.0000
12 17 4576 4437.5 Left-Hippocampus 67.8269 12.1417 19.0000 108.0000 89.0000
13 18 1776 1792.0 Left-Amygdala 65.5113 7.8003 35.0000 88.0000 53.0000
14 24 1093 1121.1 CSF 35.8801 17.4488 2.0000 85.0000 83.0000
15 26 489 488.4 Left-Accumbens-area 74.8630 7.0916 42.0000 90.0000 48.0000
16 28 4246 4141.3 Left-VentralDC 96.3351 14.3492 34.0000 128.0000 94.0000
17 30 0 0.0 Left-vessel 0.0000 0.0000 0.0000 0.0000 0.0000
18 31 763 759.3 Left-choroid-plexus 41.6330 15.2229 5.0000 75.0000 70.0000
19 43 6557 6863.7 Right-Lateral-Ventricle 17.3688 15.2003 0.0000 70.0000 70.0000
20 44 267 331.8 Right-Inf-Lat-Vent 34.5730 17.0639 0.0000 80.0000 80.0000
21 46 14313 14823.7 Right-Cerebellum-White-Matter 102.9231 9.5178 41.0000 130.0000 89.0000
22 47 56546 55245.4 Right-Cerebellum-Cortex 67.7243 16.1366 0.0000 118.0000 118.0000
23 49 8362 8023.0 Right-Thalamus 86.9229 11.6541 33.0000 112.0000 79.0000
24 50 3130 3016.6 Right-Caudate 68.5508 10.4311 33.0000 96.0000 63.0000
25 51 4943 4898.6 Right-Putamen 82.6978 6.8793 31.0000 104.0000 73.0000
26 52 2022 1954.6 Right-Pallidum 100.6429 5.7216 71.0000 123.0000 52.0000
27 53 4510 4323.1 Right-Hippocampus 68.6428 13.3011 8.0000 117.0000 109.0000
28 54 1707 1723.3 Right-Amygdala 71.1002 7.7159 40.0000 96.0000 56.0000
29 58 570 554.1 Right-Accumbens-area 74.8579 7.1594 41.0000 90.0000 49.0000
30 60 4280 4106.5 Right-VentralDC 95.0467 14.7255 27.0000 137.0000 110.0000
31 62 0 0.0 Right-vessel 0.0000 0.0000 0.0000 0.0000 0.0000
32 63 704 677.3 Right-choroid-plexus 41.4233 14.1184 2.0000 77.0000 75.0000
33 72 0 0.0 5th-Ventricle 0.0000 0.0000 0.0000 0.0000 0.0000
34 77 828 694.6 WM-hypointensities 61.6329 12.0929 29.0000 92.0000 63.0000
35 78 0 0.0 Left-WM-hypointensities 0.0000 0.0000 0.0000 0.0000 0.0000
36 79 0 0.0 Right-WM-hypointensities 0.0000 0.0000 0.0000 0.0000 0.0000
37 80 0 0.0 non-WM-hypointensities 0.0000 0.0000 0.0000 0.0000 0.0000
38 81 0 0.0 Left-non-WM-hypointensities 0.0000 0.0000 0.0000 0.0000 0.0000
39 82 0 0.0 Right-non-WM-hypointensities 0.0000 0.0000 0.0000 0.0000 0.0000
40 85 0 0.0 Optic-Chiasm 0.0000 0.0000 0.0000 0.0000 0.0000
41 251 826 775.9 CC_Posterior 104.2869 16.7084 40.0000 124.0000 84.0000
42 252 581 510.6 CC_Mid_Posterior 87.9312 26.6283 5.0000 125.0000 120.0000
43 253 870 796.0 CC_Central 89.5989 21.5078 9.0000 118.0000 109.0000
44 254 860 773.7 CC_Mid_Anterior 87.7395 20.9052 8.0000 118.0000 110.0000
45 255 926 882.1 CC_Anterior 101.6231 15.6925 15.0000 125.0000 110.0000
