StructName NumVert SurfArea GrayVol ThickAvg ThickStd MeanCurv GausCurv FoldInd CurvInd
caudalanteriorcingulate 2148 1356 3611 2.474 0.637 0.099 0.014 18 1.2
caudalmiddlefrontal 3261 2162 6073 2.595 0.490 0.104 0.019 23 2.7
cuneus 3385 2035 4039 1.909 0.478 0.114 0.023 33 3.1
entorhinal 733 470 2088 3.328 0.892 0.085 0.015 3 0.4
fusiform 3970 2669 8589 2.776 0.571 0.118 0.021 38 3.7
inferiorparietal 6699 4485 11847 2.443 0.465 0.114 0.021 68 5.7
inferiortemporal 4976 3404 12557 2.923 0.704 0.118 0.025 53 4.9
isthmuscingulate 1621 1099 2575 2.110 0.891 0.110 0.030 17 1.8
lateraloccipital 8107 5042 12511 2.150 0.652 0.120 0.025 78 8.7
lateralorbitofrontal 3996 2739 7682 2.731 0.730 0.130 0.035 45 5.4
lingual 4524 2946 6634 2.067 0.613 0.122 0.028 46 5.4
medialorbitofrontal 2258 1589 4429 2.511 0.660 0.135 0.048 61 5.4
middletemporal 6456 4421 14460 2.796 0.624 0.116 0.020 67 5.8
parahippocampal 1144 733 2590 2.970 0.768 0.091 0.023 15 1.0
paracentral 2803 1592 4474 2.601 0.536 0.076 0.014 12 1.5
parsopercularis 1874 1245 3686 2.696 0.515 0.111 0.022 16 1.6
parsorbitalis 1018 673 2159 2.696 0.598 0.108 0.021 7 1.0
parstriangularis 2373 1637 4729 2.548 0.549 0.121 0.025 22 2.5
pericalcarine 1921 1304 1866 1.597 0.437 0.124 0.026 17 2.2
postcentral 7201 4556 10356 2.071 0.614 0.096 0.018 49 5.4
posteriorcingulate 2199 1477 3804 2.443 0.727 0.127 0.023 25 2.2
precentral 8168 5072 14864 2.681 0.567 0.099 0.019 54 6.4
precuneus 5169 3405 8966 2.454 0.580 0.114 0.020 49 4.7
rostralanteriorcingulate 1913 1290 3816 2.723 0.601 0.113 0.024 21 1.8
rostralmiddlefrontal 4612 3308 9368 2.472 0.618 0.127 0.028 49 5.4
superiorfrontal 11498 7888 25092 2.726 0.587 0.117 0.025 105 11.9
superiorparietal 7026 4563 11227 2.271 0.502 0.108 0.019 61 5.6
superiortemporal 7743 5209 17023 2.837 0.677 0.105 0.021 60 6.3
supramarginal 5705 3932 10799 2.556 0.466 0.120 0.024 56 5.8
transversetemporal 684 427 1063 2.272 0.396 0.124 0.029 7 0.7
insula 2899 1952 6175 3.149 0.860 0.109 0.026 25 3.1
