StructName NumVert SurfArea GrayVol ThickAvg ThickStd MeanCurv GausCurv FoldInd CurvInd
caudalanteriorcingulate 2226 1413 3781 2.519 0.600 0.100 0.014 17 1.3
caudalmiddlefrontal 3622 2279 6516 2.643 0.441 0.099 0.017 24 2.8
cuneus 3377 2113 4032 1.837 0.491 0.118 0.021 31 3.0
entorhinal 714 453 1814 3.256 0.737 0.098 0.027 4 0.9
fusiform 4043 2705 8319 2.687 0.541 0.116 0.022 35 3.6
inferiorparietal 6671 4418 11425 2.360 0.510 0.114 0.021 64 5.4
inferiortemporal 5183 3557 12570 2.919 0.669 0.118 0.024 54 5.2
isthmuscingulate 1661 1094 2824 2.203 0.985 0.103 0.024 15 1.6
lateraloccipital 7992 5060 13000 2.225 0.613 0.126 0.026 83 8.7
lateralorbitofrontal 4058 2733 8396 2.825 0.623 0.127 0.031 44 5.1
lingual 4603 3036 6699 2.025 0.609 0.124 0.027 45 5.2
medialorbitofrontal 2219 1575 4520 2.558 0.594 0.116 0.025 24 2.3
middletemporal 6946 4599 15256 2.812 0.660 0.113 0.020 67 6.0
parahippocampal 1138 734 2623 3.031 0.808 0.093 0.017 8 0.8
paracentral 2885 1629 4678 2.639 0.614 0.078 0.014 12 1.7
parsopercularis 2011 1284 3807 2.756 0.556 0.108 0.021 16 1.7
parsorbitalis 999 634 2065 2.728 0.563 0.103 0.019 7 0.8
parstriangularis 2509 1595 4684 2.566 0.582 0.110 0.022 20 2.2
pericalcarine 1973 1307 1870 1.581 0.429 0.124 0.026 17 2.2
postcentral 7586 4706 10557 2.063 0.622 0.095 0.017 51 5.4
posteriorcingulate 2204 1482 3878 2.436 0.676 0.125 0.024 24 2.3
precentral 9063 5350 15895 2.751 0.538 0.094 0.018 56 6.6
precuneus 5403 3515 8957 2.378 0.619 0.115 0.021 49 4.8
rostralanteriorcingulate 1996 1322 3685 2.591 0.613 0.107 0.018 19 1.5
rostralmiddlefrontal 5036 3444 9153 2.415 0.534 0.125 0.025 52 5.0
superiorfrontal 12533 8318 26505 2.769 0.562 0.116 0.023 117 11.7
superiorparietal 7217 4674 11314 2.235 0.503 0.109 0.019 63 5.7
superiortemporal 8047 5309 17651 2.864 0.668 0.105 0.020 64 6.9
supramarginal 6107 4030 10875 2.489 0.482 0.113 0.020 56 4.9
transversetemporal 755 462 1062 2.160 0.388 0.119 0.023 8 0.7
insula 3032 1988 6262 3.131 0.875 0.108 0.025 23 2.8
