StructName NumVert SurfArea GrayVol ThickAvg ThickStd MeanCurv GausCurv FoldInd CurvInd
caudalanteriorcingulate 2317 1485 3859 2.418 0.656 0.104 0.021 18 1.9
caudalmiddlefrontal 3418 2258 6593 2.575 0.513 0.105 0.022 24 3.2
cuneus 3203 2105 4468 1.963 0.449 0.120 0.026 34 3.3
entorhinal 721 505 2001 2.959 0.864 0.123 0.036 7 0.9
fusiform 4074 2759 8902 2.674 0.651 0.118 0.028 42 4.4
inferiorparietal 6758 4629 11878 2.221 0.549 0.116 0.022 69 5.9
inferiortemporal 5206 3624 13211 2.896 0.733 0.120 0.027 54 5.8
isthmuscingulate 1651 1098 2648 2.098 0.892 0.110 0.028 18 1.7
lateraloccipital 7800 5019 13885 2.254 0.668 0.125 0.029 84 8.8
lateralorbitofrontal 4180 2947 8811 2.660 0.729 0.129 0.035 46 5.4
lingual 4225 2982 7536 2.223 0.668 0.127 0.030 45 5.2
medialorbitofrontal 2513 1755 4964 2.482 0.654 0.123 0.037 31 3.5
middletemporal 6893 4732 15762 2.712 0.718 0.119 0.024 73 6.7
parahippocampal 1093 746 2639 2.952 0.813 0.106 0.029 10 1.1
paracentral 2973 1884 4733 2.390 0.556 0.113 0.036 25 4.3
parsopercularis 1899 1320 4034 2.779 0.494 0.116 0.026 16 1.9
parsorbitalis 984 666 2213 2.649 0.576 0.107 0.024 8 0.9
parstriangularis 2425 1654 5030 2.574 0.580 0.118 0.027 22 2.6
pericalcarine 1929 1332 2215 1.803 0.448 0.121 0.026 15 2.2
postcentral 7582 4956 11262 2.053 0.572 0.104 0.025 62 7.5
posteriorcingulate 2277 1571 3923 2.313 0.708 0.125 0.026 25 2.4
precentral 8397 5524 15957 2.610 0.544 0.110 0.029 67 9.2
precuneus 5138 3499 9177 2.372 0.537 0.118 0.023 52 4.9
rostralanteriorcingulate 2048 1354 3822 2.565 0.532 0.113 0.024 20 2.0
rostralmiddlefrontal 5008 3606 9784 2.327 0.624 0.128 0.029 60 5.6
superiorfrontal 12568 8608 26761 2.688 0.574 0.119 0.028 121 13.7
superiorparietal 7038 4756 11747 2.204 0.495 0.113 0.022 69 6.1
superiortemporal 8160 5495 17449 2.723 0.652 0.115 0.029 79 10.2
supramarginal 5889 4121 11164 2.386 0.518 0.118 0.023 62 5.3
transversetemporal 647 449 1116 2.283 0.375 0.130 0.030 7 0.7
insula 2899 1994 6456 3.175 0.860 0.112 0.030 24 3.3
