StructName NumVert SurfArea GrayVol ThickAvg ThickStd MeanCurv GausCurv FoldInd CurvInd
caudalanteriorcingulate 2009 1259 3407 2.509 0.663 0.105 0.016 17 1.3
caudalmiddlefrontal 3528 2237 6504 2.653 0.458 0.100 0.017 23 2.7
cuneus 3352 2118 4047 1.819 0.474 0.120 0.022 32 3.0
entorhinal 748 498 2045 3.249 0.768 0.103 0.025 5 0.7
fusiform 4084 2703 8508 2.719 0.584 0.115 0.023 40 3.6
inferiorparietal 6794 4534 11663 2.331 0.522 0.115 0.021 65 5.8
inferiortemporal 5206 3543 12752 2.958 0.719 0.119 0.025 55 5.3
isthmuscingulate 1600 1064 2785 2.243 0.960 0.106 0.025 17 1.6
lateraloccipital 7967 5155 12982 2.170 0.627 0.130 0.027 82 9.0
lateralorbitofrontal 4065 2807 8762 2.884 0.632 0.124 0.029 41 4.7
lingual 4470 2998 6616 2.009 0.657 0.128 0.027 47 5.3
medialorbitofrontal 2202 1605 4649 2.559 0.636 0.125 0.032 26 2.9
middletemporal 7035 4575 15683 2.837 0.680 0.111 0.019 64 5.8
parahippocampal 1198 776 2763 2.993 0.764 0.096 0.022 9 1.0
paracentral 2783 1593 4541 2.608 0.589 0.077 0.014 12 1.5
parsopercularis 1978 1273 3810 2.792 0.508 0.110 0.023 16 1.7
parsorbitalis 1007 650 2096 2.737 0.527 0.104 0.019 8 0.8
parstriangularis 2513 1628 4960 2.636 0.583 0.113 0.021 21 2.2
pericalcarine 1970 1330 1841 1.553 0.415 0.127 0.027 18 2.3
postcentral 7523 4770 10562 2.034 0.627 0.100 0.018 52 5.8
posteriorcingulate 2176 1464 3779 2.384 0.674 0.124 0.022 23 2.1
precentral 8785 5300 15763 2.745 0.554 0.097 0.018 56 6.7
precuneus 5256 3490 9079 2.417 0.601 0.117 0.021 50 4.8
rostralanteriorcingulate 1886 1296 3718 2.625 0.572 0.119 0.022 20 1.8
rostralmiddlefrontal 5104 3454 9323 2.444 0.539 0.124 0.024 53 5.0
superiorfrontal 12692 8408 27136 2.803 0.570 0.113 0.022 110 11.3
superiorparietal 7120 4674 11530 2.275 0.501 0.110 0.019 62 5.7
superiortemporal 8007 5227 17640 2.908 0.725 0.104 0.020 61 6.4
supramarginal 6120 4103 11008 2.485 0.454 0.115 0.021 57 5.3
transversetemporal 752 465 1037 2.126 0.433 0.118 0.023 7 0.7
insula 3010 1982 6082 3.050 0.827 0.110 0.026 23 3.1
