StructName NumVert SurfArea GrayVol ThickAvg ThickStd MeanCurv GausCurv FoldInd CurvInd
caudalanteriorcingulate 2181 1365 3582 2.424 0.632 0.099 0.013 16 1.2
caudalmiddlefrontal 3557 2284 6519 2.568 0.501 0.101 0.017 24 2.7
cuneus 3398 2134 4152 1.861 0.530 0.121 0.023 34 3.2
entorhinal 717 465 1922 3.235 0.848 0.097 0.024 4 0.7
fusiform 4125 2720 8836 2.791 0.559 0.117 0.022 37 3.7
inferiorparietal 6770 4517 11997 2.430 0.493 0.114 0.021 65 5.6
inferiortemporal 5277 3540 12888 2.962 0.693 0.116 0.023 54 4.8
isthmuscingulate 1702 1131 2805 2.151 0.965 0.109 0.028 19 1.9
lateraloccipital 8200 5296 13763 2.207 0.679 0.129 0.027 83 9.5
lateralorbitofrontal 3851 2651 8331 2.851 0.636 0.127 0.029 42 4.4
lingual 4547 3080 6624 1.988 0.613 0.129 0.030 48 5.7
medialorbitofrontal 2252 1605 4511 2.480 0.654 0.124 0.031 32 2.8
middletemporal 6907 4602 15587 2.838 0.681 0.114 0.020 66 6.0
parahippocampal 1113 736 2606 2.987 0.797 0.100 0.021 9 0.8
paracentral 2833 1633 4797 2.635 0.608 0.078 0.013 12 1.5
parsopercularis 1962 1286 3839 2.734 0.477 0.111 0.022 17 1.6
parsorbitalis 1033 661 2139 2.694 0.569 0.104 0.019 7 0.9
parstriangularis 2448 1632 4748 2.566 0.548 0.117 0.022 22 2.3
pericalcarine 2012 1343 1847 1.538 0.437 0.127 0.026 19 2.3
postcentral 7577 4731 10696 2.069 0.618 0.096 0.017 52 5.4
posteriorcingulate 2149 1470 3702 2.337 0.699 0.126 0.024 23 2.2
precentral 8692 5294 15692 2.710 0.559 0.097 0.018 55 6.2
precuneus 5284 3521 9063 2.395 0.585 0.118 0.022 51 5.0
rostralanteriorcingulate 1933 1307 3719 2.583 0.629 0.114 0.021 21 1.7
rostralmiddlefrontal 4950 3463 8951 2.293 0.581 0.128 0.024 55 5.0
superiorfrontal 12131 8300 25895 2.682 0.606 0.120 0.023 117 11.8
superiorparietal 7256 4692 11427 2.270 0.508 0.109 0.019 62 5.8
superiortemporal 8023 5251 17555 2.890 0.708 0.105 0.019 62 6.6
supramarginal 6088 4061 11064 2.519 0.471 0.116 0.020 57 5.3
transversetemporal 719 445 1046 2.210 0.416 0.121 0.024 7 0.6
insula 2980 1959 6195 3.100 0.872 0.104 0.023 22 2.5
