StructName NumVert SurfArea GrayVol ThickAvg ThickStd MeanCurv GausCurv FoldInd CurvInd
caudalanteriorcingulate 2247 1406 3728 2.461 0.643 0.097 0.014 18 1.4
caudalmiddlefrontal 3525 2280 6475 2.582 0.471 0.103 0.017 24 2.7
cuneus 3328 2125 3876 1.808 0.449 0.125 0.027 33 3.8
entorhinal 680 444 1803 3.277 0.573 0.093 0.020 4 0.4
fusiform 3951 2672 8139 2.711 0.501 0.121 0.024 40 3.7
inferiorparietal 6657 4509 11791 2.427 0.465 0.117 0.023 63 6.1
inferiortemporal 5055 3513 12556 2.873 0.696 0.120 0.024 54 5.2
isthmuscingulate 1627 1108 2706 2.183 0.949 0.113 0.027 18 1.8
lateraloccipital 8012 5155 12332 2.121 0.584 0.128 0.028 81 9.5
lateralorbitofrontal 4112 2829 8498 2.819 0.612 0.129 0.031 45 5.2
lingual 4525 3038 6473 1.953 0.609 0.128 0.030 47 5.8
medialorbitofrontal 2372 1729 4809 2.457 0.618 0.137 0.039 39 3.8
middletemporal 6814 4638 15320 2.808 0.618 0.117 0.021 68 6.4
parahippocampal 1110 723 2499 2.908 0.705 0.098 0.023 10 0.9
paracentral 2805 1597 4642 2.639 0.563 0.082 0.015 15 1.7
parsopercularis 1959 1280 3789 2.735 0.474 0.116 0.024 18 1.9
parsorbitalis 1031 663 2131 2.741 0.544 0.104 0.019 8 0.9
parstriangularis 2473 1637 4890 2.618 0.532 0.117 0.023 22 2.4
pericalcarine 1975 1326 1826 1.551 0.383 0.132 0.031 19 2.7
postcentral 7410 4679 10499 2.066 0.608 0.099 0.019 52 5.8
posteriorcingulate 2146 1464 3801 2.432 0.747 0.125 0.024 24 2.2
precentral 8480 5207 15461 2.725 0.535 0.099 0.018 56 6.6
precuneus 5157 3468 9050 2.433 0.586 0.120 0.023 51 5.0
rostralanteriorcingulate 1890 1277 3580 2.597 0.569 0.115 0.020 20 1.7
rostralmiddlefrontal 4986 3477 9453 2.446 0.503 0.127 0.024 58 4.9
superiorfrontal 12232 8289 26118 2.739 0.551 0.118 0.023 117 11.8
superiorparietal 7187 4727 11379 2.229 0.493 0.113 0.021 66 6.1
superiortemporal 7866 5219 16851 2.842 0.649 0.104 0.020 60 6.5
supramarginal 5971 4053 10714 2.462 0.474 0.120 0.023 59 5.9
transversetemporal 746 448 1064 2.184 0.442 0.112 0.021 7 0.6
insula 2968 1968 6139 3.059 0.839 0.108 0.025 24 2.9
