StructName NumVert SurfArea GrayVol ThickAvg ThickStd MeanCurv GausCurv FoldInd CurvInd
caudalanteriorcingulate 2179 1402 3800 2.497 0.530 0.120 0.019 24 1.7
caudalmiddlefrontal 4281 2764 8186 2.634 0.595 0.113 0.024 35 4.2
cuneus 2945 2029 3116 1.579 0.423 0.142 0.032 37 4.0
entorhinal 598 398 1894 3.202 0.926 0.102 0.033 5 0.7
fusiform 4550 3091 9236 2.643 0.539 0.127 0.026 49 4.7
inferiorparietal 7311 5235 12152 2.096 0.519 0.125 0.024 87 7.1
inferiortemporal 5699 4147 13916 2.819 0.723 0.138 0.032 76 8.0
isthmuscingulate 1454 969 2353 2.150 0.725 0.125 0.026 18 1.5
lateraloccipital 8636 5833 13702 2.036 0.633 0.137 0.029 106 10.7
lateralorbitofrontal 4772 3332 8532 2.448 0.642 0.141 0.039 60 7.8
lingual 4671 3342 6525 1.816 0.617 0.153 0.036 65 6.9
medialorbitofrontal 2682 1928 4934 2.306 0.695 0.133 0.033 39 3.5
middletemporal 7439 5022 16277 2.730 0.699 0.116 0.022 76 6.9
parahippocampal 1058 656 1983 2.574 0.725 0.092 0.018 7 0.8
paracentral 3184 1921 4589 2.253 0.571 0.103 0.021 22 2.7
parsopercularis 2171 1515 4790 2.710 0.557 0.120 0.023 22 2.1
parsorbitalis 1136 790 2626 2.771 0.560 0.127 0.027 13 1.2
parstriangularis 2369 1581 4314 2.542 0.558 0.118 0.023 19 2.3
pericalcarine 1781 1202 1322 1.246 0.255 0.125 0.029 16 2.1
postcentral 7965 5047 11298 2.046 0.681 0.114 0.023 70 7.6
posteriorcingulate 2157 1469 3743 2.356 0.716 0.129 0.026 26 2.4
precentral 8159 4909 14246 2.512 0.720 0.105 0.021 61 7.1
precuneus 6031 4220 9928 2.254 0.487 0.129 0.025 65 6.5
rostralanteriorcingulate 1993 1342 3635 2.647 0.639 0.129 0.029 26 2.7
rostralmiddlefrontal 6694 4737 12709 2.438 0.504 0.138 0.029 85 8.3
superiorfrontal 12935 8942 27049 2.661 0.587 0.125 0.027 140 14.2
superiorparietal 6295 4170 10066 2.126 0.520 0.118 0.022 66 5.8
superiortemporal 8756 5775 18654 2.757 0.716 0.105 0.022 73 7.9
supramarginal 6712 4558 12029 2.357 0.588 0.120 0.024 65 6.8
transversetemporal 646 393 964 2.339 0.491 0.101 0.022 4 0.6
insula 2692 1802 5742 3.010 0.723 0.111 0.025 21 2.6
