StructName NumVert SurfArea GrayVol ThickAvg ThickStd MeanCurv GausCurv FoldInd CurvInd
caudalanteriorcingulate 2123 1391 3878 2.505 0.600 0.123 0.023 24 1.9
caudalmiddlefrontal 4076 2760 8445 2.624 0.650 0.116 0.027 36 4.5
cuneus 2988 2084 3119 1.572 0.444 0.140 0.032 37 4.2
entorhinal 684 481 1929 2.807 0.843 0.142 0.048 9 1.3
fusiform 4627 3201 9999 2.662 0.604 0.126 0.028 49 5.0
inferiorparietal 7214 5093 12959 2.131 0.657 0.120 0.023 83 6.9
inferiortemporal 5538 4044 13199 2.663 0.791 0.138 0.035 72 7.9
isthmuscingulate 1625 1091 2540 2.091 0.727 0.125 0.031 19 1.8
lateraloccipital 8873 5934 13721 1.986 0.617 0.131 0.030 104 10.7
lateralorbitofrontal 4434 3213 8638 2.434 0.762 0.136 0.034 54 6.3
lingual 4648 3296 6853 1.887 0.686 0.144 0.033 61 6.4
medialorbitofrontal 2996 2021 5182 2.241 0.650 0.122 0.027 37 3.0
middletemporal 7075 4979 15724 2.623 0.718 0.119 0.027 79 7.9
parahippocampal 1184 760 2360 2.641 0.725 0.099 0.026 8 1.1
paracentral 3307 2090 4280 2.045 0.499 0.118 0.034 28 4.5
parsopercularis 2129 1567 4874 2.651 0.525 0.128 0.029 24 2.2
parsorbitalis 1069 769 2581 2.621 0.661 0.129 0.027 20 1.1
parstriangularis 2366 1558 4009 2.288 0.651 0.117 0.025 19 2.5
pericalcarine 1854 1276 1682 1.478 0.366 0.109 0.026 13 2.0
postcentral 7638 5054 11453 2.043 0.672 0.117 0.028 72 8.1
posteriorcingulate 2179 1518 3735 2.225 0.733 0.121 0.024 23 2.2
precentral 7742 5042 14096 2.420 0.650 0.114 0.029 64 8.6
precuneus 6004 4218 9593 2.174 0.491 0.128 0.029 68 7.0
rostralanteriorcingulate 1903 1334 3563 2.595 0.672 0.125 0.026 27 1.9
rostralmiddlefrontal 6692 4738 13029 2.303 0.650 0.139 0.032 91 9.0
superiorfrontal 12878 9104 26977 2.540 0.642 0.127 0.030 141 15.2
superiorparietal 6067 4067 9965 2.095 0.574 0.112 0.022 57 5.3
superiortemporal 9250 6354 19655 2.617 0.733 0.113 0.029 83 11.7
supramarginal 6404 4377 12382 2.384 0.676 0.119 0.026 64 6.7
transversetemporal 598 408 1039 2.463 0.422 0.120 0.030 5 0.6
insula 2570 1756 5890 3.008 0.831 0.110 0.027 19 2.9
