StructName NumVert SurfArea GrayVol ThickAvg ThickStd MeanCurv GausCurv FoldInd CurvInd
caudalanteriorcingulate 2079 1355 3659 2.496 0.516 0.123 0.020 24 1.7
caudalmiddlefrontal 4008 2608 7667 2.565 0.613 0.112 0.022 33 3.7
cuneus 2876 2007 3088 1.575 0.448 0.142 0.031 37 3.9
entorhinal 603 463 1601 2.630 0.924 0.150 0.042 9 1.2
fusiform 4741 3221 9423 2.610 0.553 0.129 0.028 51 5.5
inferiorparietal 7205 5090 11957 2.101 0.543 0.124 0.022 85 6.6
inferiortemporal 5649 4009 13762 2.806 0.759 0.135 0.029 70 7.3
isthmuscingulate 1477 979 2444 2.148 0.748 0.121 0.025 18 1.5
lateraloccipital 8651 5908 13499 2.015 0.636 0.139 0.029 108 10.8
lateralorbitofrontal 4435 3132 8434 2.489 0.700 0.136 0.032 50 6.1
lingual 4721 3485 6322 1.756 0.567 0.157 0.036 65 7.2
medialorbitofrontal 2679 1888 4682 2.244 0.688 0.128 0.025 34 2.7
middletemporal 7402 4985 15983 2.718 0.710 0.114 0.022 72 6.7
parahippocampal 1226 754 2351 2.586 0.803 0.084 0.019 7 0.8
paracentral 3012 1848 4436 2.230 0.549 0.102 0.020 21 2.4
parsopercularis 2189 1498 4585 2.614 0.587 0.118 0.023 23 2.0
parsorbitalis 1048 735 2530 2.772 0.709 0.127 0.030 12 1.2
parstriangularis 2279 1546 3976 2.363 0.578 0.120 0.023 19 2.3
pericalcarine 1768 1177 1262 1.251 0.244 0.122 0.029 16 2.0
postcentral 7687 5013 10699 1.960 0.648 0.117 0.022 69 7.3
posteriorcingulate 2055 1455 3565 2.267 0.713 0.131 0.026 26 2.2
precentral 8070 4867 13765 2.462 0.690 0.101 0.021 56 6.7
precuneus 5836 4200 9554 2.185 0.490 0.132 0.027 65 6.6
rostralanteriorcingulate 1900 1325 3510 2.609 0.582 0.128 0.026 24 2.0
rostralmiddlefrontal 6293 4635 11837 2.282 0.542 0.144 0.033 85 8.9
superiorfrontal 12617 8841 25475 2.495 0.616 0.126 0.026 144 14.1
superiorparietal 6164 4173 9806 2.064 0.532 0.118 0.022 61 5.7
superiortemporal 8857 5987 18931 2.713 0.702 0.106 0.022 78 7.9
supramarginal 6633 4521 12024 2.348 0.628 0.118 0.024 64 6.6
transversetemporal 645 389 979 2.373 0.431 0.100 0.019 6 0.4
insula 2670 1782 5601 2.924 0.770 0.112 0.025 21 2.6
