StructName NumVert SurfArea GrayVol ThickAvg ThickStd MeanCurv GausCurv FoldInd CurvInd
caudalanteriorcingulate 2095 1315 3577 2.571 0.488 0.119 0.017 24 1.5
caudalmiddlefrontal 3838 2599 6968 2.432 0.517 0.116 0.023 35 3.6
cuneus 2868 1942 2823 1.507 0.407 0.135 0.030 34 3.8
entorhinal 615 386 1810 3.362 1.026 0.087 0.019 3 0.4
fusiform 4634 3087 8953 2.619 0.529 0.124 0.024 48 4.6
inferiorparietal 7305 5079 11844 2.127 0.476 0.123 0.023 84 7.2
inferiortemporal 5864 4018 13757 2.889 0.724 0.127 0.025 72 6.0
isthmuscingulate 1390 947 2251 2.211 0.748 0.131 0.031 18 1.8
lateraloccipital 8955 5743 12359 1.958 0.601 0.129 0.028 101 10.6
lateralorbitofrontal 4272 2934 7939 2.573 0.656 0.134 0.028 51 5.3
lingual 4849 3420 5639 1.635 0.529 0.148 0.034 62 6.9
medialorbitofrontal 2836 1869 4684 2.244 0.684 0.114 0.021 35 2.4
middletemporal 7175 4906 15250 2.694 0.627 0.113 0.021 72 6.3
parahippocampal 1052 636 2010 2.729 0.720 0.078 0.011 4 0.5
paracentral 2935 1757 3901 2.107 0.561 0.100 0.020 21 2.4
parsopercularis 2053 1437 4340 2.648 0.471 0.120 0.023 24 2.0
parsorbitalis 1094 746 2427 2.745 0.533 0.120 0.024 11 1.0
parstriangularis 2246 1506 3809 2.373 0.518 0.115 0.022 18 2.2
pericalcarine 1675 1217 1135 1.112 0.264 0.142 0.035 22 2.8
postcentral 7415 4774 10413 2.000 0.633 0.113 0.022 68 6.9
posteriorcingulate 2063 1368 3347 2.259 0.732 0.122 0.022 24 1.9
precentral 7664 4611 12509 2.411 0.597 0.102 0.019 57 6.1
precuneus 6030 4188 8736 2.062 0.478 0.129 0.027 62 7.1
rostralanteriorcingulate 2003 1319 3452 2.554 0.579 0.119 0.022 24 1.7
rostralmiddlefrontal 6176 4531 11282 2.209 0.568 0.142 0.031 92 8.3
superiorfrontal 12319 8462 24510 2.520 0.603 0.121 0.025 133 12.8
superiorparietal 6181 4004 9329 2.069 0.530 0.112 0.021 60 5.4
superiortemporal 8568 5682 18350 2.794 0.689 0.102 0.017 69 6.5
supramarginal 6239 4336 10928 2.279 0.559 0.122 0.023 63 6.2
transversetemporal 649 369 961 2.412 0.419 0.089 0.018 5 0.4
insula 2637 1785 5715 3.000 0.809 0.108 0.023 18 2.4
