StructName NumVert SurfArea GrayVol ThickAvg ThickStd MeanCurv GausCurv FoldInd CurvInd
caudalanteriorcingulate 2091 1365 3653 2.459 0.511 0.126 0.022 25 1.9
caudalmiddlefrontal 4166 2696 7768 2.562 0.560 0.114 0.024 36 4.1
cuneus 2995 2065 3128 1.583 0.432 0.148 0.036 40 4.8
entorhinal 582 404 1731 3.022 0.857 0.108 0.029 5 0.6
fusiform 4664 3099 8715 2.550 0.535 0.126 0.028 49 5.4
inferiorparietal 7862 5266 12771 2.211 0.497 0.118 0.025 84 7.7
inferiortemporal 5800 4088 13636 2.837 0.713 0.132 0.030 71 7.2
isthmuscingulate 1496 992 2269 2.050 0.713 0.123 0.029 17 1.7
lateraloccipital 9354 6046 13142 1.960 0.612 0.131 0.029 104 11.7
lateralorbitofrontal 4286 3042 8644 2.643 0.640 0.141 0.039 64 7.0
lingual 4777 3365 6221 1.785 0.567 0.148 0.036 65 6.9
medialorbitofrontal 2715 1874 4933 2.366 0.711 0.131 0.030 38 3.2
middletemporal 7476 5095 15628 2.676 0.579 0.118 0.024 82 7.4
parahippocampal 1139 697 2062 2.522 0.629 0.089 0.018 8 0.7
paracentral 3036 1862 4434 2.272 0.548 0.107 0.022 23 2.8
parsopercularis 2232 1512 4622 2.668 0.429 0.121 0.024 25 2.2
parsorbitalis 1140 783 2503 2.690 0.538 0.124 0.031 15 1.2
parstriangularis 2350 1544 4124 2.518 0.510 0.116 0.023 20 2.4
pericalcarine 1772 1204 1303 1.261 0.300 0.128 0.032 16 2.4
postcentral 8052 4976 10682 1.993 0.607 0.110 0.022 67 7.6
posteriorcingulate 2105 1434 3596 2.262 0.740 0.124 0.028 24 2.4
precentral 8265 4857 13389 2.476 0.591 0.101 0.023 63 7.5
precuneus 6014 4197 9951 2.253 0.486 0.128 0.028 69 7.2
rostralanteriorcingulate 1896 1311 3526 2.613 0.597 0.125 0.027 25 2.1
rostralmiddlefrontal 6694 4776 12569 2.391 0.497 0.140 0.031 89 8.7
superiorfrontal 12904 8795 26748 2.661 0.610 0.123 0.027 144 14.0
superiorparietal 6682 4199 10197 2.150 0.549 0.111 0.023 61 6.4
superiortemporal 9029 5896 19186 2.779 0.693 0.102 0.020 71 7.6
supramarginal 6419 4404 11557 2.403 0.540 0.125 0.026 68 7.3
transversetemporal 627 377 972 2.451 0.350 0.100 0.017 5 0.4
insula 2669 1811 5674 2.930 0.735 0.118 0.030 24 3.1
