StructName NumVert SurfArea GrayVol ThickAvg ThickStd MeanCurv GausCurv FoldInd CurvInd
caudalanteriorcingulate 2052 1347 3679 2.502 0.509 0.128 0.021 25 1.8
caudalmiddlefrontal 4150 2722 8153 2.647 0.614 0.112 0.023 34 4.0
cuneus 2794 1962 3270 1.686 0.461 0.145 0.033 37 4.0
entorhinal 537 377 1722 3.223 0.947 0.106 0.027 4 0.6
fusiform 4484 3013 9284 2.669 0.622 0.125 0.026 47 4.6
inferiorparietal 7135 5071 11698 2.079 0.501 0.124 0.022 85 6.8
inferiortemporal 5554 4013 13605 2.792 0.721 0.139 0.031 73 7.4
isthmuscingulate 1507 1007 2416 2.058 0.723 0.125 0.027 18 1.6
lateraloccipital 8488 5805 13363 2.014 0.583 0.138 0.029 108 10.5
lateralorbitofrontal 4362 3082 8535 2.595 0.686 0.137 0.033 55 6.6
lingual 4542 3253 6826 1.942 0.655 0.151 0.032 64 6.1
medialorbitofrontal 2759 1924 5039 2.331 0.675 0.128 0.028 37 3.2
middletemporal 7364 5066 16060 2.670 0.690 0.117 0.023 75 7.1
parahippocampal 1157 690 2198 2.665 0.870 0.087 0.016 6 0.7
paracentral 3023 1865 4756 2.356 0.591 0.102 0.020 20 2.5
parsopercularis 2225 1527 4861 2.730 0.540 0.119 0.023 24 2.1
parsorbitalis 1097 747 2587 2.821 0.604 0.128 0.030 13 1.3
parstriangularis 2358 1548 4347 2.564 0.610 0.114 0.023 19 2.3
pericalcarine 1697 1126 1326 1.355 0.282 0.115 0.027 13 1.8
postcentral 7888 5067 11125 2.024 0.669 0.115 0.023 72 7.6
posteriorcingulate 2152 1459 3738 2.306 0.750 0.125 0.024 26 2.1
precentral 8249 4895 14104 2.530 0.683 0.102 0.022 60 7.3
precuneus 5882 4109 9904 2.241 0.496 0.126 0.026 64 6.0
rostralanteriorcingulate 1883 1330 3642 2.650 0.542 0.133 0.028 26 2.2
rostralmiddlefrontal 6619 4694 12949 2.435 0.578 0.135 0.028 80 8.0
superiorfrontal 12672 8807 26584 2.640 0.604 0.125 0.027 142 13.7
superiorparietal 6148 4079 9696 2.103 0.491 0.115 0.021 61 5.5
superiortemporal 8784 5885 18752 2.724 0.684 0.106 0.023 76 8.3
supramarginal 6469 4500 12050 2.398 0.610 0.124 0.025 66 7.1
transversetemporal 663 381 1017 2.479 0.437 0.102 0.021 6 0.5
insula 2736 1851 5756 2.970 0.733 0.115 0.028 23 2.9
