StructName NumVert SurfArea GrayVol ThickAvg ThickStd MeanCurv GausCurv FoldInd CurvInd
caudalanteriorcingulate 1853 1197 3341 2.674 0.532 0.099 0.015 14 1.3
caudalmiddlefrontal 4011 2627 7601 2.685 0.489 0.104 0.018 32 3.0
cuneus 3222 2216 4742 2.001 0.516 0.139 0.031 38 4.2
entorhinal 679 448 2060 3.149 0.836 0.114 0.036 7 1.0
fusiform 4236 2930 9158 2.872 0.564 0.124 0.026 46 4.7
inferiorparietal 7113 5000 13892 2.508 0.553 0.126 0.025 80 7.4
inferiortemporal 5715 4163 15147 3.028 0.724 0.134 0.028 75 6.8
isthmuscingulate 1384 893 2598 2.601 0.764 0.108 0.022 12 1.1
lateraloccipital 7225 5234 13077 2.223 0.514 0.152 0.034 104 10.3
lateralorbitofrontal 4511 3201 9560 2.731 0.709 0.130 0.033 53 5.9
lingual 4906 3398 7236 2.017 0.627 0.135 0.029 62 6.0
medialorbitofrontal 2638 1940 5688 2.556 0.638 0.130 0.032 41 3.9
middletemporal 6721 4633 15638 2.796 0.651 0.121 0.023 76 6.8
parahippocampal 1378 844 3135 2.997 0.820 0.079 0.017 7 0.8
paracentral 2992 1852 5455 2.715 0.563 0.099 0.018 19 2.3
parsopercularis 2336 1595 5097 2.776 0.512 0.114 0.021 24 2.0
parsorbitalis 1196 790 2445 2.624 0.493 0.111 0.019 11 1.1
parstriangularis 2739 1846 5143 2.400 0.581 0.113 0.020 26 2.2
pericalcarine 1886 1307 1785 1.571 0.365 0.135 0.030 21 2.5
postcentral 8500 5627 13862 2.241 0.621 0.113 0.023 77 8.0
posteriorcingulate 2105 1459 4139 2.711 0.582 0.122 0.026 26 2.5
precentral 8809 5481 16678 2.764 0.545 0.102 0.020 62 7.0
precuneus 5918 4048 11169 2.500 0.573 0.115 0.021 61 5.1
rostralanteriorcingulate 1812 1228 3822 2.820 0.645 0.115 0.022 20 1.7
rostralmiddlefrontal 6330 4523 12728 2.411 0.637 0.131 0.028 84 7.1
superiorfrontal 14094 9872 31549 2.724 0.625 0.121 0.024 146 14.4
superiorparietal 7285 4880 12208 2.231 0.574 0.111 0.018 67 5.5
superiortemporal 9298 6233 20604 2.917 0.641 0.106 0.021 78 7.8
supramarginal 6562 4382 12740 2.658 0.542 0.115 0.021 59 5.8
transversetemporal 901 601 1685 2.567 0.534 0.110 0.022 7 0.9
insula 3312 2210 7198 3.273 0.659 0.106 0.025 26 3.5
