StructName NumVert SurfArea GrayVol ThickAvg ThickStd MeanCurv GausCurv FoldInd CurvInd
caudalanteriorcingulate 1909 1224 3391 2.584 0.556 0.099 0.016 17 1.3
caudalmiddlefrontal 4003 2655 7633 2.633 0.506 0.104 0.018 31 3.1
cuneus 3293 2214 4529 1.980 0.497 0.142 0.031 41 4.5
entorhinal 624 412 1828 3.286 0.747 0.097 0.020 4 0.5
fusiform 4375 3040 9275 2.875 0.472 0.124 0.026 48 4.7
inferiorparietal 7407 5070 14353 2.598 0.431 0.121 0.024 80 7.3
inferiortemporal 5727 4178 14895 2.998 0.689 0.134 0.029 83 6.8
isthmuscingulate 1444 927 2535 2.488 0.758 0.104 0.019 12 1.1
lateraloccipital 7754 5246 13643 2.300 0.564 0.141 0.031 105 9.8
lateralorbitofrontal 4468 3188 9879 2.825 0.707 0.131 0.030 53 5.8
lingual 5069 3510 7405 2.004 0.626 0.137 0.029 65 6.5
medialorbitofrontal 2839 2067 5827 2.479 0.622 0.133 0.033 41 3.7
middletemporal 6590 4704 15368 2.746 0.570 0.125 0.023 76 6.9
parahippocampal 1350 838 2934 2.958 0.797 0.083 0.017 9 0.9
paracentral 3008 1862 5377 2.681 0.488 0.102 0.018 21 2.4
parsopercularis 2304 1592 5064 2.709 0.514 0.116 0.024 25 2.1
parsorbitalis 1238 806 2555 2.691 0.496 0.110 0.021 11 1.1
parstriangularis 2598 1822 5154 2.444 0.553 0.118 0.022 28 2.3
pericalcarine 2003 1373 1858 1.576 0.421 0.139 0.033 22 2.9
postcentral 8565 5641 14385 2.319 0.616 0.114 0.022 79 7.8
posteriorcingulate 2204 1539 4147 2.551 0.606 0.118 0.024 29 2.3
precentral 8655 5484 16704 2.756 0.531 0.105 0.019 65 6.8
precuneus 6074 4121 11575 2.588 0.509 0.115 0.021 60 5.2
rostralanteriorcingulate 1858 1263 3858 2.698 0.726 0.114 0.024 19 1.7
rostralmiddlefrontal 6117 4529 12800 2.453 0.586 0.136 0.029 86 7.2
superiorfrontal 13893 9838 31396 2.730 0.591 0.123 0.025 155 14.3
superiorparietal 7414 4883 13219 2.419 0.522 0.110 0.018 72 5.5
superiortemporal 9352 6389 20936 2.880 0.628 0.108 0.020 83 7.8
supramarginal 6349 4324 12616 2.678 0.526 0.117 0.022 63 5.8
transversetemporal 943 608 1926 2.684 0.311 0.109 0.021 10 0.8
insula 3194 2161 7193 3.252 0.679 0.106 0.025 25 3.3
