StructName NumVert SurfArea GrayVol ThickAvg ThickStd MeanCurv GausCurv FoldInd CurvInd
caudalanteriorcingulate 1866 1203 3267 2.581 0.555 0.096 0.013 15 1.1
caudalmiddlefrontal 3856 2563 7132 2.603 0.482 0.104 0.018 31 2.8
cuneus 3353 2182 4446 1.971 0.517 0.136 0.032 38 5.0
entorhinal 614 408 1979 3.455 0.797 0.094 0.015 3 0.3
fusiform 4288 2959 9230 2.966 0.582 0.120 0.025 46 4.3
inferiorparietal 7275 5055 13958 2.575 0.425 0.124 0.025 78 7.5
inferiortemporal 5821 4158 14898 3.059 0.655 0.127 0.025 75 6.2
isthmuscingulate 1441 922 2583 2.573 0.791 0.102 0.020 12 1.1
lateraloccipital 7844 5316 13281 2.224 0.600 0.141 0.034 104 10.8
lateralorbitofrontal 4304 3047 9371 2.785 0.710 0.128 0.030 53 5.2
lingual 5131 3538 7182 1.958 0.640 0.135 0.030 64 6.5
medialorbitofrontal 2604 1856 5497 2.581 0.691 0.127 0.032 50 3.3
middletemporal 6548 4653 15360 2.819 0.592 0.123 0.024 75 6.7
parahippocampal 1353 819 2975 3.028 0.781 0.076 0.015 7 0.6
paracentral 3001 1808 5195 2.673 0.509 0.094 0.016 20 2.1
parsopercularis 2157 1530 4682 2.735 0.440 0.114 0.021 21 1.7
parsorbitalis 1170 769 2309 2.597 0.428 0.110 0.017 11 1.0
parstriangularis 2610 1788 5122 2.467 0.556 0.113 0.020 26 2.1
pericalcarine 2033 1370 1872 1.548 0.542 0.134 0.033 22 2.8
postcentral 8256 5474 13737 2.281 0.634 0.113 0.022 76 7.5
posteriorcingulate 2161 1486 4120 2.606 0.661 0.113 0.019 24 1.9
precentral 8545 5378 16016 2.730 0.506 0.103 0.017 61 6.2
precuneus 5950 4109 11072 2.528 0.477 0.118 0.022 63 5.6
rostralanteriorcingulate 1887 1257 3718 2.569 0.820 0.107 0.022 18 1.9
rostralmiddlefrontal 6010 4444 12102 2.371 0.573 0.134 0.027 85 7.2
superiorfrontal 13550 9578 29900 2.667 0.610 0.120 0.023 144 12.9
superiorparietal 7406 4885 12819 2.354 0.517 0.109 0.018 69 5.5
superiortemporal 9014 6109 20467 2.970 0.645 0.103 0.019 76 6.8
supramarginal 6188 4225 12259 2.670 0.530 0.115 0.021 58 5.5
transversetemporal 878 577 1804 2.705 0.360 0.108 0.020 9 0.7
insula 3147 2118 7243 3.349 0.702 0.100 0.019 24 2.3
