StructName NumVert SurfArea GrayVol ThickAvg ThickStd MeanCurv GausCurv FoldInd CurvInd
caudalanteriorcingulate 2183 1417 4023 2.602 0.572 0.102 0.022 21 1.8
caudalmiddlefrontal 4146 2756 8731 2.743 0.659 0.104 0.022 34 3.5
cuneus 3234 2149 4781 2.022 0.588 0.136 0.034 46 4.5
entorhinal 606 438 1670 3.078 0.635 0.121 0.038 6 0.9
fusiform 4478 3145 9706 2.808 0.513 0.121 0.027 51 4.9
inferiorparietal 7685 5247 15203 2.531 0.533 0.119 0.024 92 7.3
inferiortemporal 5551 4081 14194 2.891 0.748 0.139 0.038 85 8.3
isthmuscingulate 1522 1004 2749 2.492 0.790 0.108 0.024 14 1.3
lateraloccipital 7785 5431 14868 2.357 0.604 0.142 0.035 115 10.1
lateralorbitofrontal 5005 3567 10951 2.727 0.783 0.136 0.039 146 6.9
lingual 5173 3652 7802 2.002 0.651 0.141 0.035 73 8.0
medialorbitofrontal 3124 2183 6206 2.464 0.627 0.127 0.035 49 3.7
middletemporal 6972 4689 14573 2.681 0.659 0.123 0.030 91 8.7
parahippocampal 1333 857 3278 3.102 0.767 0.091 0.021 8 1.1
paracentral 3220 2081 5399 2.481 0.511 0.122 0.036 31 4.6
parsopercularis 2381 1686 5330 2.731 0.462 0.116 0.027 29 2.2
parsorbitalis 1299 820 2689 2.742 0.512 0.103 0.021 14 1.2
parstriangularis 2898 1951 5629 2.477 0.545 0.113 0.024 30 2.5
pericalcarine 2017 1389 2469 1.918 0.510 0.121 0.030 18 2.5
postcentral 9094 6051 15584 2.268 0.612 0.121 0.030 101 10.9
posteriorcingulate 2273 1573 4378 2.582 0.640 0.122 0.027 30 2.4
precentral 8515 5541 17769 2.806 0.584 0.108 0.023 66 7.9
precuneus 6193 4260 11640 2.491 0.525 0.116 0.025 67 6.2
rostralanteriorcingulate 2167 1444 4264 2.686 0.672 0.110 0.028 25 2.4
rostralmiddlefrontal 6821 4784 14297 2.492 0.613 0.128 0.029 94 7.5
superiorfrontal 15204 10475 33766 2.732 0.613 0.121 0.030 177 17.1
superiorparietal 7350 4943 13272 2.315 0.541 0.111 0.020 77 6.2
superiortemporal 11524 7872 25191 2.767 0.726 0.116 0.029 116 13.6
supramarginal 6749 4543 13797 2.693 0.554 0.116 0.025 68 6.6
transversetemporal 1080 720 2307 2.735 0.361 0.114 0.028 12 1.1
insula 3097 2200 7348 3.252 0.670 0.119 0.031 32 3.8
