StructName NumVert SurfArea GrayVol ThickAvg ThickStd MeanCurv GausCurv FoldInd CurvInd
caudalanteriorcingulate 1889 1225 3461 2.679 0.587 0.101 0.016 15 1.3
caudalmiddlefrontal 3934 2644 7600 2.657 0.512 0.106 0.019 32 3.1
cuneus 3358 2283 5051 2.053 0.538 0.140 0.031 42 4.4
entorhinal 625 421 1536 2.762 0.846 0.118 0.034 5 0.8
fusiform 4252 2965 9237 2.840 0.517 0.126 0.027 50 4.5
inferiorparietal 7263 5066 14664 2.643 0.496 0.123 0.024 81 7.1
inferiortemporal 5784 4175 14779 2.969 0.670 0.133 0.031 76 7.5
isthmuscingulate 1460 937 2625 2.505 0.732 0.111 0.024 14 1.3
lateraloccipital 7636 5285 13856 2.331 0.576 0.146 0.033 103 10.6
lateralorbitofrontal 4292 3057 9940 2.863 0.758 0.130 0.030 52 5.1
lingual 5202 3562 7629 2.004 0.627 0.135 0.028 65 6.4
medialorbitofrontal 2600 1843 5565 2.600 0.712 0.128 0.031 39 3.1
middletemporal 6634 4652 16153 2.857 0.647 0.123 0.024 75 6.7
parahippocampal 1390 861 3206 3.016 0.819 0.086 0.017 9 0.8
paracentral 2935 1858 5478 2.682 0.531 0.101 0.018 19 2.3
parsopercularis 2270 1571 5049 2.759 0.564 0.116 0.020 24 1.9
parsorbitalis 1203 812 2499 2.631 0.476 0.115 0.019 11 1.1
parstriangularis 2644 1858 5432 2.454 0.639 0.118 0.021 28 2.2
pericalcarine 2039 1398 1792 1.513 0.431 0.138 0.030 22 2.8
postcentral 8492 5627 14542 2.318 0.647 0.116 0.023 81 8.1
posteriorcingulate 2196 1525 4236 2.625 0.576 0.120 0.023 29 2.2
precentral 8632 5469 17226 2.813 0.563 0.105 0.019 64 6.8
precuneus 6048 4061 11536 2.567 0.532 0.116 0.022 66 5.5
rostralanteriorcingulate 1886 1263 4030 2.829 0.728 0.114 0.026 19 1.9
rostralmiddlefrontal 6172 4546 12718 2.363 0.655 0.135 0.030 80 8.3
superiorfrontal 13677 9737 31728 2.729 0.652 0.123 0.025 144 14.5
superiorparietal 7336 4910 13292 2.378 0.569 0.111 0.018 73 5.4
superiortemporal 9098 6115 20267 2.929 0.625 0.107 0.021 78 8.0
supramarginal 6349 4282 12850 2.706 0.539 0.116 0.022 61 5.7
transversetemporal 897 587 1843 2.717 0.408 0.113 0.021 9 0.8
insula 3242 2152 7466 3.372 0.687 0.103 0.024 26 2.8
