StructName NumVert SurfArea GrayVol ThickAvg ThickStd MeanCurv GausCurv FoldInd CurvInd
caudalanteriorcingulate 1937 1248 3640 2.764 0.548 0.099 0.015 15 1.2
caudalmiddlefrontal 3988 2629 7824 2.769 0.502 0.103 0.018 32 3.0
cuneus 3138 2166 4819 2.063 0.545 0.136 0.028 37 3.7
entorhinal 671 441 1802 3.146 0.743 0.100 0.020 4 0.5
fusiform 4299 2968 9264 2.878 0.573 0.125 0.027 51 5.0
inferiorparietal 6958 4866 13849 2.569 0.509 0.122 0.024 75 7.0
inferiortemporal 5512 4164 15128 3.055 0.687 0.140 0.031 78 7.4
isthmuscingulate 1381 877 2563 2.593 0.806 0.105 0.021 12 1.1
lateraloccipital 7133 5188 13522 2.326 0.533 0.153 0.033 103 9.9
lateralorbitofrontal 4401 3174 9761 2.769 0.751 0.132 0.030 53 5.7
lingual 4838 3343 7373 2.065 0.624 0.135 0.027 60 5.6
medialorbitofrontal 2689 1917 5865 2.594 0.707 0.126 0.032 40 3.3
middletemporal 6427 4511 15737 2.841 0.666 0.123 0.024 71 6.6
parahippocampal 1331 826 3155 3.154 0.835 0.078 0.016 7 0.8
paracentral 2930 1818 5440 2.739 0.549 0.098 0.017 18 2.1
parsopercularis 2253 1548 5218 2.865 0.565 0.111 0.021 23 1.8
parsorbitalis 1205 796 2496 2.664 0.515 0.105 0.018 10 1.0
parstriangularis 2608 1802 5440 2.537 0.614 0.115 0.021 26 2.2
pericalcarine 1874 1289 1750 1.551 0.328 0.135 0.030 20 2.4
postcentral 8531 5644 14065 2.279 0.606 0.112 0.022 76 7.8
posteriorcingulate 2075 1444 4162 2.680 0.571 0.124 0.025 27 2.3
precentral 8707 5441 17185 2.860 0.543 0.102 0.018 62 6.5
precuneus 5792 3992 11277 2.534 0.607 0.119 0.022 61 5.6
rostralanteriorcingulate 1820 1209 3941 2.997 0.630 0.111 0.020 20 1.6
rostralmiddlefrontal 6149 4443 12840 2.476 0.619 0.131 0.028 75 7.2
superiorfrontal 13799 9664 31854 2.794 0.614 0.120 0.024 148 13.8
superiorparietal 7197 4877 12653 2.316 0.561 0.111 0.018 69 5.5
superiortemporal 9387 6298 21507 2.991 0.675 0.104 0.020 75 7.9
supramarginal 6385 4334 12883 2.691 0.558 0.115 0.021 60 5.6
transversetemporal 959 622 1836 2.675 0.493 0.108 0.023 8 0.9
insula 3184 2159 7264 3.320 0.636 0.105 0.023 25 2.8
