StructName NumVert SurfArea GrayVol ThickAvg ThickStd MeanCurv GausCurv FoldInd CurvInd
caudalanteriorcingulate 2248 1434 4246 2.624 0.585 0.113 0.017 24 1.6
caudalmiddlefrontal 4881 3183 9015 2.610 0.449 0.108 0.019 39 3.9
cuneus 2683 1808 3605 1.902 0.509 0.136 0.026 31 2.9
entorhinal 704 471 2037 3.100 0.901 0.115 0.023 6 0.6
fusiform 4992 3375 11202 2.832 0.611 0.123 0.026 54 5.4
inferiorparietal 8335 5616 15731 2.506 0.559 0.115 0.021 81 7.2
inferiortemporal 5538 3926 14002 2.885 0.823 0.125 0.028 78 6.2
isthmuscingulate 2301 1548 4108 2.353 0.848 0.124 0.026 30 2.5
lateraloccipital 8644 5584 14425 2.266 0.580 0.129 0.026 97 9.5
lateralorbitofrontal 4940 3483 10025 2.621 0.644 0.127 0.030 60 6.3
lingual 4403 3071 6084 1.894 0.667 0.139 0.031 53 5.9
medialorbitofrontal 2707 1805 4765 2.355 0.594 0.111 0.026 35 2.4
middletemporal 7239 4930 15821 2.753 0.673 0.108 0.020 66 6.0
parahippocampal 1300 856 2760 2.751 0.760 0.116 0.032 16 1.5
paracentral 2797 1710 4959 2.653 0.574 0.095 0.018 17 2.1
parsopercularis 2714 1806 5535 2.711 0.454 0.111 0.021 27 2.4
parsorbitalis 1128 785 2010 2.379 0.596 0.123 0.023 12 1.0
parstriangularis 3035 2025 5738 2.474 0.542 0.116 0.021 30 2.6
pericalcarine 1750 1188 1433 1.456 0.432 0.131 0.028 16 2.2
postcentral 8300 5254 12692 2.197 0.646 0.109 0.021 69 7.2
posteriorcingulate 2419 1616 4152 2.365 0.790 0.124 0.021 29 2.3
precentral 8295 4998 14676 2.696 0.602 0.102 0.019 60 6.4
precuneus 6147 4221 11387 2.463 0.539 0.125 0.025 63 6.3
rostralanteriorcingulate 2232 1585 4600 2.661 0.728 0.138 0.030 36 3.1
rostralmiddlefrontal 7662 5250 14393 2.420 0.518 0.127 0.025 92 7.6
superiorfrontal 14991 10274 32012 2.742 0.575 0.118 0.024 149 14.6
superiorparietal 6148 4043 10201 2.311 0.511 0.110 0.019 57 4.7
superiortemporal 9206 6067 21406 2.956 0.756 0.095 0.020 71 7.4
supramarginal 7051 4799 13586 2.570 0.548 0.115 0.022 70 6.5
transversetemporal 955 550 1564 2.561 0.406 0.107 0.018 9 0.6
insula 3402 2305 7158 3.006 0.686 0.120 0.025 34 3.4
