StructName NumVert SurfArea GrayVol ThickAvg ThickStd MeanCurv GausCurv FoldInd CurvInd
caudalanteriorcingulate 2286 1462 4261 2.611 0.577 0.114 0.018 23 1.8
caudalmiddlefrontal 4609 3025 8515 2.598 0.500 0.108 0.019 38 3.6
cuneus 2637 1793 3508 1.886 0.497 0.136 0.026 30 2.7
entorhinal 701 456 2007 3.179 0.772 0.101 0.020 4 0.6
fusiform 5013 3399 11361 2.884 0.587 0.123 0.026 53 5.3
inferiorparietal 8074 5504 15523 2.528 0.570 0.118 0.020 81 6.9
inferiortemporal 5490 3882 13822 2.913 0.753 0.124 0.026 70 6.3
isthmuscingulate 2295 1536 4161 2.418 0.836 0.124 0.027 27 2.7
lateraloccipital 8725 5626 14337 2.256 0.606 0.129 0.026 98 9.5
lateralorbitofrontal 4721 3321 9355 2.497 0.649 0.129 0.032 62 6.5
lingual 4401 3072 5898 1.869 0.619 0.140 0.032 53 6.1
medialorbitofrontal 2538 1724 4484 2.284 0.613 0.118 0.028 30 3.1
middletemporal 7233 4870 15881 2.786 0.661 0.107 0.020 64 5.9
parahippocampal 1275 823 2727 2.799 0.782 0.114 0.024 12 1.2
paracentral 2677 1665 4759 2.596 0.580 0.096 0.017 17 1.8
parsopercularis 2645 1765 5535 2.751 0.481 0.109 0.020 27 2.2
parsorbitalis 1083 754 1900 2.212 0.612 0.124 0.022 11 1.1
parstriangularis 2833 1954 5389 2.410 0.567 0.119 0.022 30 2.5
pericalcarine 1762 1192 1410 1.442 0.408 0.133 0.028 16 2.3
postcentral 8106 5228 12492 2.177 0.640 0.112 0.021 68 7.4
posteriorcingulate 2376 1591 4097 2.384 0.758 0.123 0.022 29 2.3
precentral 7942 4883 13995 2.629 0.592 0.102 0.018 58 6.0
precuneus 6097 4168 11119 2.455 0.565 0.126 0.025 63 6.4
rostralanteriorcingulate 2287 1656 4791 2.682 0.772 0.137 0.029 34 2.8
rostralmiddlefrontal 7189 5158 13549 2.292 0.540 0.133 0.026 93 8.2
superiorfrontal 14361 10018 30128 2.623 0.579 0.120 0.024 153 14.4
superiorparietal 6103 4060 10010 2.267 0.521 0.112 0.019 55 4.7
superiortemporal 9196 6034 21204 2.947 0.724 0.094 0.017 64 6.8
supramarginal 6833 4694 13211 2.560 0.549 0.117 0.022 68 6.4
transversetemporal 853 532 1440 2.463 0.396 0.109 0.019 7 0.6
insula 3331 2250 7171 3.058 0.682 0.115 0.025 31 3.2
