StructName NumVert SurfArea GrayVol ThickAvg ThickStd MeanCurv GausCurv FoldInd CurvInd
caudalanteriorcingulate 2246 1437 4294 2.664 0.604 0.114 0.016 24 1.5
caudalmiddlefrontal 4724 3060 9044 2.714 0.485 0.106 0.018 38 3.6
cuneus 2604 1763 3604 1.950 0.469 0.137 0.027 31 2.8
entorhinal 678 447 2080 3.218 0.818 0.103 0.020 5 0.5
fusiform 4917 3349 11422 2.897 0.595 0.122 0.026 51 5.2
inferiorparietal 8195 5585 15680 2.495 0.569 0.117 0.020 83 7.2
inferiortemporal 5484 3934 14186 2.855 0.788 0.124 0.030 79 5.8
isthmuscingulate 2307 1528 4204 2.395 0.860 0.120 0.025 27 2.4
lateraloccipital 8421 5555 14479 2.268 0.582 0.130 0.026 95 9.1
lateralorbitofrontal 4898 3430 10023 2.614 0.666 0.125 0.029 56 5.7
lingual 4283 2973 6355 2.033 0.657 0.137 0.029 52 5.4
medialorbitofrontal 2648 1797 4709 2.340 0.622 0.110 0.023 32 2.4
middletemporal 7321 4863 16146 2.825 0.671 0.104 0.020 62 5.9
parahippocampal 1256 833 2753 2.861 0.724 0.116 0.026 18 1.2
paracentral 2644 1647 4825 2.648 0.582 0.095 0.017 16 1.9
parsopercularis 2688 1766 5773 2.844 0.472 0.107 0.020 26 2.3
parsorbitalis 1126 775 2123 2.455 0.609 0.122 0.023 12 1.1
parstriangularis 2960 2001 5841 2.552 0.555 0.118 0.022 31 2.6
pericalcarine 1685 1162 1502 1.563 0.457 0.133 0.029 15 2.3
postcentral 8307 5254 12969 2.237 0.668 0.109 0.021 68 7.4
posteriorcingulate 2399 1573 4185 2.408 0.780 0.119 0.019 28 2.0
precentral 8153 4998 14707 2.691 0.610 0.104 0.020 61 6.7
precuneus 6136 4178 11443 2.479 0.563 0.123 0.024 65 6.2
rostralanteriorcingulate 2157 1541 4643 2.784 0.715 0.139 0.028 41 2.5
rostralmiddlefrontal 7527 5252 14404 2.411 0.531 0.128 0.025 91 7.9
superiorfrontal 14905 10201 32595 2.757 0.609 0.116 0.024 147 14.3
superiorparietal 6093 4039 10348 2.332 0.496 0.110 0.019 56 4.7
superiortemporal 9310 6115 22293 3.026 0.764 0.094 0.018 69 7.1
supramarginal 6948 4765 13685 2.608 0.569 0.115 0.021 68 6.1
transversetemporal 878 563 1564 2.555 0.375 0.114 0.020 8 0.6
insula 3415 2312 7348 3.079 0.706 0.117 0.026 32 3.5
