StructName NumVert SurfArea GrayVol ThickAvg ThickStd MeanCurv GausCurv FoldInd CurvInd
caudalanteriorcingulate 2160 1416 4134 2.608 0.602 0.114 0.015 24 1.5
caudalmiddlefrontal 4497 3032 8248 2.556 0.440 0.111 0.019 38 3.5
cuneus 2674 1785 3523 1.894 0.490 0.134 0.027 32 2.7
entorhinal 729 462 2106 3.218 0.737 0.092 0.013 4 0.4
fusiform 4972 3413 11234 2.896 0.558 0.122 0.026 56 5.4
inferiorparietal 8073 5472 14935 2.485 0.517 0.114 0.020 81 6.9
inferiortemporal 5592 3961 14307 2.950 0.739 0.119 0.024 68 5.4
isthmuscingulate 2105 1448 3849 2.443 0.828 0.121 0.024 24 2.2
lateraloccipital 8837 5636 13926 2.204 0.586 0.126 0.026 98 9.8
lateralorbitofrontal 4525 3310 9641 2.708 0.632 0.131 0.030 59 5.7
lingual 4437 3143 5501 1.769 0.589 0.140 0.031 54 6.0
medialorbitofrontal 2506 1758 4796 2.418 0.565 0.112 0.022 29 2.3
middletemporal 6962 4836 15599 2.811 0.578 0.107 0.020 68 5.6
parahippocampal 1274 842 2844 2.952 0.725 0.115 0.024 14 1.3
paracentral 2708 1650 4698 2.619 0.549 0.092 0.015 17 1.7
parsopercularis 2470 1727 5438 2.791 0.461 0.115 0.022 26 2.4
parsorbitalis 1052 740 1984 2.442 0.549 0.123 0.026 11 1.1
parstriangularis 2647 1905 5490 2.567 0.589 0.119 0.022 29 2.4
pericalcarine 1728 1184 1478 1.513 0.514 0.133 0.029 17 2.3
postcentral 7930 5109 12258 2.181 0.639 0.109 0.020 67 6.6
posteriorcingulate 2419 1614 4140 2.394 0.770 0.124 0.019 33 2.0
precentral 7831 4838 13672 2.618 0.586 0.102 0.017 58 5.8
precuneus 6098 4210 11328 2.506 0.509 0.125 0.024 68 6.4
rostralanteriorcingulate 2096 1529 4495 2.718 0.676 0.139 0.027 37 2.6
rostralmiddlefrontal 6977 5143 13112 2.231 0.539 0.135 0.027 98 7.9
superiorfrontal 14231 10004 30258 2.639 0.564 0.120 0.024 155 14.0
superiorparietal 6097 4018 9891 2.273 0.475 0.110 0.019 58 4.7
superiortemporal 8911 5922 21279 3.008 0.733 0.092 0.016 64 5.9
supramarginal 6673 4706 13162 2.571 0.533 0.120 0.024 71 6.4
transversetemporal 828 519 1427 2.492 0.436 0.108 0.020 7 0.6
insula 3232 2220 7257 3.150 0.645 0.112 0.021 29 2.8
