StructName NumVert SurfArea GrayVol ThickAvg ThickStd MeanCurv GausCurv FoldInd CurvInd
caudalanteriorcingulate 2204 1446 4174 2.614 0.570 0.114 0.019 23 1.7
caudalmiddlefrontal 4713 3165 8648 2.542 0.419 0.110 0.019 42 3.7
cuneus 2632 1764 3523 1.917 0.473 0.134 0.027 30 2.8
entorhinal 718 481 1909 3.076 0.671 0.095 0.020 4 0.5
fusiform 4978 3473 10882 2.761 0.555 0.121 0.025 55 4.9
inferiorparietal 8190 5584 15203 2.471 0.510 0.117 0.020 88 6.9
inferiortemporal 5530 3972 13375 2.796 0.708 0.123 0.024 71 5.5
isthmuscingulate 2276 1548 3964 2.280 0.810 0.122 0.027 28 2.6
lateraloccipital 8402 5464 13336 2.180 0.507 0.127 0.027 96 9.0
lateralorbitofrontal 5012 3578 9999 2.539 0.626 0.134 0.034 73 7.1
lingual 4431 3088 5848 1.850 0.590 0.135 0.031 54 5.7
medialorbitofrontal 2663 1859 4765 2.263 0.578 0.112 0.034 32 3.0
middletemporal 7199 5005 15689 2.721 0.573 0.108 0.020 67 6.0
parahippocampal 1299 866 2776 2.812 0.711 0.121 0.028 18 1.3
paracentral 2680 1664 4632 2.535 0.501 0.095 0.018 16 2.0
parsopercularis 2562 1778 5563 2.726 0.436 0.112 0.020 26 2.3
parsorbitalis 1119 778 2001 2.268 0.596 0.118 0.021 11 1.1
parstriangularis 2848 1975 5504 2.419 0.532 0.118 0.022 31 2.5
pericalcarine 1748 1197 1575 1.545 0.474 0.130 0.030 15 2.4
postcentral 8141 5214 12481 2.181 0.608 0.111 0.021 70 7.1
posteriorcingulate 2438 1607 4120 2.369 0.767 0.120 0.021 30 2.2
precentral 7966 4902 14123 2.664 0.554 0.102 0.019 59 6.3
precuneus 6138 4246 11194 2.451 0.472 0.125 0.026 67 6.7
rostralanteriorcingulate 2075 1540 4470 2.707 0.629 0.145 0.031 36 2.8
rostralmiddlefrontal 7199 5187 13327 2.225 0.524 0.131 0.026 98 7.7
superiorfrontal 14791 10389 31194 2.642 0.534 0.120 0.025 157 14.8
superiorparietal 6171 4056 10130 2.305 0.455 0.110 0.019 58 4.8
superiortemporal 9200 6118 21204 2.939 0.686 0.097 0.018 69 6.9
supramarginal 6917 4769 13246 2.540 0.489 0.116 0.022 71 6.3
transversetemporal 868 552 1604 2.617 0.392 0.112 0.017 8 0.6
insula 3318 2266 7241 2.999 0.697 0.117 0.026 33 3.3
