StructName NumVert SurfArea GrayVol ThickAvg ThickStd MeanCurv GausCurv FoldInd CurvInd
caudalanteriorcingulate 2270 1526 4552 2.511 0.724 0.112 0.021 25 1.8
caudalmiddlefrontal 5001 3295 9892 2.619 0.552 0.109 0.024 45 4.4
cuneus 2580 1774 3820 1.996 0.486 0.133 0.030 33 2.9
entorhinal 702 493 1995 2.990 0.706 0.126 0.027 6 0.9
fusiform 5157 3545 11546 2.807 0.601 0.120 0.027 56 5.1
inferiorparietal 8579 5787 16663 2.494 0.594 0.114 0.022 89 7.4
inferiortemporal 5987 4251 14672 2.754 0.839 0.126 0.033 89 7.8
isthmuscingulate 2336 1578 4264 2.353 0.869 0.118 0.029 27 2.6
lateraloccipital 8839 5750 15408 2.286 0.587 0.125 0.029 107 9.7
lateralorbitofrontal 5595 3988 11177 2.501 0.778 0.134 0.036 78 7.9
lingual 4478 3145 6431 1.952 0.672 0.135 0.030 56 5.8
medialorbitofrontal 3091 2059 5442 2.339 0.661 0.112 0.034 42 4.0
middletemporal 7841 5236 17330 2.792 0.636 0.104 0.022 71 6.8
parahippocampal 1305 894 2848 2.791 0.674 0.118 0.028 15 1.3
paracentral 2872 1865 4933 2.463 0.577 0.118 0.035 27 4.2
parsopercularis 2742 1881 5947 2.733 0.471 0.117 0.025 29 2.8
parsorbitalis 1109 756 2057 2.383 0.633 0.119 0.025 12 1.1
parstriangularis 2960 2044 5869 2.465 0.577 0.116 0.024 33 2.7
pericalcarine 1794 1213 1852 1.793 0.525 0.119 0.026 13 2.2
postcentral 8624 5542 13318 2.148 0.647 0.113 0.030 85 9.7
posteriorcingulate 2519 1677 4445 2.396 0.852 0.116 0.024 29 2.3
precentral 8418 5272 15371 2.631 0.598 0.106 0.029 68 8.9
precuneus 6109 4265 11767 2.442 0.547 0.123 0.026 67 6.4
rostralanteriorcingulate 2261 1580 4695 2.698 0.738 0.136 0.029 37 2.7
rostralmiddlefrontal 7618 5292 15666 2.452 0.612 0.126 0.027 100 7.7
superiorfrontal 15406 10550 34396 2.745 0.631 0.117 0.026 154 15.9
superiorparietal 6273 4144 10634 2.246 0.574 0.111 0.024 68 5.3
superiortemporal 9727 6412 21509 2.887 0.715 0.098 0.025 79 9.2
supramarginal 7183 4938 14463 2.547 0.596 0.116 0.025 74 7.1
transversetemporal 837 544 1587 2.582 0.377 0.118 0.024 8 0.7
insula 3126 2241 7397 3.103 0.718 0.123 0.030 33 3.7
