StructName NumVert SurfArea GrayVol ThickAvg ThickStd MeanCurv GausCurv FoldInd CurvInd
caudalanteriorcingulate 1209 787 2529 2.880 0.595 0.115 0.024 13 1.2
caudalmiddlefrontal 3233 2200 6505 2.704 0.468 0.115 0.022 28 3.0
cuneus 3105 2015 4460 2.006 0.624 0.128 0.028 33 3.7
entorhinal 631 419 1611 2.853 0.876 0.115 0.038 6 0.7
fusiform 4316 2988 9384 2.728 0.662 0.127 0.027 48 5.3
inferiorparietal 5868 4158 11161 2.439 0.527 0.120 0.023 60 5.8
inferiortemporal 4318 3223 10919 2.741 0.747 0.133 0.030 59 5.5
isthmuscingulate 1409 942 2432 2.297 0.751 0.121 0.029 16 1.5
lateraloccipital 8115 5532 13865 2.252 0.593 0.135 0.027 102 9.1
lateralorbitofrontal 4335 3054 8794 2.643 0.669 0.143 0.039 57 7.1
lingual 5122 3465 7698 2.028 0.675 0.132 0.029 57 6.3
medialorbitofrontal 2431 1730 4828 2.453 0.682 0.125 0.030 37 2.5
middletemporal 6081 4215 14749 2.876 0.707 0.122 0.025 71 6.5
parahippocampal 1024 644 2006 2.727 0.708 0.101 0.021 7 0.8
paracentral 2231 1334 3844 2.565 0.557 0.087 0.020 12 1.8
parsopercularis 1997 1374 4315 2.785 0.481 0.124 0.027 24 2.2
parsorbitalis 895 629 2063 2.732 0.677 0.123 0.024 10 0.8
parstriangularis 2201 1525 4154 2.433 0.516 0.119 0.024 25 2.3
pericalcarine 2363 1646 2334 1.627 0.439 0.137 0.031 25 3.1
postcentral 6881 4511 10559 2.149 0.631 0.116 0.022 65 6.6
posteriorcingulate 1555 1049 2840 2.468 0.552 0.120 0.027 16 1.8
precentral 6894 4366 12609 2.636 0.623 0.110 0.026 57 7.1
precuneus 5598 3885 10072 2.351 0.551 0.120 0.024 55 5.6
rostralanteriorcingulate 1662 1155 3673 2.896 0.769 0.126 0.025 20 1.8
rostralmiddlefrontal 4549 3356 9052 2.447 0.496 0.135 0.028 58 5.2
superiorfrontal 10305 7307 23951 2.775 0.613 0.127 0.029 120 12.2
superiorparietal 6058 4196 10724 2.285 0.469 0.121 0.025 67 6.1
superiortemporal 7558 5065 16339 2.747 0.690 0.108 0.023 67 7.1
supramarginal 5207 3683 10412 2.597 0.566 0.128 0.026 62 5.6
transversetemporal 777 490 1215 2.288 0.396 0.117 0.024 8 0.7
insula 2917 1989 6753 3.125 0.877 0.117 0.032 32 3.6
