StructName NumVert SurfArea GrayVol ThickAvg ThickStd MeanCurv GausCurv FoldInd CurvInd
caudalanteriorcingulate 1296 839 2598 2.825 0.548 0.120 0.026 15 1.4
caudalmiddlefrontal 3374 2251 6670 2.698 0.485 0.117 0.026 29 3.6
cuneus 3155 2024 4301 1.941 0.574 0.127 0.026 32 3.5
entorhinal 855 613 1806 2.367 0.752 0.142 0.041 12 1.5
fusiform 4401 3011 8937 2.617 0.581 0.125 0.027 52 4.8
inferiorparietal 6203 4215 11137 2.406 0.534 0.116 0.022 62 5.8
inferiortemporal 4434 3276 10705 2.717 0.734 0.135 0.029 66 5.8
isthmuscingulate 1442 980 2354 2.258 0.692 0.129 0.031 20 1.8
lateraloccipital 8964 5788 13840 2.150 0.659 0.129 0.026 102 9.9
lateralorbitofrontal 4337 3140 8566 2.584 0.600 0.150 0.041 70 7.4
lingual 5312 3576 7734 1.969 0.702 0.128 0.028 55 6.4
medialorbitofrontal 2557 1764 4725 2.416 0.711 0.122 0.031 33 3.0
middletemporal 6209 4284 14538 2.804 0.705 0.120 0.025 69 6.4
parahippocampal 1164 753 2232 2.613 0.769 0.107 0.028 12 1.1
paracentral 2411 1420 3937 2.517 0.546 0.090 0.020 13 2.0
parsopercularis 2127 1475 4362 2.638 0.513 0.127 0.031 28 2.8
parsorbitalis 932 630 2032 2.692 0.617 0.131 0.027 11 1.0
parstriangularis 2349 1595 4366 2.467 0.579 0.119 0.030 24 2.8
pericalcarine 2475 1682 2292 1.592 0.467 0.134 0.030 26 3.1
postcentral 7147 4563 10146 2.085 0.638 0.113 0.025 62 7.2
posteriorcingulate 1682 1164 2985 2.379 0.581 0.128 0.026 23 1.9
precentral 7277 4574 12715 2.585 0.622 0.115 0.030 61 8.8
precuneus 5806 3953 9958 2.304 0.547 0.117 0.025 59 5.9
rostralanteriorcingulate 1731 1187 3647 2.828 0.814 0.129 0.029 23 2.0
rostralmiddlefrontal 4806 3362 9359 2.467 0.575 0.129 0.029 54 5.6
superiorfrontal 10729 7397 23443 2.760 0.595 0.126 0.030 114 12.6
superiorparietal 6444 4244 10512 2.231 0.480 0.116 0.024 66 6.1
superiortemporal 7841 5128 15585 2.705 0.689 0.107 0.023 69 7.2
supramarginal 5439 3703 10536 2.610 0.555 0.124 0.026 59 5.6
transversetemporal 771 462 1104 2.165 0.442 0.106 0.025 6 0.7
insula 2894 1996 6570 3.087 0.817 0.117 0.031 29 3.4
