StructName NumVert SurfArea GrayVol ThickAvg ThickStd MeanCurv GausCurv FoldInd CurvInd
caudalanteriorcingulate 1281 810 2534 2.848 0.618 0.111 0.022 15 1.1
caudalmiddlefrontal 3323 2228 6598 2.675 0.507 0.116 0.026 31 3.8
cuneus 3016 1951 4030 1.887 0.590 0.132 0.028 34 3.5
entorhinal 562 383 1569 2.971 0.971 0.123 0.040 6 0.8
fusiform 4334 2956 9002 2.648 0.625 0.125 0.027 47 4.9
inferiorparietal 5927 4174 10961 2.401 0.506 0.120 0.023 63 5.6
inferiortemporal 4479 3331 10854 2.725 0.724 0.134 0.030 61 5.8
isthmuscingulate 1443 980 2421 2.268 0.696 0.126 0.029 20 1.5
lateraloccipital 8506 5670 13455 2.147 0.600 0.133 0.026 103 9.5
lateralorbitofrontal 4222 3047 8351 2.556 0.613 0.145 0.035 62 6.5
lingual 5122 3514 7350 1.953 0.647 0.132 0.028 57 6.2
medialorbitofrontal 2475 1734 4664 2.445 0.739 0.125 0.031 36 3.1
middletemporal 6120 4278 14594 2.854 0.708 0.123 0.025 70 6.2
parahippocampal 1075 677 2029 2.638 0.755 0.102 0.021 8 0.9
paracentral 2230 1340 3817 2.564 0.550 0.088 0.017 12 1.5
parsopercularis 1990 1397 4218 2.725 0.424 0.127 0.027 23 2.2
parsorbitalis 921 626 1986 2.640 0.586 0.121 0.024 10 0.9
parstriangularis 2313 1572 4075 2.370 0.538 0.121 0.026 23 2.6
pericalcarine 2277 1608 2156 1.550 0.410 0.142 0.032 24 3.2
postcentral 7007 4497 10295 2.112 0.622 0.114 0.022 61 6.5
posteriorcingulate 1580 1089 2869 2.445 0.553 0.124 0.027 19 1.7
precentral 6996 4410 12547 2.611 0.615 0.112 0.025 59 7.2
precuneus 5698 3921 9677 2.256 0.571 0.117 0.024 53 5.7
rostralanteriorcingulate 1697 1158 3651 2.878 0.774 0.125 0.027 21 2.0
rostralmiddlefrontal 4763 3373 9004 2.431 0.495 0.132 0.027 58 5.4
superiorfrontal 10450 7310 23763 2.752 0.615 0.127 0.028 120 12.4
superiorparietal 6212 4177 10278 2.224 0.487 0.118 0.024 67 6.3
superiortemporal 7711 5188 15782 2.700 0.700 0.110 0.024 71 7.8
supramarginal 5320 3733 10204 2.533 0.511 0.128 0.027 60 5.8
transversetemporal 774 452 1116 2.213 0.407 0.104 0.023 7 0.7
insula 2905 1936 6493 3.128 0.872 0.112 0.028 28 3.2
