StructName NumVert SurfArea GrayVol ThickAvg ThickStd MeanCurv GausCurv FoldInd CurvInd
caudalanteriorcingulate 1350 906 2729 2.791 0.512 0.126 0.028 18 1.6
caudalmiddlefrontal 3291 2232 6277 2.559 0.471 0.119 0.024 33 3.4
cuneus 3091 2001 3992 1.881 0.501 0.132 0.028 34 3.6
entorhinal 535 344 1313 2.955 0.857 0.097 0.028 4 0.5
fusiform 4342 2973 9240 2.740 0.571 0.126 0.026 51 4.9
inferiorparietal 6155 4213 11253 2.442 0.517 0.118 0.023 66 6.1
inferiortemporal 4535 3370 11086 2.782 0.687 0.135 0.030 66 6.2
isthmuscingulate 1489 986 2378 2.251 0.721 0.124 0.032 19 1.7
lateraloccipital 8683 5686 14105 2.251 0.618 0.131 0.026 104 9.5
lateralorbitofrontal 4302 3094 8417 2.518 0.596 0.149 0.040 66 7.0
lingual 5312 3597 7813 2.014 0.716 0.134 0.030 59 6.9
medialorbitofrontal 2542 1753 4575 2.349 0.653 0.126 0.036 43 3.8
middletemporal 5950 4344 14347 2.782 0.645 0.130 0.026 79 7.0
parahippocampal 1033 661 1967 2.633 0.692 0.108 0.026 10 0.9
paracentral 2272 1354 3817 2.544 0.520 0.091 0.020 14 1.8
parsopercularis 1943 1377 4034 2.644 0.417 0.131 0.029 24 2.4
parsorbitalis 897 628 2053 2.727 0.591 0.128 0.026 11 1.0
parstriangularis 2269 1565 4030 2.312 0.477 0.120 0.026 25 2.5
pericalcarine 2294 1647 2341 1.664 0.504 0.144 0.034 25 3.3
postcentral 6905 4459 10632 2.192 0.614 0.115 0.023 63 6.6
posteriorcingulate 1572 1109 2888 2.431 0.497 0.129 0.031 20 1.9
precentral 6997 4523 12407 2.554 0.585 0.116 0.028 61 8.3
precuneus 5923 4072 10002 2.307 0.524 0.120 0.027 61 6.2
rostralanteriorcingulate 1738 1244 3506 2.584 0.733 0.137 0.034 26 2.4
rostralmiddlefrontal 4750 3418 9126 2.391 0.494 0.133 0.030 58 5.8
superiorfrontal 10595 7536 23621 2.706 0.560 0.130 0.031 129 13.5
superiorparietal 6573 4290 10768 2.283 0.461 0.117 0.027 74 7.3
superiortemporal 7521 5182 15892 2.736 0.710 0.112 0.024 79 7.2
supramarginal 5326 3763 10476 2.597 0.457 0.131 0.028 63 6.2
transversetemporal 742 458 1178 2.287 0.410 0.107 0.033 7 0.8
insula 2950 2022 6635 3.074 0.877 0.117 0.032 32 4.0
