StructName NumVert SurfArea GrayVol ThickAvg ThickStd MeanCurv GausCurv FoldInd CurvInd
caudalanteriorcingulate 1225 796 2525 2.886 0.604 0.119 0.023 15 1.3
caudalmiddlefrontal 3276 2199 6421 2.662 0.487 0.116 0.022 29 3.0
cuneus 3136 2014 3973 1.838 0.472 0.131 0.028 34 3.8
entorhinal 635 410 1537 2.794 0.925 0.114 0.032 5 0.8
fusiform 4461 3019 9120 2.620 0.583 0.123 0.028 47 5.0
inferiorparietal 5936 4175 11003 2.380 0.554 0.121 0.023 61 6.2
inferiortemporal 4659 3436 10773 2.682 0.683 0.136 0.032 65 6.5
isthmuscingulate 1421 952 2351 2.322 0.685 0.130 0.031 19 1.8
lateraloccipital 8457 5658 13283 2.143 0.589 0.133 0.027 101 9.5
lateralorbitofrontal 4409 3160 8685 2.564 0.678 0.147 0.040 66 7.4
lingual 5243 3520 7583 1.985 0.700 0.129 0.028 54 6.3
medialorbitofrontal 2664 1801 4698 2.328 0.700 0.122 0.033 56 3.7
middletemporal 6336 4342 14826 2.846 0.731 0.121 0.025 69 6.6
parahippocampal 1011 618 1890 2.628 0.769 0.098 0.019 10 0.8
paracentral 2250 1354 3847 2.550 0.600 0.088 0.017 12 1.6
parsopercularis 2023 1403 4164 2.656 0.455 0.127 0.025 24 2.1
parsorbitalis 921 622 2010 2.689 0.692 0.123 0.025 10 0.9
parstriangularis 2312 1608 4031 2.306 0.535 0.121 0.027 24 2.6
pericalcarine 2378 1661 2217 1.537 0.394 0.141 0.032 26 3.2
postcentral 6943 4458 10457 2.143 0.654 0.114 0.022 62 6.5
posteriorcingulate 1606 1097 2849 2.402 0.565 0.124 0.027 24 1.7
precentral 6948 4393 12474 2.609 0.624 0.112 0.025 57 7.2
precuneus 5842 3946 9905 2.297 0.574 0.118 0.025 61 5.7
rostralanteriorcingulate 1771 1223 3620 2.753 0.805 0.128 0.027 22 2.0
rostralmiddlefrontal 4859 3411 9315 2.414 0.534 0.130 0.028 58 5.4
superiorfrontal 10453 7287 23478 2.771 0.619 0.125 0.029 112 12.3
superiorparietal 6092 4161 10377 2.215 0.506 0.120 0.025 139 6.3
superiortemporal 7744 5107 16192 2.768 0.704 0.107 0.023 73 7.4
supramarginal 5362 3715 10312 2.552 0.560 0.126 0.027 62 5.7
transversetemporal 778 469 1195 2.312 0.442 0.109 0.028 7 0.8
insula 2989 2000 6582 3.083 0.828 0.115 0.032 32 3.8
