StructName NumVert SurfArea GrayVol ThickAvg ThickStd MeanCurv GausCurv FoldInd CurvInd
caudalanteriorcingulate 1274 840 2694 2.819 0.647 0.125 0.031 16 1.4
caudalmiddlefrontal 3344 2303 6900 2.652 0.527 0.121 0.030 34 3.8
cuneus 2926 1985 4098 1.939 0.470 0.132 0.030 37 3.6
entorhinal 601 426 1298 2.338 0.664 0.138 0.051 9 0.9
fusiform 4108 3025 9430 2.645 0.596 0.134 0.033 51 5.2
inferiorparietal 6037 4239 11515 2.380 0.556 0.118 0.025 66 6.3
inferiortemporal 4492 3344 11609 2.697 0.759 0.133 0.033 60 5.7
isthmuscingulate 1419 972 2513 2.321 0.736 0.124 0.030 17 1.6
lateraloccipital 8757 5730 14754 2.223 0.603 0.128 0.028 109 9.6
lateralorbitofrontal 4090 3117 9019 2.592 0.781 0.155 0.048 85 8.1
lingual 4717 3430 7966 2.088 0.725 0.135 0.031 55 6.1
medialorbitofrontal 2528 1791 5084 2.395 0.749 0.132 0.045 49 3.8
middletemporal 6271 4534 15105 2.741 0.735 0.133 0.034 90 8.9
parahippocampal 982 674 2066 2.603 0.811 0.115 0.036 10 1.0
paracentral 2474 1576 3889 2.338 0.561 0.116 0.037 24 3.5
parsopercularis 1956 1443 4348 2.739 0.424 0.127 0.031 22 2.3
parsorbitalis 892 636 1997 2.588 0.721 0.132 0.030 12 0.9
parstriangularis 2167 1546 4328 2.485 0.543 0.125 0.028 24 2.5
pericalcarine 2228 1609 2713 1.904 0.475 0.132 0.032 23 3.1
postcentral 6994 4617 11148 2.160 0.605 0.117 0.031 67 7.7
posteriorcingulate 1653 1109 2870 2.358 0.541 0.121 0.031 24 2.0
precentral 6992 4626 13077 2.588 0.575 0.122 0.033 73 9.1
precuneus 5699 4079 10297 2.302 0.565 0.124 0.031 67 6.8
rostralanteriorcingulate 1587 1111 3205 2.756 0.816 0.124 0.030 23 1.7
rostralmiddlefrontal 4617 3383 9751 2.466 0.631 0.134 0.031 61 5.6
superiorfrontal 10614 7669 24227 2.687 0.629 0.133 0.036 144 15.5
superiorparietal 6289 4243 10978 2.240 0.506 0.118 0.026 70 6.5
superiortemporal 7811 5385 15900 2.640 0.670 0.117 0.031 81 9.4
supramarginal 5207 3759 10990 2.567 0.601 0.131 0.030 68 5.9
transversetemporal 604 438 1157 2.371 0.370 0.131 0.042 7 0.7
insula 2680 1937 6648 3.203 0.898 0.133 0.039 36 4.0
