StructName NumVert SurfArea GrayVol ThickAvg ThickStd MeanCurv GausCurv FoldInd CurvInd
caudalanteriorcingulate 1190 757 2480 2.949 0.592 0.109 0.021 10 1.0
caudalmiddlefrontal 3299 2209 6448 2.670 0.480 0.115 0.023 31 3.2
cuneus 3145 2065 4063 1.845 0.600 0.132 0.026 34 3.6
entorhinal 631 418 1504 2.664 0.986 0.130 0.038 7 1.0
fusiform 4439 3022 9080 2.624 0.581 0.122 0.027 48 4.8
inferiorparietal 5932 4153 10945 2.377 0.535 0.119 0.022 61 5.5
inferiortemporal 4544 3283 11253 2.765 0.739 0.127 0.028 58 5.0
isthmuscingulate 1437 964 2386 2.265 0.763 0.128 0.032 19 2.1
lateraloccipital 8292 5616 13107 2.123 0.574 0.135 0.026 99 9.1
lateralorbitofrontal 4340 3117 8623 2.596 0.629 0.146 0.037 61 6.6
lingual 5220 3566 7280 1.906 0.643 0.131 0.028 55 6.3
medialorbitofrontal 2481 1765 4677 2.382 0.734 0.123 0.027 32 2.7
middletemporal 6109 4212 14475 2.864 0.734 0.120 0.024 66 6.2
parahippocampal 1042 651 1921 2.598 0.746 0.100 0.022 8 0.8
paracentral 2247 1340 3769 2.545 0.551 0.086 0.017 11 1.4
parsopercularis 1998 1384 4123 2.685 0.427 0.125 0.026 23 2.1
parsorbitalis 935 637 2085 2.724 0.636 0.127 0.028 11 1.0
parstriangularis 2280 1562 4022 2.333 0.524 0.122 0.027 25 2.6
pericalcarine 2346 1635 2080 1.476 0.382 0.141 0.032 25 3.2
postcentral 6906 4453 10415 2.137 0.646 0.115 0.023 63 6.5
posteriorcingulate 1619 1090 3001 2.495 0.579 0.124 0.028 20 1.8
precentral 6950 4413 12367 2.577 0.634 0.110 0.025 57 7.1
precuneus 5665 3880 9756 2.305 0.580 0.117 0.024 54 5.4
rostralanteriorcingulate 1684 1182 3598 2.824 0.835 0.130 0.030 23 1.8
rostralmiddlefrontal 4712 3356 9147 2.448 0.509 0.130 0.028 55 5.2
superiorfrontal 10407 7284 23626 2.797 0.621 0.124 0.027 109 11.8
superiorparietal 6153 4180 10273 2.207 0.498 0.118 0.024 65 6.0
superiortemporal 7607 5181 16044 2.710 0.714 0.112 0.024 74 8.1
supramarginal 5374 3702 10568 2.629 0.543 0.124 0.025 59 5.4
transversetemporal 759 481 1070 2.117 0.445 0.116 0.027 7 0.8
insula 2882 1949 6459 3.102 0.808 0.115 0.030 30 3.6
