StructName NumVert SurfArea GrayVol ThickAvg ThickStd MeanCurv GausCurv FoldInd CurvInd
caudalanteriorcingulate 1220 782 2406 2.775 0.572 0.107 0.021 11 1.0
caudalmiddlefrontal 3245 2178 6196 2.582 0.495 0.115 0.021 29 2.9
cuneus 3105 1997 4172 1.898 0.621 0.131 0.026 33 3.6
entorhinal 592 392 1586 2.991 0.992 0.118 0.033 6 0.7
fusiform 4316 2956 8952 2.650 0.607 0.123 0.027 45 4.8
inferiorparietal 6057 4184 10977 2.400 0.528 0.117 0.022 59 5.7
inferiortemporal 4468 3322 10736 2.729 0.722 0.138 0.031 71 5.9
isthmuscingulate 1476 985 2397 2.274 0.687 0.128 0.029 20 1.8
lateraloccipital 8860 5733 13420 2.149 0.635 0.129 0.026 99 9.7
lateralorbitofrontal 4265 3027 8379 2.515 0.656 0.142 0.035 59 6.1
lingual 5286 3582 7542 1.939 0.687 0.129 0.028 55 6.3
medialorbitofrontal 2503 1703 4520 2.387 0.718 0.125 0.034 39 3.7
middletemporal 6334 4317 14488 2.845 0.702 0.120 0.024 67 6.5
parahippocampal 1041 642 1890 2.603 0.737 0.098 0.021 8 0.9
paracentral 2269 1344 3835 2.567 0.581 0.086 0.017 11 1.6
parsopercularis 1958 1345 4097 2.700 0.489 0.126 0.026 22 2.0
parsorbitalis 950 637 2041 2.657 0.618 0.123 0.027 11 1.1
parstriangularis 2269 1557 4018 2.343 0.529 0.119 0.025 23 2.5
pericalcarine 2379 1651 2156 1.521 0.440 0.139 0.031 26 3.1
postcentral 6952 4475 10116 2.091 0.611 0.114 0.021 62 6.5
posteriorcingulate 1574 1082 2799 2.386 0.580 0.128 0.028 21 1.9
precentral 6878 4361 12352 2.600 0.618 0.110 0.025 54 7.0
precuneus 5959 4028 9814 2.245 0.570 0.116 0.024 58 5.9
rostralanteriorcingulate 1629 1150 3487 2.771 0.771 0.129 0.026 21 1.8
rostralmiddlefrontal 4704 3309 8521 2.316 0.525 0.129 0.027 53 5.2
superiorfrontal 10246 7214 23007 2.713 0.619 0.126 0.028 112 12.1
superiorparietal 6223 4082 10052 2.220 0.505 0.115 0.024 60 5.9
superiortemporal 7708 5105 15950 2.739 0.764 0.106 0.022 67 7.2
supramarginal 5363 3713 10262 2.556 0.536 0.126 0.027 61 5.8
transversetemporal 767 465 1110 2.179 0.382 0.107 0.025 6 0.8
insula 2898 1941 6470 3.116 0.866 0.114 0.028 30 3.3
