StructName NumVert SurfArea GrayVol ThickAvg ThickStd MeanCurv GausCurv FoldInd CurvInd
caudalanteriorcingulate 1205 770 2496 2.886 0.607 0.115 0.023 14 1.1
caudalmiddlefrontal 3333 2226 6499 2.655 0.473 0.117 0.023 32 3.2
cuneus 3180 2041 4349 1.942 0.642 0.129 0.026 34 3.6
entorhinal 607 387 1576 3.042 1.061 0.102 0.026 4 0.6
fusiform 4387 3007 9457 2.705 0.588 0.123 0.025 49 4.6
inferiorparietal 5920 4176 11216 2.437 0.550 0.122 0.024 65 5.9
inferiortemporal 4542 3349 10984 2.735 0.706 0.134 0.030 66 6.0
isthmuscingulate 1463 978 2377 2.255 0.689 0.130 0.029 20 1.7
lateraloccipital 8440 5595 13629 2.202 0.599 0.133 0.027 103 9.6
lateralorbitofrontal 4243 3025 8352 2.581 0.606 0.142 0.034 59 6.2
lingual 5182 3550 7644 1.983 0.673 0.132 0.028 56 6.3
medialorbitofrontal 2572 1745 4765 2.413 0.681 0.121 0.031 37 3.0
middletemporal 6148 4205 14461 2.874 0.689 0.120 0.023 67 6.1
parahippocampal 1031 631 1986 2.703 0.760 0.096 0.024 8 0.9
paracentral 2263 1325 3764 2.571 0.568 0.083 0.016 11 1.5
parsopercularis 2022 1391 4191 2.738 0.447 0.127 0.026 24 2.1
parsorbitalis 926 641 2051 2.690 0.640 0.127 0.026 12 1.0
parstriangularis 2320 1594 4154 2.362 0.516 0.119 0.026 24 2.5
pericalcarine 2349 1628 2164 1.534 0.391 0.137 0.031 24 3.0
postcentral 7074 4526 10380 2.115 0.636 0.113 0.021 63 6.3
posteriorcingulate 1642 1107 2932 2.395 0.616 0.125 0.025 21 1.8
precentral 7060 4409 12515 2.623 0.608 0.108 0.023 55 6.8
precuneus 5737 3905 9831 2.304 0.553 0.119 0.025 57 5.7
rostralanteriorcingulate 1781 1216 3659 2.836 0.804 0.134 0.031 24 2.4
rostralmiddlefrontal 4852 3431 9435 2.483 0.490 0.129 0.026 56 5.3
superiorfrontal 10470 7346 23492 2.764 0.598 0.125 0.027 115 11.6
superiorparietal 6265 4230 10384 2.214 0.488 0.118 0.023 64 6.1
superiortemporal 7756 5160 16442 2.798 0.737 0.107 0.022 69 7.0
supramarginal 5353 3716 10437 2.598 0.517 0.126 0.025 59 5.5
transversetemporal 800 476 1149 2.196 0.434 0.108 0.026 7 0.8
insula 3013 1976 6667 3.204 0.893 0.108 0.028 27 3.1
