StructName NumVert SurfArea GrayVol ThickAvg ThickStd MeanCurv GausCurv FoldInd CurvInd
caudalanteriorcingulate 1288 843 2611 2.782 0.562 0.119 0.023 14 1.4
caudalmiddlefrontal 3479 2283 6539 2.666 0.488 0.115 0.022 30 3.3
cuneus 3142 2021 4013 1.847 0.617 0.131 0.027 34 3.6
entorhinal 657 441 1623 2.748 1.009 0.131 0.043 8 1.1
fusiform 4427 2942 9096 2.674 0.614 0.119 0.025 45 4.5
inferiorparietal 6027 4178 11126 2.414 0.572 0.118 0.022 62 5.6
inferiortemporal 4456 3308 11177 2.803 0.725 0.136 0.031 65 6.1
isthmuscingulate 1457 1004 2321 2.175 0.719 0.125 0.029 20 1.7
lateraloccipital 8598 5650 13397 2.147 0.618 0.132 0.026 100 9.4
lateralorbitofrontal 4446 3162 8317 2.484 0.662 0.145 0.039 62 7.1
lingual 5263 3550 7520 1.944 0.696 0.130 0.028 55 6.3
medialorbitofrontal 2477 1761 4616 2.358 0.707 0.126 0.032 34 3.1
middletemporal 6299 4375 14809 2.853 0.699 0.121 0.024 70 6.4
parahippocampal 993 628 1935 2.676 0.792 0.103 0.021 7 0.8
paracentral 2216 1326 3704 2.511 0.541 0.087 0.017 11 1.6
parsopercularis 2083 1418 4072 2.616 0.444 0.127 0.027 23 2.2
parsorbitalis 939 635 1943 2.586 0.683 0.123 0.023 11 0.9
parstriangularis 2361 1584 4093 2.341 0.546 0.117 0.026 24 2.5
pericalcarine 2374 1669 2189 1.511 0.409 0.140 0.033 26 3.3
postcentral 7140 4565 9986 2.033 0.629 0.113 0.022 62 6.6
posteriorcingulate 1627 1126 2790 2.328 0.520 0.129 0.028 21 2.1
precentral 7014 4374 12159 2.584 0.647 0.109 0.024 55 7.1
precuneus 5804 4006 9779 2.253 0.559 0.119 0.024 57 5.7
rostralanteriorcingulate 1773 1208 3549 2.715 0.800 0.127 0.026 22 2.0
rostralmiddlefrontal 4870 3383 9285 2.481 0.543 0.128 0.027 52 5.4
superiorfrontal 10682 7392 23134 2.729 0.594 0.124 0.028 113 12.2
superiorparietal 6344 4212 10150 2.191 0.463 0.117 0.022 61 5.9
superiortemporal 7977 5347 15755 2.660 0.697 0.110 0.024 73 7.8
supramarginal 5405 3682 10280 2.585 0.532 0.125 0.027 58 5.8
transversetemporal 786 481 1081 2.081 0.394 0.111 0.032 7 1.0
insula 2906 1972 6395 3.100 0.863 0.111 0.025 26 2.9
