StructName NumVert SurfArea GrayVol ThickAvg ThickStd MeanCurv GausCurv FoldInd CurvInd
caudalanteriorcingulate 1322 846 2670 2.887 0.599 0.109 0.021 13 1.2
caudalmiddlefrontal 3168 2170 6090 2.562 0.458 0.117 0.022 30 3.0
cuneus 3023 1925 3658 1.824 0.429 0.130 0.028 33 3.6
entorhinal 556 346 1500 3.209 0.963 0.096 0.025 4 0.5
fusiform 4287 2900 9154 2.790 0.577 0.120 0.024 47 4.4
inferiorparietal 6052 4150 10812 2.367 0.511 0.116 0.021 62 5.5
inferiortemporal 4475 3337 11459 2.837 0.720 0.133 0.029 77 5.5
isthmuscingulate 1441 956 2346 2.335 0.702 0.120 0.030 18 1.5
lateraloccipital 8729 5659 13924 2.243 0.588 0.128 0.026 110 9.4
lateralorbitofrontal 4271 3030 8296 2.574 0.646 0.142 0.032 61 5.9
lingual 5174 3436 7387 2.002 0.702 0.126 0.028 56 6.0
medialorbitofrontal 2687 1812 4738 2.350 0.649 0.127 0.036 45 4.2
middletemporal 5895 4210 14161 2.877 0.617 0.124 0.026 73 6.7
parahippocampal 1034 650 1987 2.755 0.706 0.104 0.020 8 0.8
paracentral 2331 1351 3639 2.436 0.564 0.083 0.016 12 1.5
parsopercularis 1959 1386 4117 2.703 0.417 0.126 0.026 24 2.1
parsorbitalis 951 648 2054 2.703 0.561 0.125 0.023 11 1.0
parstriangularis 2260 1531 4145 2.434 0.483 0.115 0.024 26 2.4
pericalcarine 2226 1596 2221 1.578 0.427 0.141 0.036 25 3.2
postcentral 6660 4348 10118 2.127 0.605 0.113 0.022 61 6.2
posteriorcingulate 1465 1014 2731 2.492 0.530 0.117 0.023 14 1.4
precentral 6802 4390 12156 2.565 0.538 0.111 0.023 59 6.6
precuneus 5807 3939 9731 2.289 0.553 0.117 0.024 60 5.8
rostralanteriorcingulate 1741 1152 3581 2.723 0.854 0.121 0.028 22 1.9
rostralmiddlefrontal 4623 3252 8773 2.386 0.534 0.127 0.028 62 5.1
superiorfrontal 10091 7094 22080 2.671 0.622 0.123 0.026 112 11.0
superiorparietal 6286 4145 10148 2.226 0.451 0.117 0.023 66 6.1
superiortemporal 7488 5094 16116 2.772 0.694 0.107 0.021 69 6.6
supramarginal 5132 3636 9919 2.577 0.522 0.127 0.027 58 5.8
transversetemporal 781 439 1232 2.440 0.364 0.100 0.028 7 0.8
insula 2867 1940 6521 3.107 0.872 0.113 0.029 30 3.1
