StructName NumVert SurfArea GrayVol ThickAvg ThickStd MeanCurv GausCurv FoldInd CurvInd
caudalanteriorcingulate 1356 894 2387 2.627 0.483 0.109 0.015 12 0.9
caudalmiddlefrontal 4571 3000 8153 2.467 0.493 0.107 0.019 34 3.6
cuneus 3746 2439 4074 1.676 0.425 0.130 0.026 40 4.2
entorhinal 772 484 2203 3.468 0.723 0.082 0.015 4 0.4
fusiform 4887 3206 9558 2.674 0.551 0.114 0.020 48 4.2
inferiorparietal 6387 4396 11309 2.365 0.490 0.123 0.022 70 6.0
inferiortemporal 6003 4044 13880 2.853 0.658 0.112 0.021 65 5.2
isthmuscingulate 1742 1138 2997 2.505 0.684 0.108 0.020 15 1.4
lateraloccipital 9555 6041 13322 2.038 0.521 0.127 0.026 107 10.4
lateralorbitofrontal 5068 3551 9818 2.620 0.666 0.125 0.025 58 5.4
lingual 5285 3576 6981 1.830 0.592 0.132 0.031 55 7.1
medialorbitofrontal 2812 1916 4897 2.315 0.682 0.117 0.022 33 2.7
middletemporal 6561 4464 14103 2.738 0.678 0.108 0.018 59 5.2
parahippocampal 1320 825 2792 3.039 0.827 0.081 0.013 6 0.6
paracentral 3204 1798 4873 2.471 0.615 0.096 0.018 21 2.3
parsopercularis 2514 1664 5057 2.752 0.444 0.107 0.018 20 1.8
parsorbitalis 1067 725 1987 2.489 0.507 0.117 0.019 9 0.9
parstriangularis 3011 1960 5650 2.570 0.478 0.105 0.017 25 2.3
pericalcarine 2255 1543 1747 1.324 0.334 0.132 0.027 24 2.6
postcentral 8951 5706 13185 2.109 0.613 0.106 0.019 72 7.1
posteriorcingulate 2133 1442 3573 2.386 0.591 0.121 0.022 27 1.9
precentral 9010 5495 15280 2.596 0.538 0.097 0.017 61 6.5
precuneus 7453 4834 11841 2.290 0.514 0.112 0.020 66 6.5
rostralanteriorcingulate 1888 1261 3817 2.708 0.597 0.121 0.018 23 1.5
rostralmiddlefrontal 6654 4677 12119 2.328 0.496 0.126 0.023 79 6.7
superiorfrontal 14002 9371 28236 2.656 0.554 0.113 0.020 128 12.0
superiorparietal 6932 4587 10706 2.146 0.431 0.120 0.020 72 5.8
superiortemporal 9102 6000 18384 2.744 0.647 0.098 0.017 71 6.3
supramarginal 6556 4402 11771 2.500 0.477 0.111 0.019 59 5.2
transversetemporal 1057 617 1646 2.304 0.451 0.108 0.023 11 1.0
insula 3087 2054 6596 3.182 0.730 0.100 0.020 22 2.4
