StructName NumVert SurfArea GrayVol ThickAvg ThickStd MeanCurv GausCurv FoldInd CurvInd
caudalanteriorcingulate 1602 1053 2890 2.489 0.615 0.116 0.026 16 1.6
caudalmiddlefrontal 4833 3182 9249 2.542 0.588 0.106 0.024 37 4.2
cuneus 3588 2489 5350 2.013 0.458 0.134 0.033 47 4.7
entorhinal 705 490 2158 3.309 0.822 0.106 0.028 4 0.7
fusiform 4693 3175 10230 2.678 0.606 0.115 0.024 47 4.5
inferiorparietal 7368 5048 13947 2.395 0.563 0.121 0.025 87 7.1
inferiortemporal 5966 4323 15257 2.791 0.777 0.119 0.026 73 6.6
isthmuscingulate 1902 1254 3437 2.428 0.733 0.116 0.026 19 1.8
lateraloccipital 9151 6132 15678 2.187 0.547 0.126 0.028 110 9.8
lateralorbitofrontal 5642 3977 10560 2.399 0.722 0.135 0.035 80 8.1
lingual 4849 3394 8405 2.185 0.599 0.133 0.034 60 6.2
medialorbitofrontal 3235 2306 5995 2.296 0.681 0.133 0.039 47 4.7
middletemporal 7487 4993 15180 2.569 0.798 0.117 0.030 81 9.6
parahippocampal 1259 820 2753 2.793 0.865 0.094 0.022 8 1.0
paracentral 3524 2220 5142 2.253 0.576 0.130 0.045 84 6.2
parsopercularis 2725 1797 5654 2.704 0.557 0.107 0.023 22 2.3
parsorbitalis 1212 821 2476 2.514 0.664 0.113 0.019 12 1.0
parstriangularis 3137 2067 6271 2.597 0.537 0.106 0.022 29 2.8
pericalcarine 2194 1562 2798 1.953 0.440 0.122 0.030 20 2.7
postcentral 9494 6085 14203 2.142 0.551 0.119 0.035 102 13.2
posteriorcingulate 2140 1477 3954 2.395 0.720 0.126 0.030 31 2.5
precentral 10142 6336 16736 2.471 0.595 0.115 0.034 105 13.9
precuneus 7339 5000 12766 2.273 0.481 0.116 0.023 79 7.0
rostralanteriorcingulate 2125 1478 4183 2.533 0.589 0.131 0.035 33 2.5
rostralmiddlefrontal 7223 4899 14233 2.425 0.630 0.121 0.026 87 7.2
superiorfrontal 15172 10259 31514 2.633 0.572 0.114 0.027 148 15.2
superiorparietal 7530 5001 12887 2.240 0.516 0.117 0.025 85 6.9
superiortemporal 10647 7077 20278 2.553 0.718 0.108 0.027 95 11.4
supramarginal 7170 4764 12033 2.342 0.586 0.121 0.031 83 9.6
transversetemporal 886 612 1802 2.507 0.335 0.130 0.035 11 1.0
insula 3170 2176 6901 3.040 0.706 0.113 0.030 30 3.7
