StructName NumVert SurfArea GrayVol ThickAvg ThickStd MeanCurv GausCurv FoldInd CurvInd
caudalanteriorcingulate 1533 1007 2911 2.724 0.497 0.115 0.022 15 1.4
caudalmiddlefrontal 4681 3039 8716 2.611 0.470 0.105 0.019 36 3.7
cuneus 4030 2578 4713 1.799 0.500 0.131 0.029 46 5.0
entorhinal 799 518 2315 3.469 0.784 0.082 0.016 3 0.4
fusiform 4717 3189 9592 2.670 0.525 0.117 0.023 48 4.5
inferiorparietal 6958 4726 12713 2.466 0.451 0.122 0.023 82 6.3
inferiortemporal 5833 4037 13940 2.853 0.663 0.118 0.024 73 5.8
isthmuscingulate 1836 1214 3177 2.415 0.736 0.117 0.023 18 1.7
lateraloccipital 9867 6237 13877 2.052 0.539 0.127 0.027 108 11.2
lateralorbitofrontal 5321 3677 10142 2.619 0.619 0.126 0.029 67 6.4
lingual 5333 3633 7433 1.932 0.580 0.135 0.033 61 7.2
medialorbitofrontal 2647 1904 5233 2.454 0.637 0.124 0.028 35 3.0
middletemporal 6666 4564 14849 2.765 0.668 0.110 0.020 65 5.8
parahippocampal 1241 790 2555 2.803 0.777 0.087 0.016 7 0.8
paracentral 3277 1917 5254 2.507 0.573 0.100 0.022 23 2.9
parsopercularis 2657 1737 5330 2.756 0.391 0.107 0.018 22 2.0
parsorbitalis 1147 781 2187 2.550 0.504 0.119 0.019 11 0.9
parstriangularis 3089 2009 5815 2.585 0.445 0.107 0.019 27 2.5
pericalcarine 2308 1589 1952 1.431 0.426 0.137 0.028 25 2.9
postcentral 9207 5691 13608 2.186 0.588 0.106 0.020 76 7.7
posteriorcingulate 2160 1469 3761 2.399 0.594 0.127 0.029 37 2.8
precentral 9736 5795 16216 2.628 0.501 0.097 0.019 69 7.7
precuneus 7530 4951 12842 2.396 0.440 0.115 0.022 75 7.3
rostralanteriorcingulate 1906 1329 3839 2.646 0.567 0.133 0.029 30 2.3
rostralmiddlefrontal 7035 4776 13123 2.487 0.456 0.122 0.023 78 6.7
superiorfrontal 14734 9850 30268 2.717 0.509 0.115 0.022 143 13.8
superiorparietal 7476 4789 11686 2.232 0.462 0.116 0.021 74 6.3
superiortemporal 9424 6310 19786 2.788 0.644 0.101 0.018 76 6.9
supramarginal 6286 4210 11459 2.532 0.428 0.114 0.020 59 5.4
transversetemporal 1023 610 1631 2.324 0.398 0.111 0.024 9 1.0
insula 3246 2144 6613 3.078 0.717 0.105 0.023 25 2.7
