StructName NumVert SurfArea GrayVol ThickAvg ThickStd MeanCurv GausCurv FoldInd CurvInd
caudalanteriorcingulate 1398 911 2477 2.638 0.505 0.109 0.019 11 1.1
caudalmiddlefrontal 4687 3016 8525 2.580 0.484 0.103 0.019 33 3.6
cuneus 3665 2486 4412 1.739 0.434 0.136 0.027 41 4.3
entorhinal 737 488 2033 3.249 0.788 0.089 0.019 3 0.5
fusiform 4788 3186 9921 2.683 0.586 0.116 0.022 46 4.3
inferiorparietal 6471 4578 11709 2.306 0.495 0.128 0.024 74 6.5
inferiortemporal 5807 3995 13947 2.901 0.696 0.114 0.022 64 5.2
isthmuscingulate 1813 1187 3179 2.441 0.718 0.113 0.022 17 1.7
lateraloccipital 8902 6001 14091 2.104 0.500 0.134 0.027 104 10.2
lateralorbitofrontal 5218 3562 10135 2.711 0.677 0.122 0.026 55 5.8
lingual 5033 3431 7645 2.010 0.624 0.133 0.029 56 6.1
medialorbitofrontal 2708 1864 5086 2.403 0.683 0.120 0.025 33 2.9
middletemporal 6693 4443 15117 2.850 0.807 0.107 0.019 59 5.3
parahippocampal 1315 825 2896 3.058 0.940 0.082 0.014 7 0.7
paracentral 3165 1855 5315 2.555 0.592 0.096 0.017 20 2.3
parsopercularis 2628 1730 5364 2.784 0.477 0.109 0.019 21 2.0
parsorbitalis 1169 770 2262 2.587 0.617 0.115 0.018 10 0.9
parstriangularis 3074 2005 5975 2.623 0.453 0.106 0.017 26 2.4
pericalcarine 2311 1565 2139 1.578 0.409 0.126 0.025 21 2.5
postcentral 9086 5852 13680 2.135 0.621 0.109 0.020 72 7.6
posteriorcingulate 2161 1450 3738 2.441 0.592 0.121 0.025 25 2.2
precentral 9304 5634 15980 2.643 0.542 0.099 0.018 63 7.2
precuneus 7456 4972 12282 2.268 0.506 0.115 0.020 68 6.6
rostralanteriorcingulate 2108 1392 4058 2.659 0.636 0.123 0.025 27 2.2
rostralmiddlefrontal 7107 4792 13435 2.506 0.473 0.122 0.022 75 6.7
superiorfrontal 14573 9691 30502 2.773 0.523 0.113 0.021 129 12.8
superiorparietal 6894 4633 10820 2.143 0.430 0.120 0.021 78 5.8
superiortemporal 9599 6348 19762 2.773 0.674 0.100 0.018 73 7.2
supramarginal 6506 4374 11814 2.519 0.475 0.112 0.020 56 5.5
transversetemporal 1040 647 1609 2.213 0.409 0.112 0.026 8 1.1
insula 3233 2118 6652 3.130 0.721 0.106 0.025 25 3.0
