StructName NumVert SurfArea GrayVol ThickAvg ThickStd MeanCurv GausCurv FoldInd CurvInd
caudalanteriorcingulate 1354 892 2464 2.691 0.530 0.114 0.019 13 1.0
caudalmiddlefrontal 4596 3054 8572 2.536 0.496 0.108 0.020 34 3.7
cuneus 3669 2525 4450 1.745 0.446 0.138 0.027 42 4.3
entorhinal 765 500 2188 3.231 0.847 0.100 0.021 4 0.7
fusiform 4712 3154 10010 2.748 0.590 0.114 0.021 43 4.1
inferiorparietal 6546 4673 12159 2.389 0.489 0.131 0.024 80 6.7
inferiortemporal 5682 4003 14225 2.930 0.689 0.118 0.022 61 5.5
isthmuscingulate 1781 1183 3298 2.474 0.715 0.118 0.024 18 1.9
lateraloccipital 9065 6033 14554 2.174 0.520 0.133 0.027 122 10.7
lateralorbitofrontal 5129 3589 10147 2.662 0.688 0.126 0.027 57 5.9
lingual 5035 3491 7671 2.018 0.625 0.137 0.031 59 6.5
medialorbitofrontal 2689 1863 5082 2.423 0.690 0.120 0.027 45 2.6
middletemporal 6664 4467 15356 2.868 0.839 0.107 0.019 59 5.4
parahippocampal 1335 840 2900 2.975 0.861 0.081 0.014 6 0.7
paracentral 3070 1850 5251 2.536 0.595 0.100 0.020 20 2.5
parsopercularis 2608 1707 5369 2.789 0.490 0.107 0.018 21 1.9
parsorbitalis 1119 768 2160 2.467 0.591 0.121 0.021 11 1.0
parstriangularis 3001 1992 5948 2.615 0.510 0.108 0.017 26 2.4
pericalcarine 2338 1569 1956 1.462 0.392 0.128 0.025 22 2.6
postcentral 9020 5778 13764 2.173 0.656 0.109 0.020 73 7.6
posteriorcingulate 2097 1431 3699 2.449 0.609 0.124 0.028 25 2.3
precentral 9050 5604 15916 2.637 0.540 0.101 0.018 62 7.1
precuneus 7334 4874 12442 2.332 0.517 0.115 0.021 68 7.0
rostralanteriorcingulate 1944 1346 4020 2.750 0.614 0.127 0.025 25 2.1
rostralmiddlefrontal 6825 4699 12799 2.425 0.509 0.125 0.023 76 6.7
superiorfrontal 14164 9666 30389 2.753 0.567 0.115 0.022 131 12.6
superiorparietal 6978 4682 11345 2.206 0.484 0.121 0.022 76 6.2
superiortemporal 9452 6256 19820 2.795 0.678 0.099 0.018 74 6.9
supramarginal 6592 4402 12148 2.552 0.521 0.111 0.020 58 5.4
transversetemporal 1068 655 1692 2.272 0.408 0.113 0.025 10 1.0
insula 3249 2147 6758 3.128 0.686 0.109 0.026 29 3.2
