StructName NumVert SurfArea GrayVol ThickAvg ThickStd MeanCurv GausCurv FoldInd CurvInd
caudalanteriorcingulate 1588 1026 2970 2.758 0.557 0.110 0.017 14 1.1
caudalmiddlefrontal 4765 3054 8828 2.635 0.497 0.102 0.018 34 3.5
cuneus 3694 2472 4442 1.756 0.443 0.133 0.026 41 4.2
entorhinal 766 495 2244 3.455 0.832 0.087 0.017 3 0.5
fusiform 4817 3169 9880 2.680 0.615 0.113 0.021 44 4.2
inferiorparietal 6839 4824 12506 2.332 0.490 0.130 0.025 82 7.3
inferiortemporal 5769 4057 14116 2.885 0.714 0.117 0.022 62 5.5
isthmuscingulate 1825 1211 3375 2.484 0.713 0.113 0.023 17 1.7
lateraloccipital 8777 6028 14173 2.108 0.501 0.136 0.027 105 10.1
lateralorbitofrontal 5234 3623 10316 2.701 0.666 0.124 0.028 54 6.2
lingual 5057 3466 7648 2.016 0.580 0.133 0.029 55 6.2
medialorbitofrontal 2738 1942 5335 2.425 0.677 0.124 0.028 43 3.3
middletemporal 6700 4492 15195 2.816 0.865 0.107 0.019 59 5.2
parahippocampal 1363 858 2999 3.020 0.951 0.085 0.015 7 0.9
paracentral 3173 1878 5395 2.579 0.580 0.101 0.020 22 2.6
parsopercularis 2693 1742 5506 2.802 0.462 0.105 0.018 21 1.9
parsorbitalis 1158 769 2211 2.600 0.549 0.114 0.018 10 0.9
parstriangularis 3105 2038 6093 2.635 0.522 0.108 0.018 25 2.5
pericalcarine 2298 1565 2103 1.563 0.363 0.130 0.026 23 2.5
postcentral 8645 5519 13093 2.148 0.656 0.109 0.020 70 7.2
posteriorcingulate 2097 1463 3652 2.412 0.599 0.128 0.026 30 2.2
precentral 9532 5686 16175 2.630 0.555 0.097 0.019 64 7.8
precuneus 7242 4880 11976 2.239 0.512 0.117 0.021 67 6.8
rostralanteriorcingulate 1949 1343 3970 2.704 0.616 0.131 0.026 30 2.2
rostralmiddlefrontal 7108 4734 13424 2.514 0.497 0.119 0.022 71 6.3
superiorfrontal 14531 9691 30789 2.808 0.540 0.112 0.020 123 12.4
superiorparietal 7346 4924 11885 2.187 0.442 0.118 0.021 73 6.3
superiortemporal 9625 6390 19881 2.742 0.675 0.101 0.018 75 7.0
supramarginal 6280 4176 11256 2.515 0.511 0.109 0.019 51 5.1
transversetemporal 1022 635 1612 2.250 0.431 0.115 0.025 9 1.0
insula 3191 2124 6642 3.089 0.684 0.107 0.024 27 3.0
