StructName NumVert SurfArea GrayVol ThickAvg ThickStd MeanCurv GausCurv FoldInd CurvInd
caudalanteriorcingulate 2235 1406 3873 2.612 0.610 0.108 0.017 20 1.6
caudalmiddlefrontal 4382 2864 8048 2.608 0.458 0.103 0.019 32 3.4
cuneus 3159 2149 4078 1.793 0.506 0.128 0.024 31 3.4
entorhinal 756 560 2649 3.209 0.873 0.134 0.037 9 1.1
fusiform 5608 3966 11103 2.508 0.528 0.129 0.028 67 6.2
inferiorparietal 7777 5400 12892 2.217 0.512 0.121 0.023 82 7.7
inferiortemporal 5628 4081 12094 2.580 0.685 0.136 0.033 83 8.5
isthmuscingulate 1803 1211 2917 2.129 0.740 0.112 0.025 18 1.7
lateraloccipital 8511 5791 12836 2.031 0.500 0.140 0.029 105 10.4
lateralorbitofrontal 4534 3198 9151 2.696 0.662 0.129 0.028 51 5.3
lingual 3537 2478 4843 1.832 0.583 0.131 0.029 39 4.3
medialorbitofrontal 2643 1865 5319 2.576 0.597 0.118 0.027 31 2.8
middletemporal 7532 5223 16324 2.637 0.657 0.120 0.025 79 7.6
parahippocampal 1672 1051 2725 2.323 0.852 0.086 0.022 13 1.4
paracentral 2165 1327 3584 2.507 0.524 0.097 0.020 12 1.7
parsopercularis 2713 1819 5407 2.658 0.424 0.113 0.023 28 2.4
parsorbitalis 1186 751 2264 2.546 0.582 0.090 0.016 7 0.8
parstriangularis 3321 2202 6020 2.511 0.503 0.119 0.022 32 3.1
pericalcarine 1621 1092 1293 1.379 0.311 0.106 0.021 12 1.3
postcentral 8909 5588 12834 2.175 0.663 0.103 0.022 67 8.0
posteriorcingulate 2511 1709 4127 2.293 0.668 0.127 0.024 28 2.7
precentral 8583 5280 15655 2.688 0.561 0.096 0.019 54 6.5
precuneus 6512 4510 11107 2.296 0.539 0.127 0.027 70 7.1
rostralanteriorcingulate 2308 1559 4505 2.643 0.587 0.119 0.024 27 2.4
rostralmiddlefrontal 7604 5207 13741 2.403 0.487 0.124 0.023 81 7.4
superiorfrontal 11935 8114 24484 2.717 0.509 0.118 0.024 111 11.9
superiorparietal 6037 4163 9407 2.085 0.495 0.124 0.023 65 5.7
superiortemporal 10059 6622 20426 2.723 0.726 0.109 0.023 92 9.9
supramarginal 6909 4498 12130 2.553 0.559 0.112 0.024 70 6.9
transversetemporal 970 581 1750 2.618 0.338 0.094 0.020 8 0.7
insula 3514 2367 7547 3.255 0.704 0.108 0.024 28 3.1
