StructName NumVert SurfArea GrayVol ThickAvg ThickStd MeanCurv GausCurv FoldInd CurvInd
caudalanteriorcingulate 2110 1358 3629 2.547 0.636 0.108 0.016 19 1.5
caudalmiddlefrontal 4146 2787 7628 2.572 0.448 0.106 0.018 32 3.2
cuneus 3244 2142 4071 1.822 0.534 0.125 0.024 30 3.5
entorhinal 691 473 2128 3.275 0.866 0.126 0.034 7 0.8
fusiform 5650 4005 11666 2.605 0.614 0.131 0.030 69 6.6
inferiorparietal 7502 5228 12908 2.278 0.522 0.122 0.023 79 7.4
inferiortemporal 5116 3753 11980 2.782 0.662 0.130 0.029 64 6.3
isthmuscingulate 1874 1249 2992 2.125 0.744 0.116 0.028 20 2.0
lateraloccipital 8786 5938 13277 2.065 0.527 0.140 0.030 106 11.3
lateralorbitofrontal 4570 3258 9282 2.656 0.664 0.132 0.033 51 6.1
lingual 3676 2573 4565 1.727 0.558 0.136 0.030 42 4.5
medialorbitofrontal 2596 1835 5045 2.482 0.601 0.122 0.031 34 3.3
middletemporal 7183 5020 16402 2.730 0.708 0.120 0.024 80 6.9
parahippocampal 1572 986 2684 2.438 0.856 0.089 0.024 10 1.8
paracentral 2264 1419 3802 2.489 0.474 0.098 0.020 13 1.8
parsopercularis 2539 1723 5256 2.653 0.462 0.113 0.022 23 2.3
parsorbitalis 1155 765 2180 2.461 0.602 0.097 0.017 8 0.8
parstriangularis 3232 2190 5752 2.411 0.549 0.123 0.024 32 3.1
pericalcarine 1634 1102 1274 1.376 0.325 0.108 0.020 13 1.4
postcentral 8438 5469 12547 2.165 0.641 0.108 0.021 65 7.4
posteriorcingulate 2488 1704 4160 2.347 0.676 0.128 0.024 30 2.7
precentral 8266 5166 15175 2.660 0.560 0.099 0.019 54 6.3
precuneus 6556 4519 11204 2.335 0.529 0.127 0.028 68 7.3
rostralanteriorcingulate 2278 1550 4404 2.601 0.587 0.119 0.026 26 2.4
rostralmiddlefrontal 7331 5083 13459 2.367 0.542 0.127 0.025 81 7.6
superiorfrontal 11657 8064 24447 2.677 0.544 0.120 0.025 111 12.2
superiorparietal 6189 4184 9562 2.117 0.496 0.124 0.024 65 6.1
superiortemporal 9685 6589 20068 2.707 0.695 0.115 0.024 90 10.0
supramarginal 6231 4227 11594 2.562 0.589 0.116 0.023 59 5.9
transversetemporal 956 552 1631 2.541 0.377 0.087 0.018 6 0.6
insula 3543 2343 7435 3.175 0.691 0.105 0.024 29 3.2
