StructName NumVert SurfArea GrayVol ThickAvg ThickStd MeanCurv GausCurv FoldInd CurvInd
caudalanteriorcingulate 1813 1184 3341 2.728 0.567 0.106 0.016 18 1.3
caudalmiddlefrontal 3627 2365 7119 2.679 0.521 0.104 0.019 26 2.8
cuneus 3570 2298 4123 1.775 0.484 0.137 0.033 42 5.1
entorhinal 640 409 1658 2.993 0.948 0.111 0.026 6 0.6
fusiform 5200 3511 10144 2.572 0.672 0.123 0.024 59 5.3
inferiorparietal 8991 5982 15857 2.428 0.488 0.118 0.021 97 8.0
inferiortemporal 4279 2925 9661 2.852 0.646 0.123 0.026 51 4.6
isthmuscingulate 1441 963 2478 2.382 0.727 0.125 0.026 18 1.5
lateraloccipital 9122 5572 13267 2.165 0.618 0.120 0.026 92 9.9
lateralorbitofrontal 4176 2918 8606 2.532 0.800 0.136 0.038 56 6.6
lingual 5445 3514 7138 1.896 0.637 0.127 0.029 58 6.6
medialorbitofrontal 2318 1535 4518 2.497 0.687 0.124 0.034 31 3.2
middletemporal 6598 4491 15423 2.888 0.621 0.113 0.021 66 5.9
parahippocampal 1182 716 2049 2.443 0.734 0.079 0.015 7 0.6
paracentral 2782 1662 4496 2.538 0.573 0.096 0.017 19 1.9
parsopercularis 2024 1331 4403 2.821 0.541 0.100 0.017 16 1.4
parsorbitalis 1134 777 2438 2.723 0.645 0.120 0.020 13 1.0
parstriangularis 2458 1641 4605 2.484 0.498 0.111 0.022 22 2.1
pericalcarine 2319 1632 2032 1.433 0.492 0.130 0.027 24 2.7
postcentral 7559 4838 11230 2.126 0.671 0.112 0.023 68 7.0
posteriorcingulate 1845 1249 3378 2.570 0.653 0.125 0.024 22 1.9
precentral 7211 4445 12369 2.587 0.627 0.103 0.023 54 6.5
precuneus 6396 4315 10777 2.347 0.544 0.122 0.024 72 6.2
rostralanteriorcingulate 1863 1301 3804 2.658 0.770 0.132 0.031 26 2.6
rostralmiddlefrontal 6229 4367 12221 2.403 0.578 0.130 0.027 77 6.8
superiorfrontal 13329 9052 28751 2.728 0.632 0.118 0.024 131 13.5
superiorparietal 7695 4970 11504 2.177 0.430 0.117 0.021 76 6.8
superiortemporal 7601 4966 18004 3.102 0.734 0.096 0.018 55 5.9
supramarginal 5831 4077 12165 2.683 0.517 0.128 0.024 69 6.0
transversetemporal 667 429 1044 2.385 0.566 0.116 0.028 6 0.7
insula 2757 1821 6113 3.269 0.625 0.105 0.023 20 2.4
