StructName NumVert SurfArea GrayVol ThickAvg ThickStd MeanCurv GausCurv FoldInd CurvInd
caudalanteriorcingulate 1984 1254 3183 2.334 0.710 0.106 0.014 19 1.1
caudalmiddlefrontal 3951 2679 7065 2.441 0.459 0.106 0.019 33 3.0
cuneus 3298 2079 3960 1.864 0.513 0.119 0.025 32 3.6
entorhinal 849 573 2849 3.447 0.959 0.117 0.034 10 1.0
fusiform 5744 3972 11586 2.636 0.518 0.126 0.027 67 6.4
inferiorparietal 7633 5257 13190 2.332 0.482 0.120 0.023 85 7.8
inferiortemporal 5291 3742 11747 2.773 0.611 0.120 0.024 64 5.6
isthmuscingulate 1754 1157 2853 2.180 0.833 0.116 0.027 19 2.0
lateraloccipital 8839 5688 13716 2.170 0.541 0.133 0.029 111 10.7
lateralorbitofrontal 4539 3092 9045 2.680 0.660 0.126 0.028 53 5.1
lingual 3762 2511 4789 1.820 0.615 0.130 0.030 45 5.0
medialorbitofrontal 2721 1822 4958 2.445 0.651 0.114 0.025 31 2.8
middletemporal 7091 4938 15832 2.735 0.601 0.118 0.023 82 6.7
parahippocampal 1469 932 2551 2.496 0.763 0.087 0.021 10 1.3
paracentral 2181 1320 3633 2.550 0.510 0.094 0.018 13 1.5
parsopercularis 2513 1723 5320 2.701 0.429 0.112 0.023 26 2.4
parsorbitalis 1216 751 2142 2.477 0.446 0.087 0.017 9 0.8
parstriangularis 3062 2109 5792 2.471 0.417 0.120 0.022 34 2.8
pericalcarine 1665 1137 1325 1.345 0.375 0.111 0.023 15 1.6
postcentral 8209 5325 12645 2.188 0.599 0.104 0.020 66 6.8
posteriorcingulate 2318 1557 3978 2.467 0.637 0.130 0.024 28 2.6
precentral 7918 5119 14337 2.603 0.484 0.102 0.018 54 6.2
precuneus 6469 4290 11006 2.404 0.527 0.120 0.026 63 6.9
rostralanteriorcingulate 2298 1535 4162 2.526 0.613 0.114 0.020 25 1.9
rostralmiddlefrontal 6684 4768 12481 2.274 0.541 0.127 0.027 89 7.3
superiorfrontal 11383 7831 23933 2.683 0.565 0.117 0.024 114 11.6
superiorparietal 5927 3973 9379 2.141 0.511 0.120 0.024 65 5.7
superiortemporal 9186 6273 19710 2.784 0.697 0.111 0.021 94 8.3
supramarginal 6182 4212 11613 2.546 0.514 0.114 0.022 61 5.8
transversetemporal 841 516 1629 2.684 0.297 0.094 0.018 7 0.6
insula 3347 2257 7464 3.254 0.750 0.105 0.025 27 3.6
