StructName NumVert SurfArea GrayVol ThickAvg ThickStd MeanCurv GausCurv FoldInd CurvInd
caudalanteriorcingulate 2035 1325 3800 2.705 0.614 0.112 0.018 23 1.7
caudalmiddlefrontal 3865 2487 8008 2.802 0.542 0.106 0.020 28 3.3
cuneus 3464 2304 4506 1.898 0.493 0.144 0.034 43 5.0
entorhinal 587 391 1729 2.985 1.055 0.125 0.033 5 0.9
fusiform 5364 3711 10655 2.554 0.611 0.126 0.025 64 5.5
inferiorparietal 8981 6198 16576 2.369 0.555 0.122 0.022 102 8.5
inferiortemporal 4184 2979 9532 2.769 0.665 0.129 0.029 55 4.7
isthmuscingulate 1490 1035 2694 2.397 0.754 0.127 0.027 18 1.7
lateraloccipital 8676 5781 13940 2.156 0.535 0.132 0.028 99 9.8
lateralorbitofrontal 4130 2941 9358 2.735 0.696 0.142 0.035 61 6.3
lingual 5254 3557 7618 1.959 0.649 0.134 0.029 59 6.6
medialorbitofrontal 2173 1576 4655 2.595 0.687 0.128 0.028 31 2.6
middletemporal 6678 4514 15902 2.902 0.671 0.113 0.021 65 5.9
parahippocampal 1140 715 2059 2.392 0.784 0.083 0.020 8 0.7
paracentral 2734 1710 4581 2.484 0.582 0.104 0.020 21 2.2
parsopercularis 2104 1393 4870 2.908 0.598 0.101 0.017 17 1.4
parsorbitalis 1160 768 2586 2.808 0.653 0.114 0.018 11 0.9
parstriangularis 2562 1715 5071 2.585 0.544 0.112 0.022 23 2.2
pericalcarine 2408 1649 2219 1.568 0.437 0.124 0.026 22 2.6
postcentral 7729 5013 12150 2.192 0.716 0.116 0.024 71 7.6
posteriorcingulate 1990 1358 3502 2.468 0.646 0.129 0.026 23 2.2
precentral 7382 4555 13133 2.672 0.671 0.107 0.023 57 6.9
precuneus 6392 4434 11348 2.375 0.503 0.128 0.024 79 6.4
rostralanteriorcingulate 1889 1370 4160 2.848 0.752 0.145 0.033 32 2.7
rostralmiddlefrontal 6776 4630 14112 2.596 0.548 0.128 0.026 78 7.4
superiorfrontal 13846 9404 31084 2.828 0.662 0.119 0.024 138 13.5
superiorparietal 7372 5018 11825 2.188 0.443 0.123 0.023 79 6.9
superiortemporal 7537 4934 18262 3.084 0.750 0.100 0.019 57 6.3
supramarginal 5746 3928 11902 2.688 0.549 0.129 0.025 67 6.0
transversetemporal 694 471 1083 2.274 0.661 0.129 0.029 8 0.8
insula 2830 1864 6179 3.182 0.635 0.106 0.025 22 2.8
