StructName NumVert SurfArea GrayVol ThickAvg ThickStd MeanCurv GausCurv FoldInd CurvInd
caudalanteriorcingulate 2119 1331 3636 2.513 0.685 0.102 0.016 19 1.4
caudalmiddlefrontal 4187 2780 7758 2.596 0.491 0.107 0.020 32 3.4
cuneus 3230 2127 4004 1.797 0.527 0.123 0.024 31 3.4
entorhinal 804 524 2854 3.335 1.068 0.116 0.027 8 0.8
fusiform 5669 4033 11526 2.563 0.577 0.131 0.030 67 7.0
inferiorparietal 7702 5326 13292 2.302 0.531 0.120 0.023 80 7.8
inferiortemporal 5228 3768 11701 2.718 0.645 0.125 0.026 58 5.9
isthmuscingulate 1932 1273 3045 2.135 0.787 0.109 0.025 19 1.7
lateraloccipital 8770 5928 13190 2.057 0.527 0.140 0.030 106 11.2
lateralorbitofrontal 4575 3153 8759 2.613 0.690 0.129 0.032 52 5.9
lingual 3671 2540 4657 1.762 0.550 0.136 0.031 42 4.6
medialorbitofrontal 2536 1815 5123 2.540 0.579 0.124 0.028 32 3.1
middletemporal 7271 5051 16358 2.706 0.665 0.119 0.024 83 7.1
parahippocampal 1733 1065 2868 2.333 0.873 0.084 0.020 17 1.1
paracentral 2181 1307 3630 2.568 0.548 0.095 0.020 13 1.7
parsopercularis 2658 1800 5438 2.669 0.445 0.115 0.024 25 2.5
parsorbitalis 1153 753 2214 2.500 0.555 0.094 0.020 8 0.9
parstriangularis 3223 2161 5867 2.467 0.513 0.118 0.024 31 3.0
pericalcarine 1656 1097 1235 1.318 0.300 0.107 0.020 13 1.4
postcentral 8490 5454 12540 2.160 0.664 0.105 0.021 64 7.2
posteriorcingulate 2548 1682 4217 2.368 0.655 0.122 0.024 29 2.5
precentral 8339 5197 15467 2.725 0.542 0.099 0.019 54 6.4
precuneus 6675 4523 10997 2.277 0.567 0.125 0.028 67 7.5
rostralanteriorcingulate 2201 1483 4250 2.641 0.525 0.115 0.022 26 1.9
rostralmiddlefrontal 7370 5124 13589 2.388 0.510 0.128 0.025 85 7.5
superiorfrontal 11676 8035 24699 2.721 0.565 0.120 0.025 108 12.6
superiorparietal 6215 4193 9681 2.132 0.532 0.125 0.026 67 6.3
superiortemporal 9524 6414 20130 2.761 0.679 0.114 0.023 91 9.5
supramarginal 6317 4318 11824 2.575 0.575 0.117 0.024 59 6.2
transversetemporal 1012 570 1763 2.665 0.431 0.089 0.020 8 0.7
insula 3545 2304 7314 3.207 0.748 0.104 0.025 29 3.5
