StructName NumVert SurfArea GrayVol ThickAvg ThickStd MeanCurv GausCurv FoldInd CurvInd
caudalanteriorcingulate 2072 1320 3472 2.475 0.629 0.107 0.015 19 1.3
caudalmiddlefrontal 4277 2859 7627 2.516 0.401 0.106 0.019 33 3.4
cuneus 3280 2181 4262 1.863 0.524 0.125 0.025 33 3.5
entorhinal 862 587 2928 3.315 0.936 0.123 0.031 10 1.1
fusiform 5720 4070 11846 2.636 0.554 0.131 0.030 68 6.8
inferiorparietal 7540 5286 13046 2.296 0.509 0.122 0.024 81 7.7
inferiortemporal 5475 3897 12058 2.747 0.619 0.123 0.029 67 6.5
isthmuscingulate 1886 1259 2980 2.113 0.763 0.116 0.026 20 2.0
lateraloccipital 8909 6044 13777 2.089 0.536 0.141 0.030 113 11.2
lateralorbitofrontal 4785 3345 9450 2.659 0.659 0.131 0.033 58 6.1
lingual 3813 2633 4803 1.761 0.577 0.133 0.032 42 4.9
medialorbitofrontal 2669 1887 5302 2.577 0.577 0.124 0.028 35 3.1
middletemporal 7426 5157 16825 2.763 0.663 0.119 0.024 83 7.2
parahippocampal 1745 1035 2766 2.407 0.774 0.095 0.029 24 1.7
paracentral 2091 1331 3662 2.519 0.518 0.099 0.018 13 1.4
parsopercularis 2536 1784 5287 2.642 0.436 0.118 0.024 26 2.4
parsorbitalis 1236 774 2285 2.530 0.591 0.095 0.020 9 1.0
parstriangularis 3227 2176 5949 2.484 0.496 0.122 0.023 32 3.1
pericalcarine 1700 1129 1328 1.368 0.344 0.109 0.022 14 1.5
postcentral 8788 5587 12859 2.163 0.639 0.105 0.021 70 7.7
posteriorcingulate 2612 1732 4301 2.321 0.660 0.122 0.024 31 2.6
precentral 8271 5242 15324 2.677 0.528 0.099 0.019 53 6.5
precuneus 6552 4464 11391 2.361 0.546 0.125 0.026 68 6.9
rostralanteriorcingulate 2318 1587 4511 2.640 0.530 0.121 0.025 28 2.4
rostralmiddlefrontal 7317 5041 13148 2.349 0.505 0.127 0.026 82 7.7
superiorfrontal 11740 8133 24715 2.697 0.543 0.120 0.025 114 12.2
superiorparietal 5950 4122 9643 2.144 0.502 0.126 0.024 66 5.9
superiortemporal 9785 6619 20727 2.773 0.700 0.113 0.024 94 9.7
supramarginal 6466 4391 11953 2.558 0.575 0.118 0.024 62 6.4
transversetemporal 923 568 1657 2.566 0.411 0.098 0.021 6 0.7
insula 3533 2356 7497 3.194 0.703 0.106 0.027 30 3.5
