StructName NumVert SurfArea GrayVol ThickAvg ThickStd MeanCurv GausCurv FoldInd CurvInd
caudalanteriorcingulate 2015 1289 3420 2.496 0.586 0.105 0.018 17 1.5
caudalmiddlefrontal 4165 2786 7743 2.552 0.496 0.106 0.019 33 3.4
cuneus 3205 2133 4009 1.785 0.542 0.127 0.025 32 3.5
entorhinal 749 528 2692 3.335 0.988 0.127 0.036 9 1.0
fusiform 5710 3972 11528 2.538 0.592 0.129 0.031 68 7.0
inferiorparietal 7523 5295 12784 2.248 0.543 0.125 0.024 82 8.1
inferiortemporal 5138 3784 11611 2.668 0.656 0.130 0.029 64 6.4
isthmuscingulate 1802 1222 2902 2.096 0.756 0.116 0.027 18 1.8
lateraloccipital 8710 5798 13200 2.085 0.549 0.138 0.029 108 10.9
lateralorbitofrontal 4602 3263 8692 2.521 0.662 0.136 0.034 56 6.3
lingual 3681 2520 4594 1.742 0.547 0.134 0.030 38 4.6
medialorbitofrontal 2633 1860 5113 2.500 0.623 0.126 0.033 35 3.6
middletemporal 7225 5028 16141 2.679 0.676 0.122 0.024 78 7.3
parahippocampal 1623 1027 2658 2.288 0.867 0.082 0.021 9 1.3
paracentral 2187 1354 3714 2.512 0.554 0.098 0.021 13 1.7
parsopercularis 2622 1748 5345 2.636 0.468 0.107 0.022 25 2.3
parsorbitalis 1140 781 2183 2.392 0.556 0.105 0.021 10 1.0
parstriangularis 3233 2171 5655 2.346 0.524 0.120 0.023 32 2.9
pericalcarine 1636 1091 1259 1.361 0.341 0.109 0.022 14 1.5
postcentral 8511 5429 12594 2.165 0.601 0.106 0.021 67 7.4
posteriorcingulate 2402 1641 3916 2.300 0.619 0.128 0.028 27 2.8
precentral 8193 5162 15353 2.687 0.576 0.100 0.019 54 6.5
precuneus 6532 4470 11098 2.295 0.557 0.127 0.028 69 7.2
rostralanteriorcingulate 2198 1502 4143 2.511 0.547 0.121 0.026 29 2.3
rostralmiddlefrontal 7192 5030 13280 2.358 0.515 0.128 0.026 83 7.7
superiorfrontal 11703 8034 24411 2.671 0.567 0.120 0.026 113 12.7
superiorparietal 6226 4241 9621 2.093 0.509 0.125 0.024 67 6.2
superiortemporal 9458 6447 19868 2.724 0.730 0.114 0.023 88 9.4
supramarginal 6359 4311 11878 2.534 0.532 0.116 0.023 62 6.1
transversetemporal 955 580 1761 2.629 0.347 0.097 0.017 8 0.6
insula 3501 2317 7243 3.095 0.717 0.103 0.023 26 3.3
