StructName NumVert SurfArea GrayVol ThickAvg ThickStd MeanCurv GausCurv FoldInd CurvInd
caudalanteriorcingulate 2036 1325 3914 2.685 0.682 0.118 0.028 22 2.5
caudalmiddlefrontal 3861 2500 8570 2.794 0.645 0.104 0.023 27 3.5
cuneus 3382 2347 5137 1.979 0.584 0.145 0.037 46 5.2
entorhinal 713 493 1950 2.670 0.993 0.133 0.044 9 1.1
fusiform 5164 3617 11032 2.612 0.670 0.124 0.026 62 5.5
inferiorparietal 9269 6345 17723 2.392 0.613 0.119 0.023 111 8.7
inferiortemporal 4502 3231 9543 2.601 0.788 0.139 0.040 66 7.1
isthmuscingulate 1399 991 2808 2.522 0.773 0.129 0.031 18 1.6
lateraloccipital 9148 5951 15588 2.245 0.612 0.122 0.028 102 9.8
lateralorbitofrontal 4492 3348 10110 2.553 0.747 0.138 0.036 57 6.3
lingual 5061 3629 8233 2.077 0.649 0.138 0.033 63 7.2
medialorbitofrontal 2617 1783 5104 2.468 0.785 0.122 0.037 34 3.7
middletemporal 6937 4795 17473 2.914 0.715 0.115 0.026 73 6.9
parahippocampal 1132 728 2240 2.501 0.863 0.095 0.026 10 1.1
paracentral 2813 1856 4763 2.376 0.659 0.123 0.034 31 3.9
parsopercularis 2161 1460 5126 2.870 0.662 0.107 0.027 20 2.3
parsorbitalis 1174 805 2584 2.694 0.627 0.122 0.026 12 1.2
parstriangularis 2568 1764 4975 2.501 0.561 0.114 0.027 26 2.4
pericalcarine 2414 1704 2641 1.783 0.505 0.120 0.026 21 2.7
postcentral 8331 5504 12786 2.124 0.677 0.123 0.033 93 10.6
posteriorcingulate 1950 1350 3566 2.441 0.662 0.127 0.027 22 2.2
precentral 7543 4842 14071 2.686 0.650 0.111 0.030 64 8.8
precuneus 6254 4432 11779 2.343 0.549 0.127 0.026 84 6.5
rostralanteriorcingulate 1983 1373 4204 2.663 0.727 0.132 0.036 26 2.8
rostralmiddlefrontal 6735 4749 15290 2.582 0.693 0.131 0.031 89 8.4
superiorfrontal 14101 9849 32422 2.786 0.655 0.121 0.029 145 15.4
superiorparietal 7556 5075 12490 2.189 0.498 0.119 0.024 82 7.1
superiortemporal 8236 5444 18653 2.918 0.842 0.112 0.030 80 10.9
supramarginal 6071 4175 12391 2.597 0.547 0.127 0.030 76 6.8
transversetemporal 643 464 1168 2.534 0.566 0.135 0.037 8 0.8
insula 2708 1848 6297 3.254 0.782 0.105 0.025 19 2.7
