StructName NumVert SurfArea GrayVol ThickAvg ThickStd MeanCurv GausCurv FoldInd CurvInd
caudalanteriorcingulate 2315 1444 4003 2.471 0.778 0.104 0.019 35 1.6
caudalmiddlefrontal 4134 2796 7967 2.528 0.548 0.108 0.023 35 3.6
cuneus 3033 2037 4047 1.858 0.496 0.122 0.027 29 3.5
entorhinal 698 520 2659 3.252 0.945 0.140 0.035 10 1.0
fusiform 5338 3892 11690 2.627 0.565 0.129 0.030 65 6.3
inferiorparietal 7411 5279 13343 2.237 0.575 0.122 0.024 85 7.2
inferiortemporal 5312 3971 12486 2.681 0.713 0.131 0.033 73 7.5
isthmuscingulate 1952 1290 3149 2.078 0.784 0.112 0.026 19 1.9
lateraloccipital 8445 5844 13725 2.069 0.538 0.138 0.031 108 10.4
lateralorbitofrontal 4715 3399 9324 2.527 0.729 0.130 0.031 59 6.1
lingual 3580 2541 5157 1.900 0.580 0.132 0.033 40 4.9
medialorbitofrontal 3085 2171 6318 2.562 0.696 0.121 0.033 50 3.6
middletemporal 7140 5114 16831 2.690 0.695 0.121 0.027 82 7.0
parahippocampal 1392 895 2628 2.537 0.845 0.108 0.033 15 2.0
paracentral 2321 1459 3998 2.543 0.582 0.106 0.029 26 2.4
parsopercularis 2466 1792 5458 2.668 0.439 0.119 0.025 26 2.2
parsorbitalis 1217 777 2335 2.535 0.551 0.092 0.020 11 0.8
parstriangularis 3112 2121 5900 2.476 0.547 0.119 0.024 31 2.9
pericalcarine 1599 1090 1434 1.498 0.372 0.107 0.023 13 1.5
postcentral 8212 5593 12825 2.119 0.637 0.112 0.028 70 8.6
posteriorcingulate 2420 1685 4197 2.350 0.595 0.127 0.028 31 2.7
precentral 8014 5267 15120 2.566 0.572 0.106 0.023 60 7.4
precuneus 6383 4464 11157 2.289 0.552 0.127 0.031 71 7.4
rostralanteriorcingulate 2547 1710 4361 2.461 0.712 0.127 0.039 55 4.1
rostralmiddlefrontal 7027 5019 13797 2.363 0.604 0.127 0.027 83 7.5
superiorfrontal 11644 8148 24732 2.699 0.615 0.122 0.028 115 13.3
superiorparietal 5903 4183 9428 2.006 0.523 0.129 0.028 68 6.5
superiortemporal 9602 6606 20957 2.768 0.745 0.112 0.026 90 10.1
supramarginal 6280 4381 12069 2.514 0.599 0.120 0.028 65 6.7
transversetemporal 871 573 1744 2.621 0.389 0.101 0.027 6 0.8
insula 3338 2265 7673 3.304 0.815 0.104 0.025 23 3.3
