StructName NumVert SurfArea GrayVol ThickAvg ThickStd MeanCurv GausCurv FoldInd CurvInd
caudalanteriorcingulate 1952 1276 3558 2.709 0.661 0.107 0.018 19 1.5
caudalmiddlefrontal 3842 2471 8004 2.768 0.553 0.104 0.021 27 3.3
cuneus 3514 2308 4569 1.892 0.517 0.144 0.033 45 5.0
entorhinal 695 461 1757 2.708 0.936 0.133 0.039 8 1.0
fusiform 5399 3608 10516 2.569 0.603 0.121 0.024 59 5.2
inferiorparietal 9024 6143 16010 2.358 0.524 0.121 0.022 98 8.3
inferiortemporal 4225 2947 9809 2.838 0.675 0.127 0.030 49 5.0
isthmuscingulate 1457 994 2666 2.396 0.827 0.130 0.029 20 1.7
lateraloccipital 8719 5683 13733 2.171 0.535 0.128 0.027 97 9.6
lateralorbitofrontal 4075 2990 9446 2.757 0.731 0.141 0.034 61 5.8
lingual 5253 3544 7525 1.949 0.601 0.133 0.029 59 6.4
medialorbitofrontal 2303 1605 4782 2.604 0.601 0.127 0.032 33 3.2
middletemporal 6720 4489 15915 2.911 0.669 0.112 0.022 63 6.3
parahippocampal 1247 777 2226 2.392 0.684 0.100 0.031 12 1.6
paracentral 2719 1676 4573 2.499 0.580 0.101 0.020 19 2.2
parsopercularis 2126 1395 4903 2.923 0.577 0.101 0.017 17 1.5
parsorbitalis 1127 743 2519 2.874 0.627 0.114 0.018 11 0.9
parstriangularis 2569 1704 5029 2.604 0.527 0.110 0.021 23 2.3
pericalcarine 2387 1631 2214 1.563 0.429 0.124 0.025 22 2.5
postcentral 7757 5040 11856 2.155 0.677 0.116 0.024 74 7.6
posteriorcingulate 1943 1311 3498 2.565 0.629 0.126 0.027 22 2.0
precentral 7429 4557 13051 2.646 0.673 0.108 0.023 58 7.1
precuneus 6498 4419 11306 2.354 0.528 0.125 0.023 73 6.5
rostralanteriorcingulate 1887 1338 4192 2.871 0.687 0.140 0.036 27 2.7
rostralmiddlefrontal 6826 4592 14128 2.616 0.547 0.125 0.025 79 7.1
superiorfrontal 13921 9453 31329 2.845 0.623 0.119 0.024 140 13.6
superiorparietal 7732 5065 11722 2.170 0.439 0.118 0.022 76 7.0
superiortemporal 7540 4899 17679 3.031 0.715 0.100 0.020 58 6.3
supramarginal 6034 4132 12271 2.651 0.532 0.129 0.025 72 6.3
transversetemporal 675 460 1061 2.302 0.605 0.126 0.029 8 0.8
insula 2933 1913 6273 3.206 0.640 0.105 0.023 22 2.5
