StructName NumVert SurfArea GrayVol ThickAvg ThickStd MeanCurv GausCurv FoldInd CurvInd
caudalanteriorcingulate 2167 1394 3548 2.423 0.662 0.105 0.018 19 1.5
caudalmiddlefrontal 4034 2763 7218 2.418 0.471 0.110 0.021 34 3.3
cuneus 3373 2111 4164 1.906 0.476 0.120 0.028 33 4.0
entorhinal 847 583 2618 3.330 0.944 0.115 0.034 7 1.1
fusiform 5553 3892 11231 2.590 0.564 0.130 0.030 66 6.9
inferiorparietal 7480 5138 12899 2.306 0.526 0.121 0.025 80 7.7
inferiortemporal 5448 3803 11687 2.717 0.659 0.125 0.029 64 6.7
isthmuscingulate 1800 1194 2741 2.047 0.751 0.114 0.028 20 1.9
lateraloccipital 8523 5696 12853 2.079 0.500 0.140 0.033 104 11.6
lateralorbitofrontal 4683 3264 8938 2.571 0.624 0.135 0.033 59 6.3
lingual 3757 2619 4799 1.768 0.579 0.135 0.033 43 5.1
medialorbitofrontal 2813 1936 5186 2.399 0.639 0.122 0.029 38 3.2
middletemporal 7107 5075 15997 2.626 0.627 0.124 0.027 89 8.0
parahippocampal 1603 956 2678 2.454 0.785 0.081 0.020 13 1.1
paracentral 2134 1298 3432 2.457 0.523 0.098 0.022 13 1.7
parsopercularis 2553 1779 5117 2.530 0.421 0.123 0.028 28 3.1
parsorbitalis 1229 759 2193 2.485 0.480 0.090 0.017 9 0.8
parstriangularis 3045 2090 5634 2.439 0.471 0.119 0.025 31 3.1
pericalcarine 1620 1125 1363 1.432 0.353 0.121 0.029 15 2.1
postcentral 8220 5429 12657 2.164 0.619 0.107 0.022 67 7.5
posteriorcingulate 2390 1620 3946 2.312 0.636 0.130 0.027 35 2.9
precentral 8196 5267 14668 2.612 0.494 0.104 0.021 56 7.1
precuneus 6697 4496 10746 2.258 0.515 0.127 0.029 72 7.9
rostralanteriorcingulate 2338 1591 4224 2.538 0.585 0.119 0.025 27 2.2
rostralmiddlefrontal 6741 4936 12899 2.271 0.574 0.135 0.032 92 9.1
superiorfrontal 11489 7964 24059 2.676 0.545 0.120 0.026 115 12.5
superiorparietal 6009 4039 9396 2.126 0.512 0.125 0.026 68 6.3
superiortemporal 9288 6442 19753 2.716 0.685 0.115 0.026 96 9.6
supramarginal 6141 4353 11698 2.468 0.560 0.125 0.026 68 6.8
transversetemporal 967 566 1701 2.618 0.402 0.092 0.020 7 0.7
insula 3600 2381 7261 3.114 0.745 0.114 0.031 30 4.7
