StructName NumVert SurfArea GrayVol ThickAvg ThickStd MeanCurv GausCurv FoldInd CurvInd
caudalanteriorcingulate 2042 1303 3299 2.413 0.634 0.108 0.016 19 1.3
caudalmiddlefrontal 4317 2844 7711 2.529 0.428 0.106 0.019 33 3.4
cuneus 3228 2186 4079 1.779 0.512 0.130 0.026 33 3.8
entorhinal 746 554 2571 3.147 1.054 0.128 0.039 8 1.0
fusiform 5688 4016 11943 2.633 0.607 0.130 0.031 70 6.7
inferiorparietal 7797 5435 13090 2.253 0.519 0.122 0.024 83 8.0
inferiortemporal 5229 3853 12080 2.769 0.656 0.128 0.027 59 6.1
isthmuscingulate 1870 1248 2997 2.111 0.730 0.114 0.024 20 1.7
lateraloccipital 8664 5922 13317 2.070 0.523 0.142 0.030 109 11.2
lateralorbitofrontal 4669 3328 9274 2.637 0.653 0.135 0.035 59 6.8
lingual 3670 2584 4776 1.788 0.573 0.136 0.031 41 4.7
medialorbitofrontal 2611 1868 5217 2.555 0.572 0.127 0.033 35 3.6
middletemporal 7408 5189 16886 2.726 0.673 0.122 0.024 81 7.3
parahippocampal 1579 999 2703 2.399 0.882 0.088 0.025 13 1.3
paracentral 2134 1322 3640 2.539 0.516 0.097 0.019 13 1.6
parsopercularis 2686 1808 5427 2.663 0.466 0.111 0.022 27 2.4
parsorbitalis 1175 767 2130 2.404 0.551 0.095 0.019 8 0.8
parstriangularis 3228 2189 5875 2.457 0.519 0.122 0.024 33 3.0
pericalcarine 1687 1125 1276 1.312 0.305 0.107 0.022 13 1.5
postcentral 8534 5510 12618 2.170 0.633 0.105 0.021 64 7.4
posteriorcingulate 2480 1708 4130 2.324 0.644 0.129 0.025 31 2.8
precentral 8292 5237 15426 2.686 0.551 0.100 0.020 54 6.5
precuneus 6576 4520 11283 2.322 0.542 0.126 0.028 67 7.3
rostralanteriorcingulate 2328 1547 4453 2.586 0.538 0.118 0.026 28 2.6
rostralmiddlefrontal 7370 5099 13358 2.372 0.513 0.126 0.024 80 7.4
superiorfrontal 12071 8263 24838 2.668 0.543 0.117 0.024 112 12.1
superiorparietal 6338 4275 9701 2.101 0.503 0.124 0.025 69 6.3
superiortemporal 9562 6479 19742 2.733 0.691 0.113 0.024 90 9.3
supramarginal 6411 4339 11677 2.529 0.562 0.117 0.023 61 6.1
transversetemporal 1005 571 1712 2.601 0.353 0.086 0.018 7 0.6
insula 3532 2329 7337 3.204 0.732 0.100 0.024 27 3.1
