StructName NumVert SurfArea GrayVol ThickAvg ThickStd MeanCurv GausCurv FoldInd CurvInd
caudalanteriorcingulate 2177 1354 3845 2.669 0.602 0.104 0.016 20 1.4
caudalmiddlefrontal 4351 2881 8195 2.650 0.469 0.107 0.020 33 3.8
cuneus 3189 2155 4154 1.822 0.485 0.128 0.025 33 3.5
entorhinal 832 570 2934 3.268 1.008 0.128 0.031 9 1.1
fusiform 5504 3931 11463 2.576 0.610 0.131 0.028 68 6.2
inferiorparietal 7713 5322 12688 2.209 0.523 0.123 0.023 80 8.0
inferiortemporal 5199 3812 11826 2.705 0.647 0.129 0.029 67 6.6
isthmuscingulate 1848 1227 2952 2.088 0.785 0.114 0.027 19 2.0
lateraloccipital 8540 5805 13018 2.043 0.493 0.140 0.029 107 10.4
lateralorbitofrontal 4591 3273 9090 2.676 0.682 0.133 0.032 54 6.1
lingual 3602 2543 4721 1.775 0.578 0.135 0.030 40 4.6
medialorbitofrontal 2599 1879 5299 2.568 0.579 0.125 0.034 34 4.0
middletemporal 7347 5058 16318 2.711 0.696 0.119 0.024 79 7.2
parahippocampal 1705 1023 2775 2.384 0.824 0.080 0.019 11 1.1
paracentral 2244 1364 3743 2.550 0.505 0.095 0.019 13 1.6
parsopercularis 2645 1810 5330 2.646 0.412 0.114 0.023 27 2.4
parsorbitalis 1210 773 2128 2.427 0.521 0.092 0.017 8 0.9
parstriangularis 3135 2143 5637 2.473 0.486 0.122 0.023 30 2.9
pericalcarine 1659 1113 1306 1.361 0.321 0.110 0.023 13 1.6
postcentral 8598 5482 12671 2.171 0.651 0.105 0.021 63 7.6
posteriorcingulate 2541 1703 4158 2.331 0.633 0.126 0.024 29 2.6
precentral 8508 5247 15703 2.726 0.561 0.098 0.019 54 6.7
precuneus 6532 4450 11125 2.316 0.563 0.125 0.026 68 7.1
rostralanteriorcingulate 2322 1566 4490 2.597 0.596 0.114 0.022 24 2.1
rostralmiddlefrontal 7361 5064 13603 2.428 0.499 0.127 0.024 89 7.4
superiorfrontal 11783 8035 24769 2.765 0.559 0.119 0.025 107 12.2
superiorparietal 6252 4276 9621 2.098 0.488 0.124 0.024 67 6.0
superiortemporal 9520 6465 20263 2.768 0.745 0.113 0.023 89 9.2
supramarginal 6407 4326 11881 2.565 0.571 0.115 0.023 60 6.0
transversetemporal 979 563 1705 2.605 0.329 0.092 0.020 8 0.7
insula 3486 2274 7441 3.231 0.749 0.098 0.022 23 3.0
