StructName NumVert SurfArea GrayVol ThickAvg ThickStd MeanCurv GausCurv FoldInd CurvInd
caudalanteriorcingulate 1772 1171 3445 2.802 0.576 0.111 0.023 19 1.7
caudalmiddlefrontal 3728 2475 7440 2.632 0.566 0.111 0.021 30 3.4
cuneus 3606 2363 4575 1.891 0.485 0.143 0.036 46 5.6
entorhinal 643 456 1585 2.591 0.839 0.149 0.050 9 1.2
fusiform 4867 3363 9268 2.490 0.596 0.126 0.027 61 5.8
inferiorparietal 9370 6368 16763 2.413 0.488 0.121 0.023 106 8.7
inferiortemporal 4295 3040 9661 2.656 0.706 0.131 0.032 54 5.7
isthmuscingulate 1543 1058 2683 2.293 0.774 0.131 0.034 20 1.9
lateraloccipital 8694 5579 13799 2.194 0.593 0.127 0.028 98 10.0
lateralorbitofrontal 4240 3015 8221 2.299 0.723 0.147 0.046 67 8.1
lingual 5141 3426 7374 1.977 0.601 0.133 0.031 59 6.7
medialorbitofrontal 2310 1601 4297 2.306 0.806 0.144 0.046 42 3.8
middletemporal 6695 4681 15837 2.861 0.586 0.118 0.023 74 6.6
parahippocampal 1258 788 2194 2.355 0.568 0.090 0.025 9 1.1
paracentral 2752 1745 4700 2.525 0.556 0.109 0.024 22 2.6
parsopercularis 2115 1413 4475 2.685 0.553 0.104 0.021 18 1.8
parsorbitalis 1109 783 2478 2.550 0.664 0.124 0.025 11 1.1
parstriangularis 2435 1692 4598 2.394 0.533 0.119 0.027 23 2.6
pericalcarine 2354 1638 2320 1.629 0.473 0.128 0.028 21 2.9
postcentral 7646 4956 11716 2.130 0.632 0.116 0.025 74 7.6
posteriorcingulate 1964 1344 3531 2.476 0.666 0.128 0.027 23 2.1
precentral 7439 4671 13155 2.614 0.614 0.108 0.025 57 7.7
precuneus 6551 4521 11427 2.348 0.527 0.126 0.025 79 6.7
rostralanteriorcingulate 1711 1269 3678 2.555 0.716 0.140 0.035 27 2.4
rostralmiddlefrontal 6283 4519 12880 2.369 0.598 0.134 0.032 85 8.2
superiorfrontal 13211 9266 30865 2.744 0.710 0.125 0.030 145 16.6
superiorparietal 7678 5067 12006 2.192 0.441 0.122 0.025 81 7.6
superiortemporal 7911 5207 18406 2.949 0.715 0.103 0.023 62 7.7
supramarginal 5846 4028 11724 2.632 0.487 0.127 0.026 71 6.1
transversetemporal 658 449 1165 2.429 0.708 0.129 0.033 8 0.8
insula 2790 1879 5587 2.835 0.600 0.116 0.029 24 3.3
