StructName NumVert SurfArea GrayVol ThickAvg ThickStd MeanCurv GausCurv FoldInd CurvInd
caudalanteriorcingulate 2117 1362 3690 2.543 0.635 0.108 0.015 19 1.4
caudalmiddlefrontal 4222 2836 7811 2.571 0.428 0.111 0.021 36 3.7
cuneus 3225 2143 4020 1.793 0.539 0.126 0.025 31 3.6
entorhinal 745 533 2566 3.109 0.937 0.131 0.036 8 1.1
fusiform 5711 4047 11704 2.616 0.574 0.131 0.030 70 6.8
inferiorparietal 7492 5297 13043 2.281 0.511 0.124 0.023 79 7.6
inferiortemporal 5221 3824 12213 2.798 0.654 0.125 0.026 60 5.9
isthmuscingulate 1899 1283 3069 2.113 0.786 0.117 0.028 21 2.0
lateraloccipital 8701 5839 13251 2.074 0.531 0.138 0.029 107 10.8
lateralorbitofrontal 4567 3246 8971 2.621 0.627 0.133 0.033 53 5.9
lingual 3587 2513 4647 1.786 0.583 0.137 0.031 41 4.6
medialorbitofrontal 2566 1828 5143 2.541 0.583 0.122 0.028 29 2.9
middletemporal 7259 5062 16630 2.766 0.672 0.121 0.024 79 7.2
parahippocampal 1635 1027 2757 2.395 0.810 0.085 0.019 10 1.1
paracentral 2164 1350 3771 2.581 0.516 0.098 0.019 13 1.5
parsopercularis 2551 1730 5285 2.691 0.447 0.111 0.022 25 2.2
parsorbitalis 1107 744 2081 2.419 0.544 0.097 0.017 7 0.8
parstriangularis 3216 2206 5895 2.472 0.491 0.123 0.024 31 3.1
pericalcarine 1647 1083 1180 1.279 0.305 0.109 0.022 14 1.4
postcentral 8553 5512 12620 2.153 0.604 0.106 0.021 68 7.6
posteriorcingulate 2458 1670 4035 2.290 0.650 0.129 0.026 30 2.7
precentral 8273 5237 15529 2.685 0.542 0.100 0.019 53 6.7
precuneus 6607 4563 11309 2.329 0.564 0.129 0.029 68 7.8
rostralanteriorcingulate 2256 1540 4324 2.545 0.565 0.118 0.024 32 2.4
rostralmiddlefrontal 7146 5010 13281 2.384 0.510 0.128 0.025 82 7.7
superiorfrontal 11516 8098 24376 2.674 0.553 0.124 0.026 113 12.7
superiorparietal 5976 4172 9677 2.142 0.495 0.128 0.026 67 6.4
superiortemporal 9533 6488 20126 2.785 0.704 0.113 0.023 88 9.4
supramarginal 6293 4293 11902 2.586 0.559 0.118 0.024 65 6.1
transversetemporal 976 576 1703 2.592 0.347 0.090 0.018 7 0.6
insula 3514 2332 7349 3.187 0.680 0.103 0.023 27 3.3
