StructName NumVert SurfArea GrayVol ThickAvg ThickStd MeanCurv GausCurv FoldInd CurvInd
caudalanteriorcingulate 1727 1132 2955 2.579 0.553 0.113 0.020 19 1.5
caudalmiddlefrontal 3846 2481 7866 2.714 0.574 0.104 0.020 27 3.3
cuneus 3498 2342 4382 1.816 0.503 0.143 0.033 43 5.0
entorhinal 559 358 1583 2.853 0.923 0.126 0.031 5 0.7
fusiform 5194 3550 10361 2.588 0.607 0.122 0.024 58 5.0
inferiorparietal 8973 6116 16351 2.417 0.512 0.121 0.023 99 8.4
inferiortemporal 4233 2986 9614 2.781 0.708 0.126 0.027 49 4.7
isthmuscingulate 1446 1004 2659 2.405 0.794 0.129 0.029 18 1.8
lateraloccipital 9084 5806 14159 2.201 0.571 0.127 0.027 99 9.9
lateralorbitofrontal 4145 2982 8811 2.508 0.692 0.136 0.034 55 5.6
lingual 5341 3579 7700 1.978 0.646 0.133 0.028 59 6.5
medialorbitofrontal 2245 1574 4656 2.577 0.692 0.128 0.031 38 2.5
middletemporal 6648 4441 15820 2.937 0.652 0.111 0.020 65 5.7
parahippocampal 1148 708 2198 2.510 0.813 0.079 0.019 7 0.7
paracentral 2795 1711 4592 2.475 0.554 0.104 0.020 21 2.2
parsopercularis 2042 1358 4690 2.858 0.602 0.103 0.018 16 1.5
parsorbitalis 1137 761 2454 2.677 0.682 0.118 0.020 11 1.0
parstriangularis 2492 1658 4937 2.563 0.574 0.112 0.021 23 2.2
pericalcarine 2390 1657 2180 1.525 0.425 0.127 0.027 23 2.7
postcentral 7734 5004 11885 2.156 0.705 0.115 0.024 74 7.5
posteriorcingulate 1988 1329 3449 2.500 0.609 0.127 0.024 23 2.0
precentral 7140 4389 12729 2.654 0.652 0.106 0.023 56 6.6
precuneus 6368 4450 11091 2.333 0.500 0.130 0.027 78 7.0
rostralanteriorcingulate 1708 1238 3979 2.850 0.700 0.142 0.033 25 2.4
rostralmiddlefrontal 6525 4559 13243 2.467 0.566 0.132 0.027 84 7.4
superiorfrontal 13765 9459 30808 2.763 0.648 0.119 0.024 140 13.8
superiorparietal 7632 5083 11827 2.183 0.442 0.122 0.024 78 7.6
superiortemporal 7659 4967 18129 3.067 0.726 0.100 0.020 60 6.5
supramarginal 5979 4038 12387 2.700 0.536 0.126 0.025 68 6.3
transversetemporal 689 452 1075 2.354 0.632 0.119 0.026 8 0.7
insula 2826 1854 6136 3.193 0.642 0.105 0.022 20 2.5
