StructName NumVert SurfArea GrayVol ThickAvg ThickStd MeanCurv GausCurv FoldInd CurvInd
caudalanteriorcingulate 1423 933 2956 2.840 0.409 0.118 0.015 16 1.0
caudalmiddlefrontal 3233 2212 6193 2.544 0.595 0.110 0.019 26 2.8
cuneus 2607 1746 3392 1.923 0.495 0.140 0.031 30 3.7
entorhinal 549 387 1660 3.160 0.739 0.124 0.024 5 0.6
fusiform 3874 2597 8222 2.827 0.669 0.123 0.029 39 4.6
inferiorparietal 6518 4506 12322 2.459 0.521 0.123 0.025 72 6.8
inferiortemporal 4225 3008 11073 2.948 0.737 0.132 0.029 54 5.3
isthmuscingulate 1323 907 2619 2.731 0.751 0.137 0.034 19 1.9
lateraloccipital 6693 4325 10057 2.130 0.624 0.133 0.031 78 9.0
lateralorbitofrontal 3393 2478 7503 2.765 0.725 0.141 0.030 54 4.1
lingual 4070 2841 5474 1.873 0.615 0.143 0.037 48 6.4
medialorbitofrontal 2082 1458 4201 2.606 0.744 0.120 0.029 26 2.5
middletemporal 4961 3456 11831 2.898 0.708 0.108 0.022 47 4.5
parahippocampal 1191 748 2710 3.051 0.854 0.108 0.023 11 1.1
paracentral 2001 1185 3488 2.627 0.658 0.100 0.019 15 1.6
parsopercularis 1793 1247 3959 2.749 0.492 0.115 0.025 17 1.7
parsorbitalis 931 641 2070 2.847 0.530 0.114 0.022 8 0.9
parstriangularis 2094 1411 4276 2.626 0.527 0.111 0.019 21 1.7
pericalcarine 1819 1306 1520 1.415 0.448 0.148 0.036 23 3.0
postcentral 5952 3878 9580 2.243 0.715 0.108 0.021 52 5.2
posteriorcingulate 1697 1188 2948 2.487 0.600 0.135 0.028 25 2.3
precentral 6601 4223 12842 2.758 0.570 0.109 0.021 56 5.6
precuneus 4520 3064 8267 2.583 0.592 0.127 0.027 47 5.0
rostralanteriorcingulate 1309 938 3253 3.175 0.765 0.121 0.023 15 1.3
rostralmiddlefrontal 4913 3636 9841 2.303 0.592 0.136 0.031 77 6.4
superiorfrontal 9363 6676 21738 2.823 0.705 0.129 0.028 111 10.9
superiorparietal 5887 3938 9717 2.257 0.495 0.117 0.022 56 5.3
superiortemporal 5860 3939 15562 3.227 0.768 0.111 0.022 54 5.5
supramarginal 3818 2692 7903 2.717 0.554 0.125 0.024 39 3.8
transversetemporal 488 323 1005 3.109 0.377 0.118 0.019 4 0.4
insula 2468 1654 5865 3.425 0.719 0.101 0.021 19 2.0
