StructName NumVert SurfArea GrayVol ThickAvg ThickStd MeanCurv GausCurv FoldInd CurvInd
caudalanteriorcingulate 1599 1037 3231 2.836 0.464 0.114 0.019 16 1.3
caudalmiddlefrontal 3403 2249 7197 2.799 0.582 0.108 0.020 28 2.9
cuneus 2483 1714 3578 1.991 0.516 0.141 0.030 30 3.2
entorhinal 585 411 1463 2.870 0.691 0.126 0.029 6 0.7
fusiform 3845 2624 8621 2.855 0.624 0.123 0.026 41 4.1
inferiorparietal 6881 4682 13326 2.509 0.563 0.121 0.022 73 6.5
inferiortemporal 4431 3144 11573 2.896 0.734 0.130 0.028 58 5.3
isthmuscingulate 1431 989 2808 2.538 0.757 0.130 0.030 17 1.9
lateraloccipital 6329 4301 11154 2.289 0.562 0.139 0.029 78 8.1
lateralorbitofrontal 3494 2607 7982 2.765 0.598 0.148 0.037 60 5.2
lingual 3670 2529 6188 2.196 0.668 0.139 0.032 46 4.7
medialorbitofrontal 2112 1540 4673 2.611 0.733 0.122 0.035 33 3.1
middletemporal 5094 3483 12177 2.885 0.728 0.106 0.019 45 4.2
parahippocampal 1148 735 2781 3.079 0.848 0.114 0.022 12 1.1
paracentral 1980 1250 3768 2.638 0.670 0.106 0.022 15 1.7
parsopercularis 1886 1270 4340 2.859 0.589 0.114 0.021 18 1.6
parsorbitalis 923 639 2010 2.746 0.556 0.121 0.024 9 1.0
parstriangularis 2153 1414 4481 2.720 0.614 0.112 0.020 20 1.8
pericalcarine 1738 1206 1815 1.801 0.456 0.136 0.031 18 2.2
postcentral 6230 4007 10463 2.342 0.703 0.109 0.020 58 5.2
posteriorcingulate 1760 1263 3125 2.421 0.621 0.138 0.028 24 2.2
precentral 7049 4464 14004 2.837 0.555 0.109 0.022 59 6.4
precuneus 4438 3130 8767 2.535 0.596 0.134 0.027 51 5.2
rostralanteriorcingulate 1401 983 3323 3.080 0.818 0.119 0.025 18 1.7
rostralmiddlefrontal 5414 3842 11353 2.531 0.565 0.128 0.025 69 5.5
superiorfrontal 10009 7101 23979 2.944 0.626 0.128 0.027 118 10.9
superiorparietal 5859 3959 10226 2.315 0.508 0.116 0.021 59 5.0
superiortemporal 6156 4081 16045 3.135 0.746 0.109 0.021 55 5.4
supramarginal 3919 2668 8460 2.832 0.539 0.123 0.022 41 3.7
transversetemporal 517 344 1009 2.979 0.432 0.115 0.022 5 0.4
insula 2571 1733 6067 3.449 0.710 0.108 0.025 21 2.5
