StructName NumVert SurfArea GrayVol ThickAvg ThickStd MeanCurv GausCurv FoldInd CurvInd
caudalanteriorcingulate 1594 1044 3320 2.825 0.481 0.118 0.019 17 1.2
caudalmiddlefrontal 3473 2298 7369 2.806 0.662 0.110 0.020 29 2.8
cuneus 2522 1732 3364 1.887 0.538 0.142 0.030 30 3.3
entorhinal 534 372 1516 3.186 0.800 0.120 0.025 4 0.5
fusiform 3965 2661 8757 2.860 0.635 0.126 0.027 40 4.5
inferiorparietal 6872 4676 13120 2.487 0.593 0.121 0.023 69 6.4
inferiortemporal 4761 3352 12206 2.901 0.713 0.130 0.028 65 5.7
isthmuscingulate 1320 911 2704 2.619 0.800 0.131 0.029 17 1.6
lateraloccipital 6478 4228 10369 2.207 0.602 0.132 0.028 73 8.1
lateralorbitofrontal 3617 2665 8175 2.788 0.652 0.143 0.036 58 5.6
lingual 3705 2619 5936 2.062 0.648 0.142 0.033 43 5.1
medialorbitofrontal 2061 1491 4417 2.542 0.737 0.123 0.034 32 2.7
middletemporal 5223 3493 12173 2.891 0.754 0.105 0.020 46 4.1
parahippocampal 1173 753 2848 3.113 0.941 0.112 0.025 12 1.2
paracentral 2011 1242 3660 2.595 0.706 0.103 0.022 15 1.7
parsopercularis 1972 1316 4447 2.844 0.592 0.113 0.020 18 1.6
parsorbitalis 940 639 2088 2.846 0.548 0.120 0.022 9 0.9
parstriangularis 2263 1464 4685 2.778 0.646 0.113 0.019 21 1.8
pericalcarine 1813 1251 1564 1.519 0.352 0.145 0.031 22 2.6
postcentral 6390 4062 10171 2.240 0.736 0.107 0.020 56 5.4
posteriorcingulate 1716 1240 3033 2.420 0.604 0.143 0.034 25 2.8
precentral 7139 4457 13935 2.839 0.590 0.109 0.023 58 6.7
precuneus 4511 3104 8619 2.501 0.633 0.129 0.026 48 5.0
rostralanteriorcingulate 1379 1015 3210 2.992 0.755 0.140 0.035 21 2.5
rostralmiddlefrontal 5255 3719 10877 2.500 0.601 0.129 0.026 63 5.6
superiorfrontal 9948 7101 23472 2.890 0.663 0.128 0.028 109 11.3
superiorparietal 5984 3974 10145 2.257 0.579 0.113 0.021 56 5.0
superiortemporal 6200 4089 16141 3.177 0.768 0.110 0.025 92 6.8
supramarginal 4032 2700 8414 2.754 0.576 0.123 0.022 41 3.7
transversetemporal 519 345 996 2.933 0.412 0.126 0.028 6 0.6
insula 2593 1738 5963 3.393 0.665 0.112 0.024 21 2.5
