StructName NumVert SurfArea GrayVol ThickAvg ThickStd MeanCurv GausCurv FoldInd CurvInd
caudalanteriorcingulate 1571 1019 3179 2.851 0.435 0.117 0.018 17 1.2
caudalmiddlefrontal 3406 2232 7280 2.857 0.629 0.106 0.019 27 2.8
cuneus 2488 1740 3369 1.887 0.515 0.144 0.031 30 3.3
entorhinal 525 350 1540 3.237 0.754 0.116 0.023 4 0.5
fusiform 3809 2552 8415 2.838 0.608 0.123 0.026 38 4.1
inferiorparietal 6921 4695 13249 2.481 0.581 0.121 0.023 73 6.5
inferiortemporal 4501 3214 12032 2.948 0.733 0.131 0.026 59 5.1
isthmuscingulate 1405 956 2737 2.570 0.764 0.136 0.031 20 1.9
lateraloccipital 6463 4264 10607 2.204 0.587 0.135 0.029 76 8.0
lateralorbitofrontal 3558 2645 8197 2.797 0.625 0.145 0.033 58 5.5
lingual 3698 2601 5855 2.068 0.637 0.140 0.032 42 4.9
medialorbitofrontal 2197 1520 4458 2.519 0.716 0.116 0.030 30 2.6
middletemporal 5219 3465 12229 2.910 0.750 0.103 0.018 45 4.0
parahippocampal 1220 767 2856 3.062 0.871 0.110 0.020 12 1.0
paracentral 2016 1229 3666 2.605 0.653 0.103 0.020 15 1.6
parsopercularis 1920 1281 4248 2.783 0.581 0.112 0.021 19 1.6
parsorbitalis 954 638 2045 2.745 0.599 0.120 0.023 11 1.0
parstriangularis 2277 1482 4435 2.553 0.620 0.113 0.018 21 1.8
pericalcarine 1758 1189 1604 1.638 0.437 0.136 0.030 19 2.2
postcentral 6367 4006 10384 2.320 0.722 0.105 0.019 54 5.0
posteriorcingulate 1748 1220 3029 2.385 0.681 0.130 0.027 22 2.1
precentral 7166 4412 14123 2.875 0.560 0.106 0.020 57 6.1
precuneus 4520 3105 8491 2.469 0.594 0.130 0.027 50 5.1
rostralanteriorcingulate 1431 1022 3390 2.959 0.642 0.127 0.030 19 2.1
rostralmiddlefrontal 5453 3832 11112 2.487 0.580 0.127 0.025 68 5.6
superiorfrontal 10011 7038 23758 2.915 0.657 0.126 0.026 111 10.7
superiorparietal 5982 3984 10214 2.276 0.538 0.115 0.021 57 5.0
superiortemporal 6179 4055 16344 3.223 0.788 0.106 0.020 53 5.2
supramarginal 3980 2669 8503 2.813 0.583 0.122 0.022 41 3.7
transversetemporal 524 344 1012 2.982 0.439 0.114 0.020 5 0.5
insula 2572 1707 5976 3.416 0.712 0.105 0.023 20 2.4
