StructName NumVert SurfArea GrayVol ThickAvg ThickStd MeanCurv GausCurv FoldInd CurvInd
caudalanteriorcingulate 1641 1054 3295 2.843 0.453 0.115 0.017 17 1.3
caudalmiddlefrontal 3399 2232 7311 2.842 0.640 0.107 0.020 26 2.9
cuneus 2501 1795 3388 1.846 0.528 0.148 0.033 31 3.6
entorhinal 653 461 1332 2.372 0.836 0.135 0.045 7 1.2
fusiform 4074 2735 8745 2.813 0.655 0.125 0.030 43 5.4
inferiorparietal 7061 4769 13653 2.538 0.585 0.120 0.022 72 6.5
inferiortemporal 4605 3248 11896 2.917 0.719 0.131 0.030 62 5.6
isthmuscingulate 1391 989 2773 2.540 0.779 0.137 0.028 20 1.7
lateraloccipital 6556 4394 10920 2.211 0.615 0.138 0.030 77 8.9
lateralorbitofrontal 3552 2594 8133 2.832 0.723 0.142 0.033 52 4.9
lingual 3725 2669 6144 2.058 0.643 0.142 0.034 44 5.1
medialorbitofrontal 2023 1472 4231 2.514 0.727 0.125 0.034 34 2.7
middletemporal 5255 3526 12585 2.916 0.749 0.107 0.020 45 4.4
parahippocampal 1235 769 2824 2.935 0.866 0.118 0.027 14 1.5
paracentral 2012 1271 3669 2.573 0.706 0.105 0.021 14 1.6
parsopercularis 1917 1275 4394 2.903 0.562 0.112 0.021 18 1.6
parsorbitalis 1017 663 2027 2.797 0.628 0.115 0.025 9 1.1
parstriangularis 2311 1503 4890 2.815 0.649 0.112 0.020 22 1.9
pericalcarine 1740 1229 1500 1.502 0.358 0.149 0.033 22 2.5
postcentral 6390 4052 10322 2.284 0.768 0.107 0.020 54 5.4
posteriorcingulate 1802 1267 3085 2.311 0.702 0.131 0.028 24 2.2
precentral 7142 4415 13987 2.859 0.637 0.107 0.022 56 6.4
precuneus 4447 3102 8813 2.511 0.634 0.134 0.027 50 5.2
rostralanteriorcingulate 1382 1003 3355 3.076 0.684 0.124 0.028 19 1.8
rostralmiddlefrontal 5481 3865 11309 2.507 0.613 0.128 0.025 68 5.5
superiorfrontal 10138 7077 24043 2.957 0.690 0.127 0.027 112 11.2
superiorparietal 5922 3974 10280 2.295 0.591 0.116 0.021 56 5.2
superiortemporal 6227 4144 16322 3.243 0.759 0.110 0.023 56 5.9
supramarginal 3992 2676 8530 2.874 0.561 0.120 0.022 38 3.7
transversetemporal 508 333 994 3.062 0.396 0.127 0.028 5 0.5
insula 2622 1744 6101 3.493 0.650 0.107 0.024 21 2.5
