StructName NumVert SurfArea GrayVol ThickAvg ThickStd MeanCurv GausCurv FoldInd CurvInd
caudalanteriorcingulate 1610 1036 3227 2.819 0.451 0.117 0.018 16 1.3
caudalmiddlefrontal 3452 2256 7330 2.836 0.624 0.108 0.019 27 2.8
cuneus 2516 1753 3430 1.887 0.526 0.144 0.031 30 3.4
entorhinal 621 421 1532 2.905 0.736 0.118 0.035 5 0.8
fusiform 3857 2603 8487 2.837 0.600 0.122 0.025 38 4.2
inferiorparietal 6893 4703 13389 2.504 0.564 0.121 0.023 71 6.5
inferiortemporal 4647 3263 11955 2.922 0.722 0.128 0.026 56 5.1
isthmuscingulate 1433 982 2802 2.580 0.739 0.135 0.030 21 1.8
lateraloccipital 6479 4288 10485 2.210 0.575 0.136 0.029 76 8.2
lateralorbitofrontal 3781 2757 8041 2.682 0.713 0.147 0.039 68 6.2
lingual 3741 2633 5839 2.054 0.657 0.141 0.032 44 4.8
medialorbitofrontal 2263 1645 4671 2.481 0.715 0.128 0.038 36 3.5
middletemporal 5302 3547 12468 2.893 0.747 0.105 0.018 47 4.0
parahippocampal 1242 806 2812 2.953 0.822 0.118 0.026 13 1.5
paracentral 2115 1274 3813 2.606 0.648 0.102 0.022 16 1.7
parsopercularis 1968 1325 4408 2.791 0.552 0.114 0.021 18 1.7
parsorbitalis 935 641 2096 2.857 0.620 0.120 0.024 8 0.9
parstriangularis 2244 1509 4689 2.685 0.580 0.116 0.019 22 1.8
pericalcarine 1763 1208 1552 1.572 0.379 0.143 0.032 20 2.4
postcentral 6340 4041 10188 2.260 0.706 0.107 0.020 53 5.2
posteriorcingulate 1738 1224 3094 2.399 0.678 0.134 0.026 23 2.1
precentral 7051 4385 13608 2.807 0.574 0.107 0.021 58 6.1
precuneus 4463 3089 8466 2.489 0.578 0.134 0.027 51 5.1
rostralanteriorcingulate 1450 1041 3466 2.996 0.789 0.136 0.031 24 2.2
rostralmiddlefrontal 5491 3810 11436 2.578 0.556 0.126 0.024 68 5.4
superiorfrontal 10245 7171 23986 2.930 0.632 0.127 0.027 118 11.4
superiorparietal 5904 3982 10125 2.266 0.533 0.117 0.021 58 5.1
superiortemporal 6175 4129 15937 3.208 0.734 0.111 0.023 54 5.9
supramarginal 4099 2766 8667 2.796 0.537 0.121 0.022 41 3.7
transversetemporal 518 345 981 2.928 0.448 0.124 0.025 5 0.5
insula 2596 1759 5922 3.408 0.642 0.107 0.024 22 2.4
