StructName NumVert SurfArea GrayVol ThickAvg ThickStd MeanCurv GausCurv FoldInd CurvInd
caudalanteriorcingulate 1566 1022 3185 2.853 0.459 0.120 0.020 16 1.3
caudalmiddlefrontal 3393 2253 7170 2.788 0.605 0.107 0.020 26 2.8
cuneus 2516 1752 3491 1.915 0.502 0.144 0.031 30 3.3
entorhinal 544 364 1571 3.125 0.810 0.116 0.035 4 0.7
fusiform 3845 2588 8252 2.812 0.612 0.123 0.027 39 4.4
inferiorparietal 6806 4700 13019 2.466 0.568 0.123 0.023 72 6.5
inferiortemporal 4445 3101 11440 2.853 0.767 0.129 0.029 53 5.6
isthmuscingulate 1324 922 2659 2.605 0.809 0.133 0.027 17 1.5
lateraloccipital 6408 4277 10918 2.273 0.583 0.136 0.029 77 8.0
lateralorbitofrontal 3639 2673 7672 2.554 0.686 0.148 0.041 59 6.3
lingual 3727 2612 5951 2.072 0.648 0.139 0.031 45 4.7
medialorbitofrontal 2085 1487 4373 2.536 0.736 0.118 0.032 29 2.6
middletemporal 5187 3471 12266 2.898 0.729 0.104 0.019 43 4.1
parahippocampal 1149 736 2668 2.950 1.002 0.121 0.030 13 1.5
paracentral 2042 1254 3797 2.646 0.651 0.104 0.020 15 1.6
parsopercularis 1882 1278 4355 2.852 0.607 0.113 0.020 18 1.6
parsorbitalis 1034 682 2046 2.482 0.697 0.118 0.031 10 1.3
parstriangularis 2171 1433 4444 2.696 0.641 0.114 0.020 21 1.9
pericalcarine 1741 1219 1643 1.624 0.394 0.143 0.033 20 2.4
postcentral 6305 4014 10413 2.327 0.743 0.106 0.019 53 5.0
posteriorcingulate 1745 1262 3097 2.400 0.687 0.140 0.027 28 2.1
precentral 6960 4382 13901 2.854 0.587 0.108 0.021 55 5.8
precuneus 4488 3121 8505 2.487 0.602 0.135 0.026 53 5.1
rostralanteriorcingulate 1395 991 3354 3.048 0.778 0.133 0.032 23 2.3
rostralmiddlefrontal 5397 3811 11021 2.473 0.597 0.129 0.025 67 5.5
superiorfrontal 9964 7058 23437 2.887 0.684 0.128 0.027 114 11.5
superiorparietal 5851 3994 10048 2.271 0.524 0.118 0.021 58 5.1
superiortemporal 6327 4241 15641 3.012 0.764 0.112 0.025 58 6.4
supramarginal 4002 2684 8513 2.825 0.561 0.120 0.023 41 3.8
transversetemporal 551 345 1071 3.095 0.452 0.109 0.022 5 0.4
insula 2600 1768 5893 3.349 0.707 0.114 0.026 22 2.7
