StructName NumVert SurfArea GrayVol ThickAvg ThickStd MeanCurv GausCurv FoldInd CurvInd
caudalanteriorcingulate 1529 991 3029 2.748 0.477 0.119 0.018 17 1.2
caudalmiddlefrontal 3277 2204 6762 2.671 0.631 0.109 0.019 27 2.7
cuneus 2571 1813 3292 1.818 0.569 0.146 0.032 31 3.5
entorhinal 537 373 1469 2.975 0.796 0.110 0.021 3 0.4
fusiform 3936 2691 8774 2.841 0.670 0.124 0.027 41 4.4
inferiorparietal 6987 4740 13628 2.584 0.574 0.121 0.023 71 6.5
inferiortemporal 4684 3343 12452 2.965 0.743 0.130 0.027 61 5.3
isthmuscingulate 1384 953 2812 2.640 0.781 0.130 0.027 18 1.5
lateraloccipital 6825 4472 10293 2.116 0.659 0.137 0.030 79 9.2
lateralorbitofrontal 3674 2752 7944 2.663 0.673 0.145 0.036 55 5.9
lingual 3866 2794 5547 1.897 0.622 0.145 0.035 46 5.7
medialorbitofrontal 2319 1595 4448 2.377 0.730 0.122 0.032 64 3.4
middletemporal 5304 3552 12741 2.965 0.723 0.104 0.019 44 4.0
parahippocampal 1169 741 2812 3.062 0.849 0.112 0.022 11 1.1
paracentral 1970 1223 3723 2.645 0.646 0.104 0.020 15 1.5
parsopercularis 1907 1311 4155 2.644 0.624 0.118 0.021 18 1.7
parsorbitalis 939 654 1997 2.589 0.636 0.127 0.024 10 1.1
parstriangularis 2191 1483 4434 2.516 0.670 0.118 0.019 22 1.8
pericalcarine 1826 1276 1380 1.350 0.356 0.149 0.034 24 2.6
postcentral 6162 3990 10198 2.279 0.743 0.110 0.020 56 5.3
posteriorcingulate 1727 1241 2955 2.308 0.635 0.144 0.032 28 2.5
precentral 6703 4296 13521 2.812 0.603 0.109 0.022 54 5.9
precuneus 4484 3107 8704 2.507 0.651 0.131 0.026 50 5.0
rostralanteriorcingulate 1407 1039 3297 2.890 0.804 0.139 0.031 28 2.2
rostralmiddlefrontal 5156 3773 10357 2.305 0.653 0.133 0.026 70 5.8
superiorfrontal 9587 7047 22681 2.785 0.720 0.133 0.028 118 11.4
superiorparietal 6009 4034 10447 2.323 0.559 0.116 0.021 56 5.1
superiortemporal 6152 4084 16170 3.241 0.772 0.110 0.022 53 5.7
supramarginal 3892 2683 8469 2.839 0.566 0.125 0.023 40 3.8
transversetemporal 532 347 1020 3.059 0.430 0.123 0.028 5 0.6
insula 2589 1709 5877 3.446 0.674 0.106 0.023 20 2.4
