StructName NumVert SurfArea GrayVol ThickAvg ThickStd MeanCurv GausCurv FoldInd CurvInd
caudalanteriorcingulate 1595 1086 3396 2.781 0.517 0.118 0.021 16 1.3
caudalmiddlefrontal 3475 2346 7802 2.669 0.796 0.111 0.023 29 3.3
cuneus 2229 1655 3852 2.142 0.481 0.146 0.037 31 2.8
entorhinal 546 393 1568 2.939 0.827 0.124 0.026 5 0.5
fusiform 3686 2595 8551 2.779 0.625 0.126 0.029 45 4.3
inferiorparietal 6773 4642 13822 2.493 0.659 0.120 0.023 73 6.3
inferiortemporal 4572 3310 12265 2.831 0.812 0.127 0.027 57 5.0
isthmuscingulate 1388 953 2877 2.608 0.809 0.128 0.028 18 1.6
lateraloccipital 6334 4363 10606 2.188 0.590 0.138 0.032 78 8.8
lateralorbitofrontal 3616 2734 8209 2.672 0.741 0.145 0.036 63 5.2
lingual 3228 2459 6454 2.333 0.652 0.147 0.033 44 4.9
medialorbitofrontal 2466 1663 4891 2.492 0.774 0.123 0.037 34 3.8
middletemporal 5495 3721 13191 2.833 0.817 0.105 0.021 50 4.6
parahippocampal 1120 765 2845 3.082 0.878 0.115 0.024 13 1.2
paracentral 2122 1387 4027 2.596 0.718 0.118 0.032 23 2.5
parsopercularis 1858 1327 4238 2.689 0.632 0.117 0.028 18 1.9
parsorbitalis 927 638 2045 2.672 0.647 0.119 0.023 9 0.9
parstriangularis 2289 1514 4872 2.697 0.705 0.110 0.021 24 1.8
pericalcarine 1444 1014 1793 2.002 0.572 0.128 0.028 13 1.8
postcentral 6360 4159 10537 2.242 0.743 0.110 0.026 60 6.5
posteriorcingulate 1792 1268 3238 2.406 0.696 0.130 0.025 25 2.0
precentral 6834 4443 14252 2.790 0.627 0.107 0.026 58 6.6
precuneus 4297 3057 8654 2.481 0.606 0.129 0.026 47 4.7
rostralanteriorcingulate 1489 1050 3639 3.050 0.874 0.121 0.026 17 1.6
rostralmiddlefrontal 5122 3679 11120 2.440 0.704 0.127 0.028 65 5.4
superiorfrontal 9973 7127 24547 2.875 0.757 0.127 0.030 117 11.4
superiorparietal 5867 3987 10763 2.266 0.603 0.113 0.022 56 4.8
superiortemporal 6566 4494 16114 2.960 0.873 0.118 0.030 65 8.3
supramarginal 4079 2784 8948 2.735 0.689 0.120 0.027 46 4.2
transversetemporal 544 351 1097 3.018 0.405 0.098 0.018 3 0.4
insula 2460 1707 6133 3.394 0.782 0.109 0.026 21 2.5
