StructName NumVert SurfArea GrayVol ThickAvg ThickStd MeanCurv GausCurv FoldInd CurvInd
caudalanteriorcingulate 1621 1034 3187 2.847 0.449 0.113 0.017 15 1.2
caudalmiddlefrontal 3509 2301 7582 2.886 0.624 0.104 0.017 27 2.6
cuneus 2534 1754 3502 1.944 0.544 0.141 0.030 30 3.2
entorhinal 583 388 1682 3.134 0.809 0.112 0.023 4 0.5
fusiform 3821 2585 8351 2.827 0.607 0.121 0.026 38 4.2
inferiorparietal 6990 4710 13355 2.483 0.553 0.120 0.022 76 6.4
inferiortemporal 4726 3304 11987 2.908 0.745 0.128 0.027 69 5.5
isthmuscingulate 1373 955 2732 2.598 0.718 0.136 0.032 20 1.9
lateraloccipital 6832 4440 11025 2.221 0.580 0.133 0.028 80 8.6
lateralorbitofrontal 3487 2564 8084 2.870 0.645 0.144 0.033 55 4.8
lingual 3795 2662 5881 2.028 0.647 0.139 0.031 43 5.1
medialorbitofrontal 2012 1465 4220 2.560 0.726 0.120 0.033 29 2.8
middletemporal 5411 3567 12493 2.919 0.722 0.101 0.018 47 3.9
parahippocampal 1168 763 2760 3.057 0.968 0.121 0.027 15 1.4
paracentral 2074 1261 3778 2.608 0.673 0.101 0.018 15 1.4
parsopercularis 1990 1315 4511 2.859 0.546 0.110 0.020 19 1.7
parsorbitalis 949 635 2077 2.818 0.565 0.120 0.023 10 0.9
parstriangularis 2337 1517 4860 2.751 0.566 0.113 0.019 24 1.8
pericalcarine 1739 1193 1642 1.680 0.473 0.138 0.031 19 2.4
postcentral 6404 4049 10543 2.306 0.686 0.107 0.020 57 5.3
posteriorcingulate 1731 1246 3118 2.432 0.637 0.140 0.031 25 2.4
precentral 7098 4362 13983 2.888 0.573 0.104 0.021 57 6.1
precuneus 4455 3129 8500 2.476 0.558 0.134 0.026 51 5.0
rostralanteriorcingulate 1466 1029 3358 3.032 0.700 0.129 0.032 24 2.1
rostralmiddlefrontal 5457 3804 11293 2.554 0.571 0.126 0.024 68 5.3
superiorfrontal 10201 7162 23683 2.892 0.649 0.125 0.026 112 10.8
superiorparietal 6017 3988 10312 2.304 0.515 0.115 0.021 58 5.1
superiortemporal 6270 4119 16273 3.232 0.777 0.108 0.021 57 5.5
supramarginal 4152 2798 8733 2.760 0.546 0.122 0.023 44 3.9
transversetemporal 527 341 994 3.002 0.442 0.127 0.023 6 0.5
insula 2555 1745 6043 3.433 0.692 0.113 0.025 23 2.7
