StructName NumVert SurfArea GrayVol ThickAvg ThickStd MeanCurv GausCurv FoldInd CurvInd
caudalanteriorcingulate 1593 1036 3238 2.881 0.464 0.117 0.017 17 1.2
caudalmiddlefrontal 3333 2245 6682 2.633 0.555 0.110 0.020 27 2.9
cuneus 2584 1790 3480 1.918 0.498 0.144 0.031 30 3.5
entorhinal 607 415 1553 2.934 0.672 0.114 0.022 5 0.5
fusiform 3849 2627 8332 2.785 0.598 0.124 0.025 40 4.1
inferiorparietal 6876 4664 13085 2.552 0.520 0.121 0.022 75 6.2
inferiortemporal 4499 3250 11319 2.840 0.664 0.132 0.027 63 5.1
isthmuscingulate 1473 1006 2727 2.509 0.767 0.130 0.028 20 1.7
lateraloccipital 6514 4280 10352 2.182 0.574 0.135 0.029 75 8.1
lateralorbitofrontal 3610 2620 7954 2.733 0.695 0.136 0.033 55 4.8
lingual 3779 2561 5964 2.116 0.632 0.137 0.033 44 5.1
medialorbitofrontal 1987 1449 4124 2.458 0.658 0.119 0.031 24 2.5
middletemporal 5050 3540 12008 2.866 0.613 0.109 0.020 51 4.2
parahippocampal 1112 720 2658 3.076 0.790 0.112 0.023 11 1.0
paracentral 2047 1233 3719 2.697 0.641 0.104 0.020 16 1.6
parsopercularis 1878 1284 4092 2.760 0.464 0.115 0.021 19 1.7
parsorbitalis 939 654 2050 2.702 0.554 0.124 0.024 10 1.0
parstriangularis 2114 1458 4259 2.553 0.508 0.120 0.021 22 1.9
pericalcarine 1810 1262 1435 1.404 0.380 0.149 0.034 23 2.6
postcentral 6192 4008 10137 2.272 0.661 0.109 0.020 57 5.1
posteriorcingulate 1851 1296 3073 2.371 0.668 0.131 0.025 26 2.0
precentral 6929 4411 13392 2.753 0.538 0.110 0.021 60 6.0
precuneus 4526 3104 8744 2.581 0.578 0.132 0.027 49 5.3
rostralanteriorcingulate 1386 974 3235 3.058 0.695 0.118 0.025 16 1.3
rostralmiddlefrontal 5199 3798 10572 2.402 0.562 0.132 0.027 76 5.4
superiorfrontal 9927 7160 23632 2.886 0.649 0.131 0.028 124 11.1
superiorparietal 6003 3957 10374 2.345 0.535 0.116 0.021 55 5.1
superiortemporal 6114 4052 15742 3.183 0.733 0.109 0.021 57 5.2
supramarginal 4004 2731 8335 2.761 0.479 0.124 0.023 42 3.9
transversetemporal 518 341 1031 3.105 0.445 0.118 0.021 5 0.4
insula 2573 1737 5773 3.294 0.677 0.107 0.022 21 2.2
