StructName NumVert SurfArea GrayVol ThickAvg ThickStd MeanCurv GausCurv FoldInd CurvInd
caudalanteriorcingulate 1815 1172 3089 2.502 0.503 0.102 0.016 16 1.2
caudalmiddlefrontal 3537 2342 6626 2.626 0.402 0.106 0.019 27 2.9
cuneus 3308 2297 4136 1.721 0.456 0.145 0.031 43 4.4
entorhinal 526 325 1560 3.249 0.919 0.112 0.042 10 0.9
fusiform 4097 2803 8631 2.766 0.680 0.125 0.028 50 4.6
inferiorparietal 6434 4425 11795 2.384 0.539 0.125 0.024 74 6.3
inferiortemporal 3860 2762 10804 3.067 0.731 0.125 0.025 44 4.2
isthmuscingulate 1414 964 2415 2.302 0.821 0.139 0.035 20 2.0
lateraloccipital 7209 4892 11693 2.084 0.611 0.140 0.029 93 9.0
lateralorbitofrontal 3898 2736 8022 2.683 0.628 0.131 0.031 49 5.2
lingual 4772 3400 6578 1.875 0.622 0.151 0.038 66 7.7
medialorbitofrontal 2157 1577 4836 2.627 0.676 0.143 0.034 38 3.2
middletemporal 5815 3966 13668 2.843 0.711 0.120 0.022 64 5.3
parahippocampal 1049 646 1853 2.449 0.749 0.101 0.033 13 1.6
paracentral 2243 1472 3668 2.380 0.484 0.114 0.021 18 1.9
parsopercularis 1750 1178 3080 2.478 0.423 0.113 0.023 16 1.5
parsorbitalis 1086 737 2379 2.610 0.589 0.128 0.023 14 1.0
parstriangularis 2154 1453 3984 2.400 0.588 0.118 0.021 24 2.0
pericalcarine 2180 1465 1964 1.543 0.388 0.140 0.035 25 3.2
postcentral 7877 5290 11862 2.115 0.647 0.121 0.025 85 8.3
posteriorcingulate 1752 1220 3014 2.460 0.564 0.139 0.031 23 2.3
precentral 6609 4222 11808 2.541 0.514 0.106 0.020 52 5.4
precuneus 5243 3647 8957 2.331 0.523 0.126 0.026 56 5.8
rostralanteriorcingulate 1689 1152 3797 2.939 0.711 0.125 0.026 19 1.8
rostralmiddlefrontal 5804 4047 10746 2.403 0.543 0.130 0.026 73 6.5
superiorfrontal 11764 8114 25161 2.671 0.558 0.121 0.024 119 11.5
superiorparietal 6523 4471 10164 2.101 0.417 0.122 0.023 73 6.4
superiortemporal 7671 5112 18049 2.973 0.730 0.116 0.023 71 7.2
supramarginal 5241 3589 10085 2.567 0.503 0.124 0.025 54 5.5
transversetemporal 849 547 1562 2.492 0.390 0.135 0.029 10 0.9
insula 3324 2207 6529 3.035 0.652 0.104 0.022 24 2.9
