StructName NumVert SurfArea GrayVol ThickAvg ThickStd MeanCurv GausCurv FoldInd CurvInd
caudalanteriorcingulate 1842 1166 3029 2.507 0.544 0.099 0.015 16 1.3
caudalmiddlefrontal 3432 2300 6534 2.595 0.495 0.108 0.021 29 2.9
cuneus 3274 2287 3864 1.672 0.421 0.145 0.032 41 4.4
entorhinal 531 368 1601 3.169 0.937 0.132 0.044 6 0.7
fusiform 3889 2692 8110 2.801 0.582 0.123 0.025 49 3.8
inferiorparietal 6651 4514 11817 2.389 0.528 0.123 0.024 77 6.5
inferiortemporal 4247 2947 10885 3.023 0.671 0.124 0.027 48 4.6
isthmuscingulate 1287 906 2184 2.321 0.746 0.149 0.038 20 2.1
lateraloccipital 7236 4922 11166 2.017 0.576 0.140 0.029 92 9.0
lateralorbitofrontal 3785 2689 7974 2.737 0.678 0.141 0.038 56 6.2
lingual 4672 3356 6479 1.893 0.614 0.149 0.037 63 7.1
medialorbitofrontal 2125 1523 4805 2.663 0.769 0.134 0.035 28 3.3
middletemporal 5685 3950 13028 2.800 0.656 0.122 0.023 68 5.4
parahippocampal 969 587 1868 2.749 0.735 0.082 0.019 6 0.5
paracentral 2227 1447 3451 2.303 0.554 0.116 0.021 18 1.9
parsopercularis 1781 1202 3221 2.571 0.404 0.112 0.022 18 1.5
parsorbitalis 1131 761 2466 2.723 0.618 0.127 0.027 13 1.3
parstriangularis 2198 1476 4137 2.470 0.587 0.118 0.023 22 2.1
pericalcarine 2160 1448 1954 1.590 0.501 0.139 0.035 26 3.2
postcentral 7861 5202 11615 2.100 0.672 0.119 0.025 83 8.5
posteriorcingulate 1752 1218 3065 2.494 0.565 0.135 0.030 22 2.3
precentral 6681 4300 11470 2.464 0.567 0.108 0.021 55 5.8
precuneus 5272 3591 8502 2.269 0.514 0.123 0.026 53 5.7
rostralanteriorcingulate 1605 1101 3549 2.875 0.768 0.129 0.033 19 2.3
rostralmiddlefrontal 5408 3922 10880 2.455 0.566 0.133 0.030 70 6.6
superiorfrontal 11442 8021 25318 2.705 0.574 0.124 0.027 115 13.1
superiorparietal 6786 4538 9829 2.006 0.455 0.121 0.024 68 6.8
superiortemporal 7586 5140 18059 2.946 0.722 0.118 0.024 75 7.6
supramarginal 5316 3611 10109 2.558 0.510 0.122 0.025 52 5.4
transversetemporal 855 545 1578 2.581 0.489 0.136 0.037 10 1.1
insula 3312 2286 6764 3.097 0.703 0.113 0.026 26 3.6
