StructName NumVert SurfArea GrayVol ThickAvg ThickStd MeanCurv GausCurv FoldInd CurvInd
caudalanteriorcingulate 1821 1149 3167 2.584 0.551 0.098 0.016 16 1.2
caudalmiddlefrontal 3601 2341 6843 2.623 0.496 0.103 0.019 28 2.7
cuneus 3363 2235 3929 1.701 0.428 0.139 0.032 43 4.4
entorhinal 607 385 1989 3.460 0.794 0.118 0.039 6 0.8
fusiform 3882 2655 7661 2.680 0.556 0.124 0.029 49 4.2
inferiorparietal 6843 4625 11895 2.321 0.515 0.124 0.023 80 6.6
inferiortemporal 4201 2858 10863 2.999 0.662 0.120 0.025 50 4.5
isthmuscingulate 1388 944 2194 2.180 0.786 0.141 0.033 22 1.9
lateraloccipital 7327 4884 11233 2.034 0.554 0.137 0.030 94 9.2
lateralorbitofrontal 3920 2761 8038 2.691 0.585 0.134 0.035 54 5.1
lingual 4693 3230 6529 1.937 0.618 0.144 0.036 62 7.0
medialorbitofrontal 2253 1643 4716 2.575 0.581 0.139 0.034 37 3.1
middletemporal 5879 4018 13317 2.809 0.671 0.120 0.022 65 5.6
parahippocampal 1023 627 1974 2.724 0.667 0.084 0.018 5 0.7
paracentral 2272 1443 3502 2.322 0.524 0.110 0.020 18 1.8
parsopercularis 1736 1168 3089 2.535 0.401 0.109 0.022 17 1.4
parsorbitalis 1087 732 2328 2.650 0.501 0.128 0.024 15 1.1
parstriangularis 2181 1473 3988 2.376 0.587 0.119 0.022 24 2.1
pericalcarine 2212 1499 2082 1.597 0.428 0.138 0.033 25 3.0
postcentral 8125 5212 11508 2.082 0.691 0.114 0.023 76 7.8
posteriorcingulate 1832 1248 3030 2.347 0.581 0.136 0.030 25 2.3
precentral 6814 4239 11430 2.491 0.491 0.102 0.019 52 5.3
precuneus 5406 3625 8451 2.240 0.520 0.122 0.026 56 5.9
rostralanteriorcingulate 1723 1168 3509 2.759 0.690 0.131 0.030 24 2.4
rostralmiddlefrontal 5782 4029 10742 2.363 0.556 0.129 0.025 80 5.9
superiorfrontal 12035 8074 25114 2.674 0.575 0.118 0.023 118 11.8
superiorparietal 6803 4491 9693 2.012 0.452 0.120 0.022 68 6.4
superiortemporal 7576 5017 17611 2.944 0.709 0.114 0.022 71 6.9
supramarginal 5287 3561 9831 2.540 0.499 0.123 0.025 57 5.4
transversetemporal 865 521 1556 2.530 0.396 0.130 0.027 10 0.9
insula 3404 2275 6483 2.936 0.646 0.105 0.023 28 3.2
