StructName NumVert SurfArea GrayVol ThickAvg ThickStd MeanCurv GausCurv FoldInd CurvInd
caudalanteriorcingulate 1869 1168 3071 2.528 0.500 0.098 0.014 15 1.1
caudalmiddlefrontal 3646 2385 6718 2.617 0.412 0.103 0.018 28 2.7
cuneus 3231 2196 3837 1.679 0.393 0.138 0.030 40 4.0
entorhinal 544 323 1529 3.213 0.927 0.112 0.043 7 1.1
fusiform 4046 2771 8125 2.613 0.677 0.127 0.031 53 5.8
inferiorparietal 6458 4498 11295 2.279 0.517 0.128 0.024 75 6.5
inferiortemporal 3854 2749 10004 2.859 0.725 0.128 0.026 47 4.3
isthmuscingulate 1375 937 2242 2.224 0.851 0.137 0.035 24 1.9
lateraloccipital 7159 4844 10903 1.990 0.567 0.139 0.028 93 8.5
lateralorbitofrontal 3886 2702 7890 2.656 0.653 0.127 0.030 46 4.6
lingual 4741 3270 6601 1.902 0.614 0.143 0.037 63 7.0
medialorbitofrontal 2174 1576 4515 2.479 0.677 0.140 0.033 36 2.7
middletemporal 5806 3922 13194 2.768 0.757 0.118 0.021 61 5.2
parahippocampal 1032 620 1878 2.559 0.735 0.088 0.020 8 0.8
paracentral 2318 1472 3554 2.315 0.502 0.110 0.020 19 1.9
parsopercularis 1795 1192 3172 2.530 0.417 0.108 0.020 16 1.4
parsorbitalis 1089 726 2325 2.593 0.605 0.129 0.023 13 1.1
parstriangularis 2210 1463 3897 2.347 0.600 0.116 0.021 22 2.0
pericalcarine 2131 1394 2053 1.647 0.475 0.130 0.031 23 2.8
postcentral 7946 5172 11461 2.074 0.665 0.116 0.024 76 8.1
posteriorcingulate 1812 1242 3115 2.430 0.527 0.134 0.030 23 2.3
precentral 6871 4303 11764 2.527 0.528 0.103 0.020 51 5.4
precuneus 5329 3646 8660 2.250 0.520 0.122 0.025 53 5.7
rostralanteriorcingulate 1829 1221 3772 2.857 0.737 0.121 0.026 19 1.9
rostralmiddlefrontal 5774 3967 10651 2.410 0.579 0.129 0.025 71 6.0
superiorfrontal 12014 8106 25025 2.658 0.581 0.118 0.023 118 11.6
superiorparietal 6672 4484 9816 2.030 0.432 0.119 0.022 67 6.3
superiortemporal 7649 5059 17465 2.931 0.748 0.113 0.022 69 6.7
supramarginal 5259 3601 9553 2.439 0.503 0.124 0.026 54 5.8
transversetemporal 875 533 1536 2.537 0.423 0.130 0.028 10 0.9
insula 3334 2211 6537 3.030 0.667 0.110 0.026 27 3.8
