StructName NumVert SurfArea GrayVol ThickAvg ThickStd MeanCurv GausCurv FoldInd CurvInd
caudalanteriorcingulate 1954 1238 3421 2.585 0.543 0.100 0.016 16 1.4
caudalmiddlefrontal 3658 2413 6906 2.657 0.433 0.107 0.019 30 3.1
cuneus 3208 2203 3861 1.670 0.418 0.140 0.030 40 4.1
entorhinal 518 333 1671 3.424 0.921 0.123 0.043 9 1.1
fusiform 4081 2750 8570 2.786 0.620 0.124 0.027 48 4.8
inferiorparietal 6435 4500 11515 2.308 0.531 0.127 0.024 77 6.2
inferiortemporal 3859 2769 10690 3.065 0.754 0.124 0.026 45 4.0
isthmuscingulate 1359 946 2375 2.331 0.824 0.136 0.032 18 1.9
lateraloccipital 6903 4734 10856 2.035 0.567 0.141 0.028 93 8.3
lateralorbitofrontal 3880 2714 8126 2.696 0.669 0.131 0.030 49 4.8
lingual 4836 3372 6529 1.863 0.591 0.146 0.038 65 7.7
medialorbitofrontal 2196 1600 4739 2.581 0.711 0.146 0.038 39 3.3
middletemporal 5833 3935 13340 2.828 0.727 0.117 0.021 61 5.5
parahippocampal 1053 652 2015 2.588 0.736 0.091 0.024 7 0.9
paracentral 2305 1456 3598 2.355 0.508 0.108 0.019 19 1.7
parsopercularis 1770 1198 3236 2.519 0.438 0.113 0.021 17 1.5
parsorbitalis 1076 716 2309 2.650 0.543 0.126 0.024 13 1.1
parstriangularis 2200 1470 4011 2.448 0.598 0.117 0.020 23 2.0
pericalcarine 2102 1409 1939 1.562 0.426 0.136 0.031 24 2.7
postcentral 7957 5218 11936 2.120 0.673 0.117 0.022 76 7.6
posteriorcingulate 1779 1218 3075 2.493 0.509 0.136 0.031 23 2.4
precentral 6824 4291 11814 2.538 0.530 0.104 0.020 53 5.5
precuneus 5237 3574 8712 2.300 0.532 0.123 0.025 53 5.5
rostralanteriorcingulate 1686 1125 3541 2.880 0.696 0.123 0.027 20 2.1
rostralmiddlefrontal 5753 3959 10802 2.454 0.546 0.128 0.025 74 5.8
superiorfrontal 12010 8137 25354 2.695 0.568 0.120 0.024 121 11.8
superiorparietal 6450 4441 9708 2.034 0.430 0.122 0.022 71 6.0
superiortemporal 7599 5071 17525 2.978 0.695 0.117 0.022 70 7.1
supramarginal 5184 3567 9730 2.533 0.485 0.125 0.025 54 5.4
transversetemporal 907 561 1576 2.498 0.476 0.132 0.031 11 1.1
insula 3310 2240 6585 3.038 0.615 0.110 0.024 28 3.2
