StructName NumVert SurfArea GrayVol ThickAvg ThickStd MeanCurv GausCurv FoldInd CurvInd
caudalanteriorcingulate 1916 1205 3342 2.562 0.582 0.098 0.016 16 1.3
caudalmiddlefrontal 3477 2275 6541 2.633 0.468 0.104 0.019 28 2.6
cuneus 3207 2193 3844 1.710 0.437 0.143 0.034 42 4.4
entorhinal 466 293 1650 3.659 0.694 0.108 0.025 4 0.4
fusiform 4166 2822 8234 2.672 0.562 0.124 0.027 56 4.6
inferiorparietal 6693 4581 11559 2.300 0.516 0.125 0.025 75 6.8
inferiortemporal 3876 2700 9955 2.986 0.693 0.118 0.024 43 3.7
isthmuscingulate 1406 945 2293 2.295 0.755 0.140 0.034 24 1.9
lateraloccipital 7051 4723 10497 2.007 0.528 0.138 0.030 88 8.9
lateralorbitofrontal 3915 2726 7891 2.675 0.580 0.133 0.032 54 5.1
lingual 4709 3272 6446 1.887 0.575 0.144 0.036 62 7.0
medialorbitofrontal 2177 1555 4695 2.678 0.625 0.136 0.028 34 2.7
middletemporal 5744 3919 12551 2.728 0.660 0.118 0.022 63 5.5
parahippocampal 1077 643 2010 2.725 0.663 0.079 0.016 6 0.6
paracentral 2249 1436 3412 2.339 0.527 0.112 0.019 17 1.8
parsopercularis 1785 1194 3256 2.589 0.383 0.111 0.021 18 1.4
parsorbitalis 1045 687 2263 2.699 0.548 0.124 0.024 12 1.0
parstriangularis 2165 1431 3947 2.405 0.562 0.115 0.020 22 2.0
pericalcarine 2153 1487 2059 1.597 0.420 0.142 0.035 25 3.2
postcentral 8017 5187 11275 2.044 0.635 0.115 0.023 76 7.7
posteriorcingulate 1814 1231 2994 2.418 0.550 0.138 0.032 26 2.5
precentral 6813 4231 11410 2.478 0.491 0.102 0.019 52 5.1
precuneus 5228 3529 8102 2.213 0.518 0.122 0.026 56 5.8
rostralanteriorcingulate 1644 1132 3521 2.884 0.717 0.126 0.028 20 1.9
rostralmiddlefrontal 5745 3999 10789 2.377 0.582 0.128 0.026 73 6.2
superiorfrontal 11808 7939 24459 2.656 0.564 0.119 0.024 118 11.8
superiorparietal 6653 4449 9552 1.976 0.445 0.120 0.024 66 6.7
superiortemporal 7637 5070 17400 2.883 0.713 0.115 0.022 73 6.9
supramarginal 5208 3521 9770 2.540 0.492 0.122 0.025 51 5.2
transversetemporal 876 546 1577 2.526 0.396 0.132 0.030 10 1.0
insula 3354 2224 6581 3.004 0.626 0.103 0.023 25 3.0
