StructName NumVert SurfArea GrayVol ThickAvg ThickStd MeanCurv GausCurv FoldInd CurvInd
caudalanteriorcingulate 1956 1239 3662 2.558 0.684 0.098 0.018 16 1.5
caudalmiddlefrontal 3698 2436 7261 2.564 0.592 0.106 0.022 33 3.4
cuneus 3180 2242 3966 1.691 0.437 0.142 0.034 41 4.4
entorhinal 617 418 1725 2.904 1.040 0.140 0.044 10 1.0
fusiform 4217 2895 8892 2.697 0.694 0.130 0.033 58 5.7
inferiorparietal 6667 4649 12040 2.218 0.625 0.126 0.025 81 6.9
inferiortemporal 4123 2918 11103 2.898 0.819 0.122 0.029 49 4.8
isthmuscingulate 1376 961 2555 2.297 0.850 0.133 0.034 18 1.9
lateraloccipital 7061 4824 12168 2.107 0.646 0.138 0.033 110 9.0
lateralorbitofrontal 4058 2962 8898 2.677 0.778 0.139 0.038 58 6.5
lingual 4398 3259 7068 2.044 0.652 0.150 0.041 65 7.6
medialorbitofrontal 2424 1760 5282 2.503 0.732 0.135 0.034 39 3.3
middletemporal 5849 4036 14246 2.797 0.771 0.117 0.023 72 5.4
parahippocampal 1186 757 2027 2.354 0.813 0.118 0.040 14 2.1
paracentral 2441 1692 3938 2.256 0.566 0.125 0.033 23 3.3
parsopercularis 1758 1202 3322 2.493 0.479 0.112 0.025 17 1.6
parsorbitalis 1046 705 2446 2.731 0.591 0.124 0.024 13 1.1
parstriangularis 2267 1538 4642 2.466 0.772 0.117 0.025 25 2.1
pericalcarine 2003 1383 2395 1.897 0.590 0.128 0.032 20 2.7
postcentral 8236 5477 13165 2.152 0.687 0.119 0.031 86 9.6
posteriorcingulate 1865 1285 3435 2.424 0.732 0.136 0.034 25 2.5
precentral 6669 4322 12569 2.555 0.554 0.107 0.023 53 6.1
precuneus 5346 3758 9271 2.286 0.561 0.123 0.030 60 6.3
rostralanteriorcingulate 1700 1179 3464 2.648 0.771 0.130 0.036 23 2.3
rostralmiddlefrontal 5805 4051 11795 2.344 0.706 0.127 0.026 76 6.0
superiorfrontal 12350 8476 26936 2.634 0.664 0.121 0.027 132 12.8
superiorparietal 6446 4475 10272 2.036 0.494 0.122 0.025 70 6.4
superiortemporal 7677 5214 18792 2.960 0.768 0.116 0.025 75 7.9
supramarginal 5160 3556 9953 2.455 0.556 0.121 0.026 53 5.3
transversetemporal 798 549 1675 2.636 0.388 0.151 0.034 11 1.1
insula 3099 2159 6712 3.081 0.689 0.110 0.026 26 3.3
