StructName NumVert SurfArea GrayVol ThickAvg ThickStd MeanCurv GausCurv FoldInd CurvInd
caudalanteriorcingulate 1918 1203 3179 2.483 0.615 0.095 0.016 16 1.3
caudalmiddlefrontal 3533 2326 6390 2.573 0.404 0.105 0.020 29 2.9
cuneus 3330 2195 3638 1.619 0.371 0.139 0.031 42 4.2
entorhinal 588 376 1846 3.389 0.821 0.115 0.038 6 0.9
fusiform 3984 2740 8087 2.755 0.622 0.129 0.030 51 5.1
inferiorparietal 6676 4461 11107 2.299 0.512 0.123 0.025 77 6.5
inferiortemporal 4113 2879 11025 3.060 0.681 0.123 0.026 48 4.3
isthmuscingulate 1364 933 2163 2.205 0.835 0.142 0.036 22 2.0
lateraloccipital 7205 4773 10824 2.011 0.578 0.137 0.029 91 8.8
lateralorbitofrontal 3948 2740 8056 2.756 0.638 0.137 0.036 51 5.5
lingual 4753 3343 6271 1.837 0.590 0.150 0.040 68 8.1
medialorbitofrontal 2283 1632 4851 2.615 0.733 0.139 0.038 36 3.7
middletemporal 5776 3951 13214 2.845 0.639 0.120 0.022 66 5.2
parahippocampal 978 592 1823 2.667 0.650 0.082 0.019 6 0.7
paracentral 2215 1409 3411 2.321 0.502 0.115 0.023 19 2.2
parsopercularis 1762 1163 3155 2.587 0.460 0.112 0.023 16 1.6
parsorbitalis 1084 717 2368 2.780 0.580 0.126 0.027 13 1.1
parstriangularis 2235 1453 4128 2.508 0.586 0.115 0.020 23 1.9
pericalcarine 2239 1512 2096 1.574 0.422 0.137 0.033 24 3.2
postcentral 8123 5231 11422 2.070 0.657 0.115 0.024 76 8.1
posteriorcingulate 1729 1184 2977 2.454 0.536 0.140 0.034 23 2.6
precentral 6621 4171 11459 2.516 0.532 0.106 0.021 55 5.5
precuneus 5304 3580 8503 2.275 0.495 0.123 0.026 57 6.0
rostralanteriorcingulate 1664 1135 3366 2.724 0.731 0.129 0.030 22 2.0
rostralmiddlefrontal 5714 4039 10768 2.405 0.510 0.130 0.027 72 6.3
superiorfrontal 11799 8067 24833 2.669 0.544 0.121 0.025 121 12.7
superiorparietal 6751 4410 9505 2.013 0.450 0.118 0.022 66 6.3
superiortemporal 7547 5030 18004 3.017 0.728 0.117 0.024 75 7.7
supramarginal 5276 3598 9752 2.523 0.496 0.126 0.026 53 5.7
transversetemporal 890 535 1573 2.521 0.434 0.125 0.030 9 0.9
insula 3307 2251 6804 3.115 0.650 0.111 0.025 29 3.4
