StructName NumVert SurfArea GrayVol ThickAvg ThickStd MeanCurv GausCurv FoldInd CurvInd
caudalanteriorcingulate 1858 1182 3163 2.537 0.566 0.099 0.016 16 1.3
caudalmiddlefrontal 3446 2288 6522 2.622 0.458 0.105 0.020 28 2.7
cuneus 3298 2222 3709 1.659 0.365 0.141 0.031 41 4.2
entorhinal 508 326 1518 3.312 0.923 0.100 0.024 3 0.4
fusiform 4007 2735 8163 2.763 0.551 0.125 0.028 50 4.4
inferiorparietal 6618 4479 11484 2.332 0.498 0.125 0.025 77 6.5
inferiortemporal 4072 2916 10754 2.979 0.688 0.126 0.027 49 4.6
isthmuscingulate 1314 913 2244 2.330 0.787 0.135 0.031 18 1.6
lateraloccipital 7094 4804 11450 2.100 0.557 0.139 0.029 94 8.7
lateralorbitofrontal 4030 2783 8335 2.748 0.568 0.133 0.034 53 5.6
lingual 4526 3242 6314 1.905 0.604 0.147 0.036 61 6.8
medialorbitofrontal 2230 1640 4832 2.581 0.653 0.138 0.033 34 3.4
middletemporal 5591 3922 12938 2.815 0.635 0.123 0.024 68 5.4
parahippocampal 979 604 1825 2.635 0.685 0.087 0.022 7 0.7
paracentral 2281 1477 3548 2.325 0.511 0.115 0.021 18 2.0
parsopercularis 1755 1178 3219 2.589 0.428 0.110 0.021 16 1.4
parsorbitalis 1086 731 2356 2.707 0.547 0.122 0.024 12 1.0
parstriangularis 2128 1448 4126 2.498 0.581 0.118 0.021 22 1.9
pericalcarine 2146 1459 1981 1.543 0.419 0.139 0.033 24 2.9
postcentral 7873 5202 11782 2.116 0.683 0.117 0.024 77 7.7
posteriorcingulate 1766 1214 3115 2.508 0.507 0.136 0.030 22 2.4
precentral 6736 4254 11820 2.522 0.558 0.105 0.021 54 5.5
precuneus 5325 3610 8533 2.280 0.502 0.123 0.026 54 5.8
rostralanteriorcingulate 1670 1149 3564 2.818 0.679 0.131 0.031 25 2.1
rostralmiddlefrontal 5857 4144 11251 2.427 0.485 0.131 0.027 83 6.8
superiorfrontal 11831 8116 24953 2.689 0.545 0.121 0.024 124 12.0
superiorparietal 6702 4479 9932 2.063 0.436 0.120 0.022 68 6.2
superiortemporal 7521 5108 18137 2.989 0.736 0.119 0.023 75 7.5
supramarginal 5257 3604 9909 2.536 0.484 0.124 0.025 52 5.7
transversetemporal 834 531 1588 2.562 0.370 0.134 0.029 10 1.0
insula 3325 2247 6761 3.102 0.661 0.110 0.025 27 3.6
