StructName NumVert SurfArea GrayVol ThickAvg ThickStd MeanCurv GausCurv FoldInd CurvInd
caudalanteriorcingulate 1958 1233 3399 2.573 0.627 0.097 0.014 17 1.2
caudalmiddlefrontal 3511 2317 6251 2.527 0.399 0.105 0.018 31 2.6
cuneus 3279 2195 3627 1.633 0.375 0.139 0.030 41 4.2
entorhinal 566 326 1832 3.520 1.019 0.092 0.030 8 0.6
fusiform 4151 2768 8437 2.822 0.576 0.119 0.023 52 4.0
inferiorparietal 6718 4584 11391 2.302 0.493 0.124 0.024 75 6.5
inferiortemporal 4093 2813 10889 3.100 0.711 0.115 0.023 44 3.7
isthmuscingulate 1283 900 2253 2.383 0.786 0.149 0.039 21 2.2
lateraloccipital 7248 4768 10898 2.034 0.571 0.136 0.030 93 9.3
lateralorbitofrontal 4080 2762 8156 2.718 0.618 0.126 0.032 54 5.4
lingual 4863 3393 6531 1.886 0.656 0.147 0.036 67 7.6
medialorbitofrontal 2331 1582 4724 2.556 0.683 0.131 0.030 35 2.9
middletemporal 5660 3885 13027 2.875 0.637 0.117 0.021 64 4.8
parahippocampal 1104 643 2161 2.837 0.680 0.082 0.018 6 0.7
paracentral 2291 1426 3398 2.317 0.494 0.108 0.018 18 1.6
parsopercularis 1754 1169 3134 2.559 0.429 0.108 0.020 15 1.5
parsorbitalis 1087 714 2352 2.770 0.503 0.120 0.021 12 0.9
parstriangularis 2203 1477 4116 2.481 0.531 0.117 0.020 24 2.0
pericalcarine 2151 1450 2057 1.613 0.491 0.137 0.035 27 3.1
postcentral 7946 5169 11396 2.081 0.652 0.114 0.022 78 7.4
posteriorcingulate 1775 1219 3096 2.454 0.644 0.133 0.029 24 2.2
precentral 6477 4173 11410 2.530 0.522 0.103 0.019 52 5.0
precuneus 5230 3539 8391 2.323 0.511 0.120 0.024 53 5.5
rostralanteriorcingulate 1654 1139 3416 2.794 0.713 0.127 0.025 19 1.8
rostralmiddlefrontal 5683 4038 10698 2.374 0.532 0.128 0.025 77 5.7
superiorfrontal 11839 8055 24610 2.667 0.542 0.118 0.023 131 11.3
superiorparietal 6685 4452 9942 2.075 0.422 0.120 0.022 69 6.0
superiortemporal 7523 5037 17955 3.022 0.738 0.115 0.021 75 6.6
supramarginal 5175 3602 9599 2.533 0.471 0.128 0.027 57 5.8
transversetemporal 858 547 1611 2.571 0.495 0.132 0.029 10 1.0
insula 3256 2201 6705 3.128 0.689 0.107 0.023 28 2.9
