StructName NumVert SurfArea GrayVol ThickAvg ThickStd MeanCurv GausCurv FoldInd CurvInd
caudalanteriorcingulate 1862 1180 3180 2.533 0.537 0.096 0.015 14 1.2
caudalmiddlefrontal 3701 2435 6691 2.530 0.447 0.104 0.019 30 2.8
cuneus 3210 2185 3640 1.646 0.389 0.142 0.032 41 4.3
entorhinal 553 342 1704 3.358 0.886 0.109 0.039 5 1.0
fusiform 3850 2652 7712 2.713 0.562 0.124 0.027 47 4.1
inferiorparietal 6704 4573 11696 2.332 0.522 0.124 0.024 76 6.4
inferiortemporal 4086 2871 10994 3.037 0.685 0.123 0.025 50 4.4
isthmuscingulate 1363 929 2299 2.309 0.841 0.138 0.032 20 1.9
lateraloccipital 7169 4824 11082 2.046 0.563 0.138 0.029 93 9.0
lateralorbitofrontal 4041 2796 8158 2.718 0.592 0.132 0.032 50 5.2
lingual 4604 3275 6256 1.871 0.604 0.146 0.036 61 6.7
medialorbitofrontal 2299 1662 4663 2.521 0.651 0.139 0.035 45 3.2
middletemporal 5729 3963 12835 2.787 0.623 0.120 0.022 66 5.0
parahippocampal 1000 612 1886 2.660 0.672 0.082 0.019 6 0.6
paracentral 2256 1430 3575 2.355 0.544 0.110 0.019 17 1.9
parsopercularis 1689 1149 3053 2.509 0.395 0.114 0.023 16 1.5
parsorbitalis 1081 710 2353 2.789 0.603 0.122 0.023 12 1.0
parstriangularis 2159 1456 4062 2.455 0.567 0.118 0.021 23 1.9
pericalcarine 2177 1483 2056 1.585 0.470 0.139 0.033 25 3.1
postcentral 8132 5307 11643 2.074 0.655 0.117 0.023 80 8.1
posteriorcingulate 1795 1250 3025 2.463 0.503 0.136 0.031 22 2.5
precentral 6650 4220 11435 2.488 0.515 0.104 0.019 50 5.3
precuneus 5412 3699 8600 2.259 0.526 0.124 0.025 57 5.7
rostralanteriorcingulate 1642 1115 3333 2.745 0.765 0.131 0.032 27 2.1
rostralmiddlefrontal 5544 3950 10529 2.406 0.513 0.130 0.026 68 5.9
superiorfrontal 11827 8155 24724 2.650 0.558 0.121 0.026 122 12.5
superiorparietal 6599 4434 9712 2.033 0.423 0.121 0.023 71 6.1
superiortemporal 7588 5076 17628 2.981 0.706 0.115 0.022 71 6.9
supramarginal 5211 3546 9915 2.588 0.471 0.122 0.024 53 5.3
transversetemporal 861 553 1602 2.567 0.437 0.138 0.027 10 0.9
insula 3270 2258 6668 3.049 0.664 0.111 0.024 27 3.2
